DGM_1M_UPPER_AUSTRIA/0/28.asc
NCOLS 100
NROWS 100
XLLCORNER 6.0150500000e+04
YLLCORNER 2.9248850000e+05
CELLSIZE 1.0000000000e+00
NODATA_VALUE -9.9990000000e+03
[rows 0 to 19 of 100, columns 46 to 91 of 100]
6.2759997559e+02 6.2800000000e+02 6.2850000000e+02 6.2890002441e+02 6.2940002441e+02 6.2990002441e+02 6.3059997559e+02 6.3140002441e+02 6.3229998779e+02 6.3309997559e+02 6.3400000000e+02 6.3500000000e+02 6.3609997559e+02 6.3740002441e+02 6.3850000000e+02 6.3920001221e+02 6.3970001221e+02 6.4059997559e+02 6.4159997559e+02 6.4220001221e+02 6.4279998779e+02 6.4350000000e+02 6.4409997559e+02 6.4470001221e+02 6.4529998779e+02 6.4600000000e+02 6.4670001221e+02 6.4740002441e+02 6.4820001221e+02 6.4890002441e+02 6.4959997559e+02 6.5020001221e+02 6.5090002441e+02 6.5140002441e+02 6.5200000000e+02 6.5259997559e+02 6.5320001221e+02 6.5379998779e+02 6.5450000000e+02 6.5529998779e+02 6.5629998779e+02 6.5720001221e+02 6.5809997559e+02 6.5900000000e+02 6.5990002441e+02 6.6070001221e+02
6.2729998779e+02 6.2790002441e+02 6.2840002441e+02 6.2890002441e+02 6.2950000000e+02 6.3000000000e+02 6.3070001221e+02 6.3150000000e+02 6.3240002441e+02 6.3329998779e+02 6.3429998779e+02 6.3520001221e+02 6.3629998779e+02 6.3770001221e+02 6.3870001221e+02 6.3929998779e+02 6.3979998779e+02 6.4059997559e+02 6.4140002441e+02 6.4200000000e+02 6.4259997559e+02 6.4320001221e+02 6.4379998779e+02 6.4450000000e+02 6.4520001221e+02 6.4590002441e+02 6.4659997559e+02 6.4729998779e+02 6.4809997559e+02 6.4879998779e+02 6.4950000000e+02 6.5020001221e+02 6.5079998779e+02 6.5140002441e+02 6.5200000000e+02 6.5250000000e+02 6.5309997559e+02 6.5370001221e+02 6.5440002441e+02 6.5520001221e+02 6.5629998779e+02 6.5729998779e+02 6.5840002441e+02 6.5940002441e+02 6.6020001221e+02 6.6100000000e+02
6.2729998779e+02 6.2800000000e+02 6.2850000000e+02 6.2900000000e+02 6.2959997559e+02 6.3029998779e+02 6.3100000000e+02 6.3170001221e+02 6.3259997559e+02 6.3350000000e+02 6.3450000000e+02 6.3550000000e+02 6.3659997559e+02 6.3790002441e+02 6.3879998779e+02 6.3929998779e+02 6.3979998779e+02 6.4059997559e+02 6.4140002441e+02 6.4190002441e+02 6.4250000000e+02 6.4309997559e+02 6.4370001221e+02 6.4429998779e+02 6.4509997559e+02 6.4579998779e+02 6.4650000000e+02 6.4720001221e+02 6.4790002441e+02 6.4859997559e+02 6.4940002441e+02 6.5000000000e+02 6.5059997559e+02 6.5120001221e+02 6.5190002441e+02 6.5240002441e+02 6.5290002441e+02 6.5359997559e+02 6.5420001221e+02 6.5509997559e+02 6.5609997559e+02 6.5729998779e+02 6.5850000000e+02 6.5959997559e+02 6.6040002441e+02 6.6109997559e+02
6.2740002441e+02 6.2809997559e+02 6.2859997559e+02 6.2920001221e+02 6.2979998779e+02 6.3050000000e+02 6.3120001221e+02 6.3190002441e+02 6.3270001221e+02 6.3370001221e+02 6.3470001221e+02 6.3559997559e+02 6.3659997559e+02 6.3790002441e+02 6.3879998779e+02 6.3929998779e+02 6.3990002441e+02 6.4059997559e+02 6.4120001221e+02 6.4170001221e+02 6.4229998779e+02 6.4290002441e+02 6.4350000000e+02 6.4420001221e+02 6.4490002441e+02 6.4559997559e+02 6.4629998779e+02 6.4690002441e+02 6.4759997559e+02 6.4840002441e+02 6.4900000000e+02 6.4959997559e+02 6.5020001221e+02 6.5079998779e+02 6.5150000000e+02 6.5209997559e+02 6.5270001221e+02 6.5340002441e+02 6.5409997559e+02 6.5479998779e+02 6.5579998779e+02 6.5700000000e+02 6.5820001221e+02 6.5929998779e+02 6.6000000000e+02 6.6059997559e+02
6.2759997559e+02 6.2829998779e+02 6.2870001221e+02 6.2920001221e+02 6.2990002441e+02 6.3070001221e+02 6.3140002441e+02 6.3220001221e+02 6.3300000000e+02 6.3390002441e+02 6.3490002441e+02 6.3579998779e+02 6.3670001221e+02 6.3790002441e+02 6.3879998779e+02 6.3929998779e+02 6.4000000000e+02 6.4059997559e+02 6.4100000000e+02 6.4150000000e+02 6.4209997559e+02 6.4270001221e+02 6.4340002441e+02 6.4400000000e+02 6.4470001221e+02 6.4540002441e+02 6.4600000000e+02 6.4659997559e+02 6.4720001221e+02 6.4790002441e+02 6.4850000000e+02 6.4920001221e+02 6.4979998779e+02 6.5040002441e+02 6.5109997559e+02 6.5170001221e+02 6.5240002441e+02 6.5300000000e+02 6.5370001221e+02 6.5450000000e+02 6.5550000000e+02 6.5659997559e+02 6.5770001221e+02 6.5859997559e+02 6.5929998779e+02 6.5979998779e+02
6.2770001221e+02 6.2829998779e+02 6.2879998779e+02 6.2940002441e+02 6.3009997559e+02 6.3090002441e+02 6.3170001221e+02 6.3240002441e+02 6.3320001221e+02 6.3409997559e+02 6.3509997559e+02 6.3600000000e+02 6.3690002441e+02 6.3800000000e+02 6.3879998779e+02 6.3929998779e+02 6.3990002441e+02 6.4040002441e+02 6.4079998779e+02 6.4129998779e+02 6.4179998779e+02 6.4250000000e+02 6.4320001221e+02 6.4390002441e+02 6.4450000000e+02 6.4509997559e+02 6.4570001221e+02 6.4629998779e+02 6.4679998779e+02 6.4740002441e+02 6.4800000000e+02 6.4870001221e+02 6.4940002441e+02 6.5000000000e+02 6.5059997559e+02 6.5129998779e+02 6.5200000000e+02 6.5259997559e+02 6.5329998779e+02 6.5409997559e+02 6.5500000000e+02 6.5590002441e+02 6.5690002441e+02 6.5770001221e+02 6.5840002441e+02 6.5890002441e+02
6.2779998779e+02 6.2840002441e+02 6.2900000000e+02 6.2959997559e+02 6.3029998779e+02 6.3109997559e+02 6.3190002441e+02 6.3270001221e+02 6.3350000000e+02 6.3450000000e+02 6.3550000000e+02 6.3629998779e+02 6.3720001221e+02 6.3820001221e+02 6.3879998779e+02 6.3920001221e+02 6.3959997559e+02 6.4009997559e+02 6.4059997559e+02 6.4100000000e+02 6.4159997559e+02 6.4220001221e+02 6.4290002441e+02 6.4359997559e+02 6.4420001221e+02 6.4479998779e+02 6.4540002441e+02 6.4600000000e+02 6.4650000000e+02 6.4700000000e+02 6.4759997559e+02 6.4820001221e+02 6.4890002441e+02 6.4950000000e+02 6.5009997559e+02 6.5070001221e+02 6.5140002441e+02 6.5209997559e+02 6.5279998779e+02 6.5350000000e+02 6.5440002441e+02 6.5520001221e+02 6.5609997559e+02 6.5679998779e+02 6.5740002441e+02 6.5800000000e+02
6.2790002441e+02 6.2859997559e+02 6.2920001221e+02 6.2979998779e+02 6.3059997559e+02 6.3140002441e+02 6.3209997559e+02 6.3300000000e+02 6.3400000000e+02 6.3500000000e+02 6.3600000000e+02 6.3670001221e+02 6.3750000000e+02 6.3829998779e+02 6.3879998779e+02 6.3909997559e+02 6.3940002441e+02 6.3990002441e+02 6.4029998779e+02 6.4079998779e+02 6.4140002441e+02 6.4200000000e+02 6.4270001221e+02 6.4329998779e+02 6.4390002441e+02 6.4459997559e+02 6.4520001221e+02 6.4579998779e+02 6.4620001221e+02 6.4670001221e+02 6.4720001221e+02 6.4779998779e+02 6.4840002441e+02 6.4900000000e+02 6.4959997559e+02 6.5020001221e+02 6.5090002441e+02 6.5159997559e+02 6.5220001221e+02 6.5290002441e+02 6.5370001221e+02 6.5440002441e+02 6.5520001221e+02 6.5590002441e+02 6.5650000000e+02 6.5700000000e+02
6.2809997559e+02 6.2870001221e+02 6.2940002441e+02 6.3009997559e+02 6.3090002441e+02 6.3159997559e+02 6.3240002441e+02 6.3329998779e+02 6.3429998779e+02 6.3529998779e+02 6.3629998779e+02 6.3709997559e+02 6.3779998779e+02 6.3840002441e+02 6.3879998779e+02 6.3900000000e+02 6.3929998779e+02 6.3970001221e+02 6.4020001221e+02 6.4070001221e+02 6.4120001221e+02 6.4179998779e+02 6.4250000000e+02 6.4309997559e+02 6.4370001221e+02 6.4429998779e+02 6.4500000000e+02 6.4550000000e+02 6.4590002441e+02 6.4640002441e+02 6.4679998779e+02 6.4729998779e+02 6.4790002441e+02 6.4840002441e+02 6.4900000000e+02 6.4959997559e+02 6.5029998779e+02 6.5100000000e+02 6.5159997559e+02 6.5229998779e+02 6.5300000000e+02 6.5359997559e+02 6.5440002441e+02 6.5509997559e+02 6.5559997559e+02 6.5620001221e+02
6.2820001221e+02 6.2890002441e+02 6.2959997559e+02 6.3029998779e+02 6.3109997559e+02 6.3179998779e+02 6.3259997559e+02 6.3359997559e+02 6.3450000000e+02 6.3550000000e+02 6.3640002441e+02 6.3720001221e+02 6.3779998779e+02 6.3840002441e+02 6.3870001221e+02 6.3900000000e+02 6.3909997559e+02 6.3950000000e+02 6.4000000000e+02 6.4050000000e+02 6.4100000000e+02 6.4159997559e+02 6.4229998779e+02 6.4290002441e+02 6.4350000000e+02 6.4409997559e+02 6.4470001221e+02 6.4520001221e+02 6.4559997559e+02 6.4600000000e+02 6.4640002441e+02 6.4690002441e+02 6.4740002441e+02 6.4790002441e+02 6.4840002441e+02 6.4900000000e+02 6.4970001221e+02 6.5029998779e+02 6.5100000000e+02 6.5170001221e+02 6.5229998779e+02 6.5290002441e+02 6.5359997559e+02 6.5429998779e+02 6.5500000000e+02 6.5540002441e+02
6.2840002441e+02 6.2909997559e+02 6.2979998779e+02 6.3040002441e+02 6.3109997559e+02 6.3179998779e+02 6.3270001221e+02 6.3370001221e+02 6.3459997559e+02 6.3550000000e+02 6.3629998779e+02 6.3709997559e+02 6.3770001221e+02 6.3829998779e+02 6.3870001221e+02 6.3890002441e+02 6.3900000000e+02 6.3929998779e+02 6.3979998779e+02 6.4029998779e+02 6.4079998779e+02 6.4150000000e+02 6.4200000000e+02 6.4270001221e+02 6.4320001221e+02 6.4379998779e+02 6.4429998779e+02 6.4479998779e+02 6.4520001221e+02 6.4559997559e+02 6.4600000000e+02 6.4640002441e+02 6.4679998779e+02 6.4740002441e+02 6.4790002441e+02 6.4850000000e+02 6.4909997559e+02 6.4979998779e+02 6.5040002441e+02 6.5109997559e+02 6.5179998779e+02 6.5229998779e+02 6.5290002441e+02 6.5359997559e+02 6.5420001221e+02 6.5470001221e+02
6.2850000000e+02 6.2920001221e+02 6.2979998779e+02 6.3040002441e+02 6.3100000000e+02 6.3179998779e+02 6.3259997559e+02 6.3350000000e+02 6.3450000000e+02 6.3529998779e+02 6.3609997559e+02 6.3679998779e+02 6.3750000000e+02 6.3820001221e+02 6.3850000000e+02 6.3879998779e+02 6.3890002441e+02 6.3909997559e+02 6.3950000000e+02 6.4000000000e+02 6.4050000000e+02 6.4120001221e+02 6.4170001221e+02 6.4229998779e+02 6.4279998779e+02 6.4340002441e+02 6.4390002441e+02 6.4440002441e+02 6.4479998779e+02 6.4520001221e+02 6.4550000000e+02 6.4590002441e+02 6.4629998779e+02 6.4679998779e+02 6.4740002441e+02 6.4790002441e+02 6.4850000000e+02 6.4920001221e+02 6.4979998779e+02 6.5050000000e+02 6.5120001221e+02 6.5179998779e+02 6.5229998779e+02 6.5290002441e+02 6.5340002441e+02 6.5400000000e+02
6.2840002441e+02 6.2929998779e+02 6.2990002441e+02 6.3040002441e+02 6.3090002441e+02 6.3159997559e+02 6.3240002441e+02 6.3329998779e+02 6.3420001221e+02 6.3500000000e+02 6.3579998779e+02 6.3659997559e+02 6.3729998779e+02 6.3800000000e+02 6.3829998779e+02 6.3859997559e+02 6.3870001221e+02 6.3890002441e+02 6.3920001221e+02 6.3959997559e+02 6.4009997559e+02 6.4070001221e+02 6.4129998779e+02 6.4190002441e+02 6.4240002441e+02 6.4290002441e+02 6.4340002441e+02 6.4390002441e+02 6.4440002441e+02 6.4479998779e+02 6.4509997559e+02 6.4550000000e+02 6.4590002441e+02 6.4640002441e+02 6.4690002441e+02 6.4740002441e+02 6.4800000000e+02 6.4859997559e+02 6.4920001221e+02 6.4990002441e+02 6.5050000000e+02 6.5109997559e+02 6.5159997559e+02 6.5209997559e+02 6.5270001221e+02 6.5320001221e+02
6.2820001221e+02 6.2909997559e+02 6.2979998779e+02 6.3040002441e+02 6.3090002441e+02 6.3150000000e+02 6.3220001221e+02 6.3290002441e+02 6.3379998779e+02 6.3479998779e+02 6.3559997559e+02 6.3629998779e+02 6.3709997559e+02 6.3770001221e+02 6.3809997559e+02 6.3840002441e+02 6.3859997559e+02 6.3859997559e+02 6.3879998779e+02 6.3909997559e+02 6.3959997559e+02 6.4029998779e+02 6.4090002441e+02 6.4140002441e+02 6.4190002441e+02 6.4240002441e+02 6.4290002441e+02 6.4340002441e+02 6.4390002441e+02 6.4440002441e+02 6.4470001221e+02 6.4509997559e+02 6.4550000000e+02 6.4590002441e+02 6.4640002441e+02 6.4700000000e+02 6.4750000000e+02 6.4809997559e+02 6.4870001221e+02 6.4929998779e+02 6.4990002441e+02 6.5050000000e+02 6.5090002441e+02 6.5140002441e+02 6.5190002441e+02 6.5250000000e+02
6.2800000000e+02 6.2890002441e+02 6.2959997559e+02 6.3020001221e+02 6.3079998779e+02 6.3140002441e+02 6.3200000000e+02 6.3270001221e+02 6.3359997559e+02 6.3459997559e+02 6.3540002441e+02 6.3620001221e+02 6.3690002441e+02 6.3750000000e+02 6.3790002441e+02 6.3820001221e+02 6.3840002441e+02 6.3850000000e+02 6.3850000000e+02 6.3859997559e+02 6.3909997559e+02 6.3990002441e+02 6.4050000000e+02 6.4100000000e+02 6.4150000000e+02 6.4190002441e+02 6.4229998779e+02 6.4279998779e+02 6.4329998779e+02 6.4379998779e+02 6.4429998779e+02 6.4470001221e+02 6.4520001221e+02 6.4559997559e+02 6.4600000000e+02 6.4650000000e+02 6.4709997559e+02 6.4759997559e+02 6.4820001221e+02 6.4870001221e+02 6.4929998779e+02 6.4979998779e+02 6.5029998779e+02 6.5070001221e+02 6.5120001221e+02 6.5179998779e+02
6.2779998779e+02 6.2870001221e+02 6.2950000000e+02 6.3000000000e+02 6.3070001221e+02 6.3129998779e+02 6.3200000000e+02 6.3270001221e+02 6.3359997559e+02 6.3440002441e+02 6.3520001221e+02 6.3600000000e+02 6.3670001221e+02 6.3729998779e+02 6.3770001221e+02 6.3800000000e+02 6.3820001221e+02 6.3829998779e+02 6.3829998779e+02 6.3840002441e+02 6.3879998779e+02 6.3950000000e+02 6.4009997559e+02 6.4050000000e+02 6.4090002441e+02 6.4129998779e+02 6.4170001221e+02 6.4220001221e+02 6.4270001221e+02 6.4320001221e+02 6.4379998779e+02 6.4429998779e+02 6.4470001221e+02 6.4520001221e+02 6.4559997559e+02 6.4609997559e+02 6.4659997559e+02 6.4709997559e+02 6.4759997559e+02 6.4809997559e+02 6.4870001221e+02 6.4929998779e+02 6.4979998779e+02 6.5020001221e+02 6.5079998779e+02 6.5129998779e+02
6.2779998779e+02 6.2859997559e+02 6.2920001221e+02 6.2990002441e+02 6.3059997559e+02 6.3140002441e+02 6.3209997559e+02 6.3279998779e+02 6.3359997559e+02 6.3429998779e+02 6.3509997559e+02 6.3590002441e+02 6.3659997559e+02 6.3709997559e+02 6.3750000000e+02 6.3770001221e+02 6.3790002441e+02 6.3809997559e+02 6.3809997559e+02 6.3820001221e+02 6.3850000000e+02 6.3909997559e+02 6.3959997559e+02 6.4000000000e+02 6.4040002441e+02 6.4079998779e+02 6.4120001221e+02 6.4170001221e+02 6.4209997559e+02 6.4270001221e+02 6.4329998779e+02 6.4379998779e+02 6.4429998779e+02 6.4470001221e+02 6.4520001221e+02 6.4570001221e+02 6.4609997559e+02 6.4659997559e+02 6.4700000000e+02 6.4750000000e+02 6.4820001221e+02 6.4879998779e+02 6.4929998779e+02 6.4970001221e+02 6.5020001221e+02 6.5079998779e+02
6.2759997559e+02 6.2840002441e+02 6.2909997559e+02 6.2979998779e+02 6.3070001221e+02 6.3150000000e+02 6.3220001221e+02 6.3290002441e+02 6.3359997559e+02 6.3429998779e+02 6.3500000000e+02 6.3570001221e+02 6.3640002441e+02 6.3690002441e+02 6.3729998779e+02 6.3750000000e+02 6.3770001221e+02 6.3790002441e+02 6.3800000000e+02 6.3800000000e+02 6.3820001221e+02 6.3870001221e+02 6.3909997559e+02 6.3950000000e+02 6.3990002441e+02 6.4029998779e+02 6.4070001221e+02 6.4109997559e+02 6.4150000000e+02 6.4209997559e+02 6.4279998779e+02 6.4329998779e+02 6.4370001221e+02 6.4420001221e+02 6.4470001221e+02 6.4520001221e+02 6.4559997559e+02 6.4600000000e+02 6.4650000000e+02 6.4709997559e+02 6.4770001221e+02 6.4829998779e+02 6.4870001221e+02 6.4920001221e+02 6.4970001221e+02 6.5029998779e+02
6.2750000000e+02 6.2829998779e+02 6.2909997559e+02 6.2990002441e+02 6.3070001221e+02 6.3159997559e+02 6.3240002441e+02 6.3300000000e+02 6.3370001221e+02 6.3440002441e+02 6.3500000000e+02 6.3559997559e+02 6.3620001221e+02 6.3670001221e+02 6.3700000000e+02 6.3729998779e+02 6.3750000000e+02 6.3770001221e+02 6.3779998779e+02 6.3779998779e+02 6.3800000000e+02 6.3820001221e+02 6.3859997559e+02 6.3900000000e+02 6.3940002441e+02 6.3979998779e+02 6.4020001221e+02 6.4059997559e+02 6.4109997559e+02 6.4159997559e+02 6.4229998779e+02 6.4279998779e+02 6.4320001221e+02 6.4370001221e+02 6.4420001221e+02 6.4470001221e+02 6.4509997559e+02 6.4559997559e+02 6.4609997559e+02 6.4659997559e+02 6.4729998779e+02 6.4779998779e+02 6.4820001221e+02 6.4859997559e+02 6.4920001221e+02 6.4990002441e+02
6.2750000000e+02 6.2829998779e+02 6.2920001221e+02 6.2990002441e+02 6.3070001221e+02 6.3170001221e+02 6.3250000000e+02 6.3309997559e+02 6.3379998779e+02 6.3450000000e+02 6.3509997559e+02 6.3559997559e+02 6.3609997559e+02 6.3650000000e+02 6.3679998779e+02 6.3709997559e+02 6.3729998779e+02 6.3750000000e+02 6.3759997559e+02 6.3759997559e+02 6.3770001221e+02 6.3790002441e+02 6.3820001221e+02 6.3859997559e+02 6.3900000000e+02 6.3940002441e+02 6.3970001221e+02 6.4009997559e+02 6.4059997559e+02 6.4120001221e+02 6.4170001221e+02 6.4220001221e+02 6.4270001221e+02 6.4329998779e+02 6.4390002441e+02 6.4440002441e+02 6.4479998779e+02 6.4520001221e+02 6.4570001221e+02 6.4629998779e+02 6.4690002441e+02 6.4740002441e+02 6.4779998779e+02 6.4820001221e+02 6.4879998779e+02 6.4950000000e+02
