DGM_1M_UPPER_AUSTRIA/0/28.asc
NCOLS 100
NROWS 100
XLLCORNER 6.0150500000e+04
YLLCORNER 2.9248850000e+05
CELLSIZE 1.0000000000e+00
NODATA_VALUE -9.9990000000e+03
[rows 60 to 79 of 100, columns 0 to 45 of 100]
6.2059997559e+02 6.2059997559e+02 6.2050000000e+02 6.2050000000e+02 6.2050000000e+02 6.2050000000e+02 6.2050000000e+02 6.2040002441e+02 6.2029998779e+02 6.2029998779e+02 6.2029998779e+02 6.2029998779e+02 6.2029998779e+02 6.2029998779e+02 6.2040002441e+02 6.2050000000e+02 6.2070001221e+02 6.2090002441e+02 6.2109997559e+02 6.2150000000e+02 6.2190002441e+02 6.2209997559e+02 6.2209997559e+02 6.2170001221e+02 6.2100000000e+02 6.2000000000e+02 6.1890002441e+02 6.1800000000e+02 6.1750000000e+02 6.1720001221e+02 6.1720001221e+02 6.1720001221e+02 6.1740002441e+02 6.1800000000e+02 6.1879998779e+02 6.1950000000e+02 6.2009997559e+02 6.2040002441e+02 6.2040002441e+02 6.2040002441e+02 6.2040002441e+02 6.2059997559e+02 6.2090002441e+02 6.2140002441e+02 6.2159997559e+02 6.2159997559e+02
6.2059997559e+02 6.2050000000e+02 6.2050000000e+02 6.2040002441e+02 6.2050000000e+02 6.2040002441e+02 6.2040002441e+02 6.2040002441e+02 6.2040002441e+02 6.2029998779e+02 6.2029998779e+02 6.2029998779e+02 6.2029998779e+02 6.2029998779e+02 6.2040002441e+02 6.2050000000e+02 6.2070001221e+02 6.2090002441e+02 6.2109997559e+02 6.2140002441e+02 6.2159997559e+02 6.2179998779e+02 6.2159997559e+02 6.2120001221e+02 6.2059997559e+02 6.1970001221e+02 6.1890002441e+02 6.1800000000e+02 6.1729998779e+02 6.1700000000e+02 6.1690002441e+02 6.1690002441e+02 6.1720001221e+02 6.1779998779e+02 6.1859997559e+02 6.1940002441e+02 6.1990002441e+02 6.2029998779e+02 6.2040002441e+02 6.2040002441e+02 6.2040002441e+02 6.2050000000e+02 6.2070001221e+02 6.2120001221e+02 6.2159997559e+02 6.2159997559e+02
6.2059997559e+02 6.2050000000e+02 6.2050000000e+02 6.2040002441e+02 6.2040002441e+02 6.2040002441e+02 6.2029998779e+02 6.2029998779e+02 6.2040002441e+02 6.2029998779e+02 6.2029998779e+02 6.2029998779e+02 6.2029998779e+02 6.2029998779e+02 6.2040002441e+02 6.2050000000e+02 6.2070001221e+02 6.2079998779e+02 6.2100000000e+02 6.2109997559e+02 6.2129998779e+02 6.2140002441e+02 6.2120001221e+02 6.2070001221e+02 6.2009997559e+02 6.1940002441e+02 6.1850000000e+02 6.1770001221e+02 6.1709997559e+02 6.1679998779e+02 6.1670001221e+02 6.1670001221e+02 6.1700000000e+02 6.1770001221e+02 6.1840002441e+02 6.1909997559e+02 6.1970001221e+02 6.2020001221e+02 6.2040002441e+02 6.2040002441e+02 6.2040002441e+02 6.2040002441e+02 6.2050000000e+02 6.2090002441e+02 6.2140002441e+02 6.2150000000e+02
6.2059997559e+02 6.2050000000e+02 6.2050000000e+02 6.2050000000e+02 6.2040002441e+02 6.2040002441e+02 6.2040002441e+02 6.2029998779e+02 6.2029998779e+02 6.2029998779e+02 6.2029998779e+02 6.2029998779e+02 6.2029998779e+02 6.2029998779e+02 6.2040002441e+02 6.2050000000e+02 6.2059997559e+02 6.2070001221e+02 6.2079998779e+02 6.2090002441e+02 6.2100000000e+02 6.2109997559e+02 6.2079998779e+02 6.2029998779e+02 6.1959997559e+02 6.1890002441e+02 6.1809997559e+02 6.1729998779e+02 6.1670001221e+02 6.1650000000e+02 6.1640002441e+02 6.1650000000e+02 6.1690002441e+02 6.1750000000e+02 6.1820001221e+02 6.1879998779e+02 6.1940002441e+02 6.2000000000e+02 6.2040002441e+02 6.2040002441e+02 6.2040002441e+02 6.2040002441e+02 6.2040002441e+02 6.2059997559e+02 6.2109997559e+02 6.2140002441e+02
6.2059997559e+02 6.2059997559e+02 6.2050000000e+02 6.2050000000e+02 6.2040002441e+02 6.2040002441e+02 6.2040002441e+02 6.2029998779e+02 6.2029998779e+02 6.2029998779e+02 6.2029998779e+02 6.2029998779e+02 6.2029998779e+02 6.2040002441e+02 6.2050000000e+02 6.2059997559e+02 6.2070001221e+02 6.2070001221e+02 6.2070001221e+02 6.2070001221e+02 6.2079998779e+02 6.2079998779e+02 6.2050000000e+02 6.1990002441e+02 6.1909997559e+02 6.1840002441e+02 6.1759997559e+02 6.1690002441e+02 6.1640002441e+02 6.1629998779e+02 6.1629998779e+02 6.1629998779e+02 6.1679998779e+02 6.1740002441e+02 6.1790002441e+02 6.1850000000e+02 6.1929998779e+02 6.1990002441e+02 6.2029998779e+02 6.2040002441e+02 6.2040002441e+02 6.2040002441e+02 6.2029998779e+02 6.2040002441e+02 6.2079998779e+02 6.2120001221e+02
6.2059997559e+02 6.2059997559e+02 6.2050000000e+02 6.2050000000e+02 6.2050000000e+02 6.2040002441e+02 6.2029998779e+02 6.2029998779e+02 6.2029998779e+02 6.2029998779e+02 6.2029998779e+02 6.2029998779e+02 6.2029998779e+02 6.2050000000e+02 6.2059997559e+02 6.2059997559e+02 6.2070001221e+02 6.2070001221e+02 6.2070001221e+02 6.2059997559e+02 6.2070001221e+02 6.2050000000e+02 6.2000000000e+02 6.1940002441e+02 6.1870001221e+02 6.1790002441e+02 6.1720001221e+02 6.1659997559e+02 6.1620001221e+02 6.1609997559e+02 6.1620001221e+02 6.1629998779e+02 6.1690002441e+02 6.1740002441e+02 6.1779998779e+02 6.1829998779e+02 6.1909997559e+02 6.1979998779e+02 6.2029998779e+02 6.2050000000e+02 6.2050000000e+02 6.2040002441e+02 6.2029998779e+02 6.2029998779e+02 6.2050000000e+02 6.2090002441e+02
6.2050000000e+02 6.2050000000e+02 6.2050000000e+02 6.2050000000e+02 6.2040002441e+02 6.2040002441e+02 6.2029998779e+02 6.2029998779e+02 6.2029998779e+02 6.2029998779e+02 6.2029998779e+02 6.2029998779e+02 6.2040002441e+02 6.2050000000e+02 6.2059997559e+02 6.2059997559e+02 6.2059997559e+02 6.2059997559e+02 6.2059997559e+02 6.2050000000e+02 6.2040002441e+02 6.2009997559e+02 6.1959997559e+02 6.1890002441e+02 6.1820001221e+02 6.1750000000e+02 6.1690002441e+02 6.1629998779e+02 6.1609997559e+02 6.1609997559e+02 6.1620001221e+02 6.1650000000e+02 6.1700000000e+02 6.1740002441e+02 6.1779998779e+02 6.1829998779e+02 6.1900000000e+02 6.1979998779e+02 6.2040002441e+02 6.2059997559e+02 6.2059997559e+02 6.2040002441e+02 6.2029998779e+02 6.2029998779e+02 6.2029998779e+02 6.2059997559e+02
6.2029998779e+02 6.2029998779e+02 6.2040002441e+02 6.2040002441e+02 6.2040002441e+02 6.2040002441e+02 6.2029998779e+02 6.2020001221e+02 6.2020001221e+02 6.2020001221e+02 6.2029998779e+02 6.2029998779e+02 6.2029998779e+02 6.2040002441e+02 6.2050000000e+02 6.2050000000e+02 6.2050000000e+02 6.2029998779e+02 6.2020001221e+02 6.2000000000e+02 6.1990002441e+02 6.1959997559e+02 6.1909997559e+02 6.1840002441e+02 6.1779998779e+02 6.1709997559e+02 6.1650000000e+02 6.1609997559e+02 6.1600000000e+02 6.1600000000e+02 6.1620001221e+02 6.1679998779e+02 6.1720001221e+02 6.1740002441e+02 6.1779998779e+02 6.1850000000e+02 6.1920001221e+02 6.1990002441e+02 6.2050000000e+02 6.2079998779e+02 6.2070001221e+02 6.2050000000e+02 6.2040002441e+02 6.2029998779e+02 6.2029998779e+02 6.2040002441e+02
6.2009997559e+02 6.2009997559e+02 6.2029998779e+02 6.2029998779e+02 6.2040002441e+02 6.2029998779e+02 6.2029998779e+02 6.2020001221e+02 6.2020001221e+02 6.2020001221e+02 6.2020001221e+02 6.2029998779e+02 6.2029998779e+02 6.2029998779e+02 6.2040002441e+02 6.2040002441e+02 6.2020001221e+02 6.1990002441e+02 6.1959997559e+02 6.1940002441e+02 6.1929998779e+02 6.1900000000e+02 6.1850000000e+02 6.1790002441e+02 6.1729998779e+02 6.1670001221e+02 6.1609997559e+02 6.1590002441e+02 6.1590002441e+02 6.1609997559e+02 6.1650000000e+02 6.1690002441e+02 6.1729998779e+02 6.1759997559e+02 6.1809997559e+02 6.1879998779e+02 6.1950000000e+02 6.2020001221e+02 6.2070001221e+02 6.2090002441e+02 6.2090002441e+02 6.2070001221e+02 6.2040002441e+02 6.2029998779e+02 6.2029998779e+02 6.2029998779e+02
6.1970001221e+02 6.1990002441e+02 6.2000000000e+02 6.2020001221e+02 6.2029998779e+02 6.2029998779e+02 6.2020001221e+02 6.2020001221e+02 6.2020001221e+02 6.2020001221e+02 6.2020001221e+02 6.2029998779e+02 6.2020001221e+02 6.2029998779e+02 6.2029998779e+02 6.2020001221e+02 6.1979998779e+02 6.1940002441e+02 6.1920001221e+02 6.1900000000e+02 6.1879998779e+02 6.1840002441e+02 6.1790002441e+02 6.1740002441e+02 6.1690002441e+02 6.1629998779e+02 6.1579998779e+02 6.1570001221e+02 6.1600000000e+02 6.1629998779e+02 6.1670001221e+02 6.1700000000e+02 6.1740002441e+02 6.1790002441e+02 6.1850000000e+02 6.1920001221e+02 6.1990002441e+02 6.2050000000e+02 6.2079998779e+02 6.2100000000e+02 6.2090002441e+02 6.2070001221e+02 6.2050000000e+02 6.2029998779e+02 6.2029998779e+02 6.2020001221e+02
6.1940002441e+02 6.1959997559e+02 6.1970001221e+02 6.1990002441e+02 6.2009997559e+02 6.2020001221e+02 6.2020001221e+02 6.2020001221e+02 6.2020001221e+02 6.2020001221e+02 6.2029998779e+02 6.2029998779e+02 6.2020001221e+02 6.2020001221e+02 6.2009997559e+02 6.1979998779e+02 6.1950000000e+02 6.1920001221e+02 6.1890002441e+02 6.1859997559e+02 6.1829998779e+02 6.1790002441e+02 6.1740002441e+02 6.1700000000e+02 6.1659997559e+02 6.1609997559e+02 6.1570001221e+02 6.1570001221e+02 6.1609997559e+02 6.1650000000e+02 6.1679998779e+02 6.1709997559e+02 6.1759997559e+02 6.1820001221e+02 6.1879998779e+02 6.1959997559e+02 6.2020001221e+02 6.2070001221e+02 6.2090002441e+02 6.2100000000e+02 6.2090002441e+02 6.2079998779e+02 6.2059997559e+02 6.2040002441e+02 6.2029998779e+02 6.2020001221e+02
6.1890002441e+02 6.1929998779e+02 6.1940002441e+02 6.1959997559e+02 6.1979998779e+02 6.2009997559e+02 6.2020001221e+02 6.2020001221e+02 6.2020001221e+02 6.2020001221e+02 6.2029998779e+02 6.2029998779e+02 6.2020001221e+02 6.2000000000e+02 6.1970001221e+02 6.1950000000e+02 6.1909997559e+02 6.1879998779e+02 6.1850000000e+02 6.1809997559e+02 6.1770001221e+02 6.1740002441e+02 6.1709997559e+02 6.1670001221e+02 6.1640002441e+02 6.1590002441e+02 6.1559997559e+02 6.1579998779e+02 6.1620001221e+02 6.1659997559e+02 6.1690002441e+02 6.1729998779e+02 6.1790002441e+02 6.1859997559e+02 6.1929998779e+02 6.1990002441e+02 6.2040002441e+02 6.2070001221e+02 6.2079998779e+02 6.2079998779e+02 6.2079998779e+02 6.2070001221e+02 6.2059997559e+02 6.2050000000e+02 6.2029998779e+02 6.2020001221e+02
6.1850000000e+02 6.1890002441e+02 6.1909997559e+02 6.1929998779e+02 6.1950000000e+02 6.1990002441e+02 6.2009997559e+02 6.2009997559e+02 6.2009997559e+02 6.2020001221e+02 6.2020001221e+02 6.2029998779e+02 6.2029998779e+02 6.2009997559e+02 6.1959997559e+02 6.1920001221e+02 6.1879998779e+02 6.1840002441e+02 6.1800000000e+02 6.1759997559e+02 6.1720001221e+02 6.1700000000e+02 6.1670001221e+02 6.1650000000e+02 6.1609997559e+02 6.1570001221e+02 6.1559997559e+02 6.1590002441e+02 6.1629998779e+02 6.1670001221e+02 6.1700000000e+02 6.1750000000e+02 6.1820001221e+02 6.1890002441e+02 6.1959997559e+02 6.2020001221e+02 6.2050000000e+02 6.2070001221e+02 6.2079998779e+02 6.2079998779e+02 6.2070001221e+02 6.2059997559e+02 6.2050000000e+02 6.2050000000e+02 6.2029998779e+02 6.2020001221e+02
6.1790002441e+02 6.1850000000e+02 6.1879998779e+02 6.1900000000e+02 6.1920001221e+02 6.1970001221e+02 6.2000000000e+02 6.2009997559e+02 6.2009997559e+02 6.2020001221e+02 6.2029998779e+02 6.2040002441e+02 6.2029998779e+02 6.2009997559e+02 6.1959997559e+02 6.1900000000e+02 6.1850000000e+02 6.1800000000e+02 6.1759997559e+02 6.1720001221e+02 6.1690002441e+02 6.1659997559e+02 6.1640002441e+02 6.1609997559e+02 6.1579998779e+02 6.1550000000e+02 6.1570001221e+02 6.1609997559e+02 6.1650000000e+02 6.1670001221e+02 6.1709997559e+02 6.1770001221e+02 6.1840002441e+02 6.1920001221e+02 6.1990002441e+02 6.2040002441e+02 6.2059997559e+02 6.2070001221e+02 6.2070001221e+02 6.2079998779e+02 6.2070001221e+02 6.2059997559e+02 6.2050000000e+02 6.2040002441e+02 6.2029998779e+02 6.2020001221e+02
6.1740002441e+02 6.1790002441e+02 6.1840002441e+02 6.1870001221e+02 6.1890002441e+02 6.1929998779e+02 6.1970001221e+02 6.2000000000e+02 6.2009997559e+02 6.2020001221e+02 6.2029998779e+02 6.2029998779e+02 6.2029998779e+02 6.2000000000e+02 6.1950000000e+02 6.1890002441e+02 6.1829998779e+02 6.1779998779e+02 6.1729998779e+02 6.1690002441e+02 6.1659997559e+02 6.1640002441e+02 6.1620001221e+02 6.1579998779e+02 6.1550000000e+02 6.1550000000e+02 6.1590002441e+02 6.1629998779e+02 6.1659997559e+02 6.1690002441e+02 6.1729998779e+02 6.1800000000e+02 6.1879998779e+02 6.1950000000e+02 6.2009997559e+02 6.2050000000e+02 6.2070001221e+02 6.2070001221e+02 6.2070001221e+02 6.2079998779e+02 6.2070001221e+02 6.2059997559e+02 6.2050000000e+02 6.2040002441e+02 6.2029998779e+02 6.2020001221e+02
6.1690002441e+02 6.1740002441e+02 6.1790002441e+02 6.1829998779e+02 6.1859997559e+02 6.1890002441e+02 6.1929998779e+02 6.1970001221e+02 6.2000000000e+02 6.2020001221e+02 6.2020001221e+02 6.2029998779e+02 6.2020001221e+02 6.2000000000e+02 6.1940002441e+02 6.1870001221e+02 6.1809997559e+02 6.1750000000e+02 6.1700000000e+02 6.1659997559e+02 6.1640002441e+02 6.1609997559e+02 6.1579998779e+02 6.1550000000e+02 6.1540002441e+02 6.1570001221e+02 6.1609997559e+02 6.1640002441e+02 6.1670001221e+02 6.1720001221e+02 6.1770001221e+02 6.1829998779e+02 6.1909997559e+02 6.1979998779e+02 6.2029998779e+02 6.2050000000e+02 6.2059997559e+02 6.2070001221e+02 6.2070001221e+02 6.2070001221e+02 6.2070001221e+02 6.2059997559e+02 6.2050000000e+02 6.2040002441e+02 6.2029998779e+02 6.2020001221e+02
6.1640002441e+02 6.1679998779e+02 6.1729998779e+02 6.1790002441e+02 6.1820001221e+02 6.1850000000e+02 6.1890002441e+02 6.1940002441e+02 6.1979998779e+02 6.2009997559e+02 6.2009997559e+02 6.2020001221e+02 6.2009997559e+02 6.1979998779e+02 6.1920001221e+02 6.1850000000e+02 6.1779998779e+02 6.1709997559e+02 6.1659997559e+02 6.1629998779e+02 6.1609997559e+02 6.1579998779e+02 6.1550000000e+02 6.1540002441e+02 6.1550000000e+02 6.1590002441e+02 6.1629998779e+02 6.1659997559e+02 6.1709997559e+02 6.1759997559e+02 6.1809997559e+02 6.1879998779e+02 6.1940002441e+02 6.2000000000e+02 6.2040002441e+02 6.2050000000e+02 6.2059997559e+02 6.2059997559e+02 6.2059997559e+02 6.2059997559e+02 6.2059997559e+02 6.2050000000e+02 6.2050000000e+02 6.2040002441e+02 6.2020001221e+02 6.2009997559e+02
6.1590002441e+02 6.1629998779e+02 6.1679998779e+02 6.1740002441e+02 6.1790002441e+02 6.1809997559e+02 6.1850000000e+02 6.1900000000e+02 6.1950000000e+02 6.1979998779e+02 6.1990002441e+02 6.1990002441e+02 6.1970001221e+02 6.1929998779e+02 6.1879998779e+02 6.1820001221e+02 6.1750000000e+02 6.1679998779e+02 6.1629998779e+02 6.1600000000e+02 6.1570001221e+02 6.1550000000e+02 6.1529998779e+02 6.1529998779e+02 6.1559997559e+02 6.1609997559e+02 6.1650000000e+02 6.1700000000e+02 6.1750000000e+02 6.1809997559e+02 6.1859997559e+02 6.1909997559e+02 6.1970001221e+02 6.2009997559e+02 6.2029998779e+02 6.2040002441e+02 6.2050000000e+02 6.2050000000e+02 6.2059997559e+02 6.2050000000e+02 6.2050000000e+02 6.2050000000e+02 6.2040002441e+02 6.2040002441e+02 6.2020001221e+02 6.2009997559e+02
6.1559997559e+02 6.1590002441e+02 6.1640002441e+02 6.1700000000e+02 6.1750000000e+02 6.1779998779e+02 6.1809997559e+02 6.1850000000e+02 6.1890002441e+02 6.1929998779e+02 6.1940002441e+02 6.1920001221e+02 6.1900000000e+02 6.1859997559e+02 6.1809997559e+02 6.1759997559e+02 6.1700000000e+02 6.1629998779e+02 6.1590002441e+02 6.1570001221e+02 6.1540002441e+02 6.1529998779e+02 6.1520001221e+02 6.1540002441e+02 6.1579998779e+02 6.1629998779e+02 6.1670001221e+02 6.1720001221e+02 6.1770001221e+02 6.1820001221e+02 6.1859997559e+02 6.1900000000e+02 6.1950000000e+02 6.1990002441e+02 6.2000000000e+02 6.2009997559e+02 6.2029998779e+02 6.2040002441e+02 6.2050000000e+02 6.2050000000e+02 6.2040002441e+02 6.2040002441e+02 6.2040002441e+02 6.2029998779e+02 6.2009997559e+02 6.2009997559e+02
6.1540002441e+02 6.1559997559e+02 6.1600000000e+02 6.1650000000e+02 6.1720001221e+02 6.1750000000e+02 6.1779998779e+02 6.1809997559e+02 6.1840002441e+02 6.1859997559e+02 6.1859997559e+02 6.1850000000e+02 6.1820001221e+02 6.1779998779e+02 6.1729998779e+02 6.1690002441e+02 6.1640002441e+02 6.1590002441e+02 6.1559997559e+02 6.1540002441e+02 6.1520001221e+02 6.1509997559e+02 6.1520001221e+02 6.1550000000e+02 6.1600000000e+02 6.1640002441e+02 6.1679998779e+02 6.1729998779e+02 6.1770001221e+02 6.1800000000e+02 6.1829998779e+02 6.1859997559e+02 6.1890002441e+02 6.1920001221e+02 6.1940002441e+02 6.1970001221e+02 6.1990002441e+02 6.2020001221e+02 6.2029998779e+02 6.2040002441e+02 6.2029998779e+02 6.2029998779e+02 6.2020001221e+02 6.2020001221e+02 6.2009997559e+02 6.2000000000e+02
