DGM_1M_UPPER_AUSTRIA/9/19.asc
NCOLS 100
NROWS 100
XLLCORNER 6.1050500000e+04
YLLCORNER 2.9338850000e+05
CELLSIZE 1.0000000000e+00
NODATA_VALUE -9.9990000000e+03
[rows 20 to 39 of 100, columns 46 to 91 of 100]
1.0266999512e+03 1.0270000000e+03 1.0273000488e+03 1.0275999756e+03 1.0280000000e+03 1.0283000488e+03 1.0286999512e+03 1.0290999756e+03 1.0295999756e+03 1.0299000244e+03 1.0300999756e+03 1.0304000244e+03 1.0306999512e+03 1.0310000000e+03 1.0314000244e+03 1.0318000488e+03 1.0324000244e+03 1.0328000488e+03 1.0329000244e+03 1.0331999512e+03 1.0335000000e+03 1.0338000488e+03 1.0341999512e+03 1.0345000000e+03 1.0348000488e+03 1.0350000000e+03 1.0354000244e+03 1.0356999512e+03 1.0360000000e+03 1.0364000244e+03 1.0366999512e+03 1.0370000000e+03 1.0373000488e+03 1.0375999756e+03 1.0380000000e+03 1.0383000488e+03 1.0385000000e+03 1.0388000488e+03 1.0390999756e+03 1.0395000000e+03 1.0398000488e+03 1.0400999756e+03 1.0404000244e+03 1.0406999512e+03 1.0410000000e+03 1.0410999756e+03
1.0270000000e+03 1.0273000488e+03 1.0276999512e+03 1.0280999756e+03 1.0285000000e+03 1.0288000488e+03 1.0290999756e+03 1.0295000000e+03 1.0299000244e+03 1.0301999512e+03 1.0304000244e+03 1.0308000488e+03 1.0310999756e+03 1.0314000244e+03 1.0318000488e+03 1.0321999512e+03 1.0325999756e+03 1.0329000244e+03 1.0331999512e+03 1.0335999756e+03 1.0339000244e+03 1.0341999512e+03 1.0345000000e+03 1.0348000488e+03 1.0350999756e+03 1.0354000244e+03 1.0356999512e+03 1.0360999756e+03 1.0363000488e+03 1.0365999756e+03 1.0370000000e+03 1.0373000488e+03 1.0375999756e+03 1.0379000244e+03 1.0383000488e+03 1.0386999512e+03 1.0388000488e+03 1.0390999756e+03 1.0394000244e+03 1.0396999512e+03 1.0400000000e+03 1.0404000244e+03 1.0406999512e+03 1.0410000000e+03 1.0411999512e+03 1.0413000488e+03
1.0273000488e+03 1.0276999512e+03 1.0280999756e+03 1.0285999756e+03 1.0289000244e+03 1.0291999512e+03 1.0295999756e+03 1.0299000244e+03 1.0303000488e+03 1.0305999756e+03 1.0308000488e+03 1.0311999512e+03 1.0315000000e+03 1.0319000244e+03 1.0320999756e+03 1.0325000000e+03 1.0329000244e+03 1.0331999512e+03 1.0335999756e+03 1.0340000000e+03 1.0343000488e+03 1.0345000000e+03 1.0348000488e+03 1.0350999756e+03 1.0354000244e+03 1.0356999512e+03 1.0360000000e+03 1.0363000488e+03 1.0365999756e+03 1.0370000000e+03 1.0374000244e+03 1.0376999512e+03 1.0380000000e+03 1.0383000488e+03 1.0386999512e+03 1.0390000000e+03 1.0391999512e+03 1.0394000244e+03 1.0396999512e+03 1.0400000000e+03 1.0403000488e+03 1.0406999512e+03 1.0410000000e+03 1.0411999512e+03 1.0414000244e+03 1.0415000000e+03
1.0276999512e+03 1.0280999756e+03 1.0285000000e+03 1.0289000244e+03 1.0293000488e+03 1.0295999756e+03 1.0300000000e+03 1.0303000488e+03 1.0305999756e+03 1.0310000000e+03 1.0313000488e+03 1.0315999756e+03 1.0319000244e+03 1.0323000488e+03 1.0325000000e+03 1.0328000488e+03 1.0331999512e+03 1.0335000000e+03 1.0338000488e+03 1.0341999512e+03 1.0345999756e+03 1.0348000488e+03 1.0350999756e+03 1.0355000000e+03 1.0356999512e+03 1.0360000000e+03 1.0363000488e+03 1.0365999756e+03 1.0370000000e+03 1.0373000488e+03 1.0376999512e+03 1.0380999756e+03 1.0383000488e+03 1.0385999756e+03 1.0389000244e+03 1.0391999512e+03 1.0394000244e+03 1.0396999512e+03 1.0400000000e+03 1.0404000244e+03 1.0406999512e+03 1.0410000000e+03 1.0411999512e+03 1.0415000000e+03 1.0416999512e+03 1.0418000488e+03
1.0280999756e+03 1.0285000000e+03 1.0288000488e+03 1.0291999512e+03 1.0295999756e+03 1.0300000000e+03 1.0303000488e+03 1.0306999512e+03 1.0310000000e+03 1.0314000244e+03 1.0316999512e+03 1.0320000000e+03 1.0321999512e+03 1.0325000000e+03 1.0328000488e+03 1.0330999756e+03 1.0335000000e+03 1.0338000488e+03 1.0340999756e+03 1.0345000000e+03 1.0349000244e+03 1.0350999756e+03 1.0354000244e+03 1.0358000488e+03 1.0360999756e+03 1.0363000488e+03 1.0365999756e+03 1.0369000244e+03 1.0373000488e+03 1.0375999756e+03 1.0380999756e+03 1.0385000000e+03 1.0388000488e+03 1.0390000000e+03 1.0391999512e+03 1.0395000000e+03 1.0396999512e+03 1.0400000000e+03 1.0403000488e+03 1.0406999512e+03 1.0410000000e+03 1.0411999512e+03 1.0415000000e+03 1.0416999512e+03 1.0420000000e+03 1.0420999756e+03
1.0285000000e+03 1.0289000244e+03 1.0291999512e+03 1.0295000000e+03 1.0299000244e+03 1.0303000488e+03 1.0306999512e+03 1.0310000000e+03 1.0313000488e+03 1.0315999756e+03 1.0320000000e+03 1.0323000488e+03 1.0324000244e+03 1.0326999512e+03 1.0330999756e+03 1.0334000244e+03 1.0336999512e+03 1.0340999756e+03 1.0344000244e+03 1.0348000488e+03 1.0350999756e+03 1.0354000244e+03 1.0356999512e+03 1.0360999756e+03 1.0364000244e+03 1.0365999756e+03 1.0369000244e+03 1.0373000488e+03 1.0375999756e+03 1.0380000000e+03 1.0385000000e+03 1.0389000244e+03 1.0390999756e+03 1.0394000244e+03 1.0395999756e+03 1.0398000488e+03 1.0400000000e+03 1.0403000488e+03 1.0405999756e+03 1.0410000000e+03 1.0413000488e+03 1.0415000000e+03 1.0418000488e+03 1.0420999756e+03 1.0423000488e+03 1.0424000244e+03
1.0289000244e+03 1.0291999512e+03 1.0295000000e+03 1.0298000488e+03 1.0303000488e+03 1.0306999512e+03 1.0310000000e+03 1.0313000488e+03 1.0316999512e+03 1.0319000244e+03 1.0323000488e+03 1.0325999756e+03 1.0326999512e+03 1.0329000244e+03 1.0333000488e+03 1.0336999512e+03 1.0340999756e+03 1.0344000244e+03 1.0348000488e+03 1.0350999756e+03 1.0355000000e+03 1.0358000488e+03 1.0360999756e+03 1.0364000244e+03 1.0365999756e+03 1.0369000244e+03 1.0370999756e+03 1.0375999756e+03 1.0379000244e+03 1.0384000244e+03 1.0389000244e+03 1.0391999512e+03 1.0395000000e+03 1.0396999512e+03 1.0399000244e+03 1.0401999512e+03 1.0404000244e+03 1.0406999512e+03 1.0410999756e+03 1.0413000488e+03 1.0415999756e+03 1.0419000244e+03 1.0421999512e+03 1.0424000244e+03 1.0425999756e+03 1.0426999512e+03
1.0291999512e+03 1.0295000000e+03 1.0298000488e+03 1.0301999512e+03 1.0306999512e+03 1.0310000000e+03 1.0313000488e+03 1.0315999756e+03 1.0320000000e+03 1.0323000488e+03 1.0325999756e+03 1.0328000488e+03 1.0330999756e+03 1.0334000244e+03 1.0336999512e+03 1.0340999756e+03 1.0344000244e+03 1.0348000488e+03 1.0350999756e+03 1.0355000000e+03 1.0359000244e+03 1.0361999512e+03 1.0365000000e+03 1.0368000488e+03 1.0370000000e+03 1.0371999512e+03 1.0375000000e+03 1.0379000244e+03 1.0383000488e+03 1.0386999512e+03 1.0391999512e+03 1.0395000000e+03 1.0396999512e+03 1.0400000000e+03 1.0401999512e+03 1.0405000000e+03 1.0408000488e+03 1.0410999756e+03 1.0414000244e+03 1.0416999512e+03 1.0420000000e+03 1.0423000488e+03 1.0425999756e+03 1.0428000488e+03 1.0429000244e+03 1.0430000000e+03
1.0295999756e+03 1.0299000244e+03 1.0301999512e+03 1.0305999756e+03 1.0310000000e+03 1.0313000488e+03 1.0315999756e+03 1.0319000244e+03 1.0323000488e+03 1.0326999512e+03 1.0330000000e+03 1.0331999512e+03 1.0335000000e+03 1.0338000488e+03 1.0340999756e+03 1.0345000000e+03 1.0349000244e+03 1.0351999512e+03 1.0354000244e+03 1.0358000488e+03 1.0361999512e+03 1.0365999756e+03 1.0369000244e+03 1.0371999512e+03 1.0374000244e+03 1.0375999756e+03 1.0379000244e+03 1.0383000488e+03 1.0385999756e+03 1.0389000244e+03 1.0393000488e+03 1.0396999512e+03 1.0400000000e+03 1.0403000488e+03 1.0405000000e+03 1.0408000488e+03 1.0410999756e+03 1.0414000244e+03 1.0418000488e+03 1.0420999756e+03 1.0424000244e+03 1.0426999512e+03 1.0430000000e+03 1.0430999756e+03 1.0431999512e+03 1.0433000488e+03
1.0301999512e+03 1.0304000244e+03 1.0306999512e+03 1.0310999756e+03 1.0314000244e+03 1.0315999756e+03 1.0320000000e+03 1.0324000244e+03 1.0329000244e+03 1.0331999512e+03 1.0335000000e+03 1.0336999512e+03 1.0340000000e+03 1.0343000488e+03 1.0345999756e+03 1.0349000244e+03 1.0353000488e+03 1.0355000000e+03 1.0358000488e+03 1.0360999756e+03 1.0365000000e+03 1.0369000244e+03 1.0371999512e+03 1.0375999756e+03 1.0379000244e+03 1.0381999512e+03 1.0384000244e+03 1.0385999756e+03 1.0390000000e+03 1.0391999512e+03 1.0395999756e+03 1.0399000244e+03 1.0403000488e+03 1.0405999756e+03 1.0409000244e+03 1.0411999512e+03 1.0414000244e+03 1.0416999512e+03 1.0420999756e+03 1.0424000244e+03 1.0428000488e+03 1.0431999512e+03 1.0434000244e+03 1.0435000000e+03 1.0435999756e+03 1.0436999512e+03
1.0306999512e+03 1.0309000244e+03 1.0313000488e+03 1.0315999756e+03 1.0319000244e+03 1.0320999756e+03 1.0325000000e+03 1.0330000000e+03 1.0335000000e+03 1.0338000488e+03 1.0340000000e+03 1.0341999512e+03 1.0344000244e+03 1.0346999512e+03 1.0350000000e+03 1.0353000488e+03 1.0355999756e+03 1.0359000244e+03 1.0361999512e+03 1.0365000000e+03 1.0369000244e+03 1.0371999512e+03 1.0375999756e+03 1.0379000244e+03 1.0381999512e+03 1.0385999756e+03 1.0388000488e+03 1.0390000000e+03 1.0394000244e+03 1.0395999756e+03 1.0399000244e+03 1.0401999512e+03 1.0405000000e+03 1.0410000000e+03 1.0411999512e+03 1.0415000000e+03 1.0418000488e+03 1.0420000000e+03 1.0424000244e+03 1.0428000488e+03 1.0431999512e+03 1.0435000000e+03 1.0436999512e+03 1.0436999512e+03 1.0439000244e+03 1.0440000000e+03
1.0310999756e+03 1.0314000244e+03 1.0316999512e+03 1.0320999756e+03 1.0324000244e+03 1.0325999756e+03 1.0330000000e+03 1.0335000000e+03 1.0339000244e+03 1.0340999756e+03 1.0343000488e+03 1.0345999756e+03 1.0349000244e+03 1.0351999512e+03 1.0355000000e+03 1.0356999512e+03 1.0360000000e+03 1.0363000488e+03 1.0365999756e+03 1.0369000244e+03 1.0373000488e+03 1.0375999756e+03 1.0379000244e+03 1.0381999512e+03 1.0385000000e+03 1.0388000488e+03 1.0390000000e+03 1.0393000488e+03 1.0396999512e+03 1.0400000000e+03 1.0401999512e+03 1.0405000000e+03 1.0408000488e+03 1.0411999512e+03 1.0415000000e+03 1.0416999512e+03 1.0420999756e+03 1.0424000244e+03 1.0426999512e+03 1.0430999756e+03 1.0435999756e+03 1.0438000488e+03 1.0439000244e+03 1.0440000000e+03 1.0441999512e+03 1.0441999512e+03
1.0315999756e+03 1.0319000244e+03 1.0321999512e+03 1.0325000000e+03 1.0329000244e+03 1.0330999756e+03 1.0335000000e+03 1.0339000244e+03 1.0343000488e+03 1.0345999756e+03 1.0346999512e+03 1.0350000000e+03 1.0354000244e+03 1.0358000488e+03 1.0360000000e+03 1.0361999512e+03 1.0364000244e+03 1.0368000488e+03 1.0370999756e+03 1.0374000244e+03 1.0376999512e+03 1.0380000000e+03 1.0383000488e+03 1.0385000000e+03 1.0388000488e+03 1.0390999756e+03 1.0393000488e+03 1.0395999756e+03 1.0400000000e+03 1.0403000488e+03 1.0405999756e+03 1.0409000244e+03 1.0411999512e+03 1.0415000000e+03 1.0418000488e+03 1.0420000000e+03 1.0423000488e+03 1.0426999512e+03 1.0430999756e+03 1.0435000000e+03 1.0438000488e+03 1.0439000244e+03 1.0440999756e+03 1.0443000488e+03 1.0444000244e+03 1.0445000000e+03
1.0320999756e+03 1.0324000244e+03 1.0325999756e+03 1.0330000000e+03 1.0333000488e+03 1.0335999756e+03 1.0339000244e+03 1.0343000488e+03 1.0348000488e+03 1.0350999756e+03 1.0351999512e+03 1.0355000000e+03 1.0359000244e+03 1.0361999512e+03 1.0364000244e+03 1.0365999756e+03 1.0369000244e+03 1.0371999512e+03 1.0375000000e+03 1.0376999512e+03 1.0380000000e+03 1.0383000488e+03 1.0385999756e+03 1.0389000244e+03 1.0391999512e+03 1.0395000000e+03 1.0398000488e+03 1.0400999756e+03 1.0404000244e+03 1.0406999512e+03 1.0410000000e+03 1.0413000488e+03 1.0415999756e+03 1.0419000244e+03 1.0420999756e+03 1.0423000488e+03 1.0425999756e+03 1.0430000000e+03 1.0434000244e+03 1.0436999512e+03 1.0439000244e+03 1.0440999756e+03 1.0444000244e+03 1.0446999512e+03 1.0448000488e+03 1.0448000488e+03
1.0325000000e+03 1.0328000488e+03 1.0330000000e+03 1.0334000244e+03 1.0336999512e+03 1.0340000000e+03 1.0343000488e+03 1.0346999512e+03 1.0350999756e+03 1.0354000244e+03 1.0355999756e+03 1.0360000000e+03 1.0363000488e+03 1.0365000000e+03 1.0368000488e+03 1.0370000000e+03 1.0373000488e+03 1.0375000000e+03 1.0378000488e+03 1.0380999756e+03 1.0384000244e+03 1.0386999512e+03 1.0389000244e+03 1.0391999512e+03 1.0395000000e+03 1.0399000244e+03 1.0403000488e+03 1.0405000000e+03 1.0408000488e+03 1.0410999756e+03 1.0414000244e+03 1.0416999512e+03 1.0420000000e+03 1.0421999512e+03 1.0425000000e+03 1.0426999512e+03 1.0430000000e+03 1.0433000488e+03 1.0436999512e+03 1.0440000000e+03 1.0441999512e+03 1.0445000000e+03 1.0448000488e+03 1.0450000000e+03 1.0450999756e+03 1.0451999512e+03
1.0329000244e+03 1.0330999756e+03 1.0334000244e+03 1.0336999512e+03 1.0340999756e+03 1.0344000244e+03 1.0346999512e+03 1.0350000000e+03 1.0353000488e+03 1.0355999756e+03 1.0360000000e+03 1.0363000488e+03 1.0365999756e+03 1.0368000488e+03 1.0370999756e+03 1.0374000244e+03 1.0375999756e+03 1.0379000244e+03 1.0380999756e+03 1.0384000244e+03 1.0386999512e+03 1.0390000000e+03 1.0393000488e+03 1.0395999756e+03 1.0400000000e+03 1.0403000488e+03 1.0406999512e+03 1.0410000000e+03 1.0411999512e+03 1.0415000000e+03 1.0418000488e+03 1.0420999756e+03 1.0424000244e+03 1.0426999512e+03 1.0429000244e+03 1.0430999756e+03 1.0433000488e+03 1.0435999756e+03 1.0439000244e+03 1.0441999512e+03 1.0445000000e+03 1.0446999512e+03 1.0450000000e+03 1.0451999512e+03 1.0454000244e+03 1.0455000000e+03
1.0331999512e+03 1.0335000000e+03 1.0338000488e+03 1.0340999756e+03 1.0344000244e+03 1.0346999512e+03 1.0350000000e+03 1.0354000244e+03 1.0355999756e+03 1.0360000000e+03 1.0364000244e+03 1.0368000488e+03 1.0370000000e+03 1.0371999512e+03 1.0374000244e+03 1.0376999512e+03 1.0380000000e+03 1.0381999512e+03 1.0385000000e+03 1.0388000488e+03 1.0390999756e+03 1.0394000244e+03 1.0396999512e+03 1.0400000000e+03 1.0404000244e+03 1.0406999512e+03 1.0410999756e+03 1.0414000244e+03 1.0416999512e+03 1.0419000244e+03 1.0421999512e+03 1.0425000000e+03 1.0428000488e+03 1.0430999756e+03 1.0433000488e+03 1.0435999756e+03 1.0438000488e+03 1.0440000000e+03 1.0443000488e+03 1.0445000000e+03 1.0446999512e+03 1.0450000000e+03 1.0453000488e+03 1.0455999756e+03 1.0458000488e+03 1.0459000244e+03
1.0335999756e+03 1.0339000244e+03 1.0341999512e+03 1.0345000000e+03 1.0348000488e+03 1.0350000000e+03 1.0354000244e+03 1.0358000488e+03 1.0360000000e+03 1.0363000488e+03 1.0366999512e+03 1.0370999756e+03 1.0374000244e+03 1.0375000000e+03 1.0376999512e+03 1.0380000000e+03 1.0383000488e+03 1.0385999756e+03 1.0389000244e+03 1.0391999512e+03 1.0395000000e+03 1.0398000488e+03 1.0400999756e+03 1.0404000244e+03 1.0406999512e+03 1.0410000000e+03 1.0415000000e+03 1.0418000488e+03 1.0420999756e+03 1.0423000488e+03 1.0425000000e+03 1.0428000488e+03 1.0431999512e+03 1.0435000000e+03 1.0439000244e+03 1.0440999756e+03 1.0443000488e+03 1.0445000000e+03 1.0445999756e+03 1.0448000488e+03 1.0450999756e+03 1.0454000244e+03 1.0456999512e+03 1.0460000000e+03 1.0463000488e+03 1.0463000488e+03
1.0340000000e+03 1.0343000488e+03 1.0345999756e+03 1.0349000244e+03 1.0351999512e+03 1.0355000000e+03 1.0358000488e+03 1.0361999512e+03 1.0365000000e+03 1.0368000488e+03 1.0370999756e+03 1.0374000244e+03 1.0376999512e+03 1.0379000244e+03 1.0381999512e+03 1.0385000000e+03 1.0388000488e+03 1.0390999756e+03 1.0393000488e+03 1.0396999512e+03 1.0400000000e+03 1.0401999512e+03 1.0404000244e+03 1.0406999512e+03 1.0410000000e+03 1.0414000244e+03 1.0418000488e+03 1.0421999512e+03 1.0425000000e+03 1.0426999512e+03 1.0429000244e+03 1.0431999512e+03 1.0435999756e+03 1.0440000000e+03 1.0444000244e+03 1.0446999512e+03 1.0448000488e+03 1.0449000244e+03 1.0450000000e+03 1.0451999512e+03 1.0455000000e+03 1.0458000488e+03 1.0460999756e+03 1.0464000244e+03 1.0466999512e+03 1.0466999512e+03
1.0344000244e+03 1.0346999512e+03 1.0350000000e+03 1.0353000488e+03 1.0355999756e+03 1.0359000244e+03 1.0361999512e+03 1.0365999756e+03 1.0370000000e+03 1.0373000488e+03 1.0375999756e+03 1.0378000488e+03 1.0380999756e+03 1.0384000244e+03 1.0386999512e+03 1.0390000000e+03 1.0394000244e+03 1.0395999756e+03 1.0398000488e+03 1.0401999512e+03 1.0405000000e+03 1.0406999512e+03 1.0409000244e+03 1.0410999756e+03 1.0414000244e+03 1.0416999512e+03 1.0420999756e+03 1.0425999756e+03 1.0430000000e+03 1.0431999512e+03 1.0434000244e+03 1.0436999512e+03 1.0440000000e+03 1.0445000000e+03 1.0449000244e+03 1.0453000488e+03 1.0453000488e+03 1.0454000244e+03 1.0455000000e+03 1.0458000488e+03 1.0460999756e+03 1.0465000000e+03 1.0466999512e+03 1.0468000488e+03 1.0470000000e+03 1.0470999756e+03
