DGM_1M_UPPER_AUSTRIA/9/19.asc
NCOLS 100
NROWS 100
XLLCORNER 6.1050500000e+04
YLLCORNER 2.9338850000e+05
CELLSIZE 1.0000000000e+00
NODATA_VALUE -9.9990000000e+03
[rows 60 to 79 of 100, columns 46 to 91 of 100]
1.0425000000e+03 1.0425999756e+03 1.0429000244e+03 1.0431999512e+03 1.0435000000e+03 1.0438000488e+03 1.0440000000e+03 1.0443000488e+03 1.0445000000e+03 1.0446999512e+03 1.0450000000e+03 1.0454000244e+03 1.0456999512e+03 1.0459000244e+03 1.0460999756e+03 1.0464000244e+03 1.0466999512e+03 1.0470999756e+03 1.0475999756e+03 1.0480000000e+03 1.0485000000e+03 1.0489000244e+03 1.0493000488e+03 1.0495999756e+03 1.0500000000e+03 1.0501999512e+03 1.0503000488e+03 1.0504000244e+03 1.0503000488e+03 1.0501999512e+03 1.0501999512e+03 1.0501999512e+03 1.0500999756e+03 1.0500999756e+03 1.0500999756e+03 1.0500999756e+03 1.0500000000e+03 1.0500000000e+03 1.0499000244e+03 1.0499000244e+03 1.0499000244e+03 1.0500000000e+03 1.0503000488e+03 1.0505999756e+03 1.0510000000e+03 1.0514000244e+03
1.0430000000e+03 1.0430999756e+03 1.0433000488e+03 1.0435999756e+03 1.0439000244e+03 1.0441999512e+03 1.0443000488e+03 1.0445999756e+03 1.0448000488e+03 1.0450999756e+03 1.0453000488e+03 1.0455999756e+03 1.0459000244e+03 1.0461999512e+03 1.0464000244e+03 1.0468000488e+03 1.0471999512e+03 1.0475999756e+03 1.0480000000e+03 1.0485000000e+03 1.0489000244e+03 1.0493000488e+03 1.0495999756e+03 1.0500000000e+03 1.0501999512e+03 1.0504000244e+03 1.0504000244e+03 1.0504000244e+03 1.0503000488e+03 1.0503000488e+03 1.0501999512e+03 1.0501999512e+03 1.0501999512e+03 1.0501999512e+03 1.0501999512e+03 1.0500999756e+03 1.0500000000e+03 1.0500000000e+03 1.0500000000e+03 1.0500000000e+03 1.0500999756e+03 1.0504000244e+03 1.0508000488e+03 1.0511999512e+03 1.0515999756e+03 1.0520000000e+03
1.0434000244e+03 1.0435999756e+03 1.0438000488e+03 1.0440999756e+03 1.0443000488e+03 1.0445000000e+03 1.0446999512e+03 1.0450000000e+03 1.0453000488e+03 1.0455000000e+03 1.0456999512e+03 1.0460000000e+03 1.0463000488e+03 1.0465999756e+03 1.0470000000e+03 1.0473000488e+03 1.0476999512e+03 1.0480999756e+03 1.0485000000e+03 1.0489000244e+03 1.0493000488e+03 1.0495999756e+03 1.0499000244e+03 1.0501999512e+03 1.0504000244e+03 1.0505000000e+03 1.0504000244e+03 1.0504000244e+03 1.0504000244e+03 1.0503000488e+03 1.0503000488e+03 1.0503000488e+03 1.0501999512e+03 1.0501999512e+03 1.0501999512e+03 1.0500999756e+03 1.0500999756e+03 1.0500999756e+03 1.0500999756e+03 1.0503000488e+03 1.0505999756e+03 1.0510000000e+03 1.0515000000e+03 1.0519000244e+03 1.0521999512e+03 1.0525999756e+03
1.0439000244e+03 1.0440999756e+03 1.0444000244e+03 1.0445999756e+03 1.0446999512e+03 1.0448000488e+03 1.0450999756e+03 1.0454000244e+03 1.0456999512e+03 1.0459000244e+03 1.0460999756e+03 1.0464000244e+03 1.0468000488e+03 1.0471999512e+03 1.0475999756e+03 1.0479000244e+03 1.0481999512e+03 1.0485999756e+03 1.0490000000e+03 1.0493000488e+03 1.0495999756e+03 1.0499000244e+03 1.0501999512e+03 1.0504000244e+03 1.0505000000e+03 1.0505000000e+03 1.0505000000e+03 1.0504000244e+03 1.0504000244e+03 1.0503000488e+03 1.0503000488e+03 1.0503000488e+03 1.0503000488e+03 1.0501999512e+03 1.0501999512e+03 1.0501999512e+03 1.0503000488e+03 1.0504000244e+03 1.0505999756e+03 1.0509000244e+03 1.0513000488e+03 1.0518000488e+03 1.0523000488e+03 1.0525999756e+03 1.0529000244e+03 1.0530999756e+03
1.0441999512e+03 1.0445999756e+03 1.0449000244e+03 1.0450000000e+03 1.0451999512e+03 1.0453000488e+03 1.0455999756e+03 1.0458000488e+03 1.0460999756e+03 1.0463000488e+03 1.0465000000e+03 1.0469000244e+03 1.0473000488e+03 1.0476999512e+03 1.0480000000e+03 1.0484000244e+03 1.0486999512e+03 1.0490999756e+03 1.0494000244e+03 1.0495999756e+03 1.0499000244e+03 1.0501999512e+03 1.0504000244e+03 1.0505999756e+03 1.0505999756e+03 1.0505000000e+03 1.0505000000e+03 1.0505000000e+03 1.0504000244e+03 1.0504000244e+03 1.0503000488e+03 1.0503000488e+03 1.0503000488e+03 1.0503000488e+03 1.0503000488e+03 1.0505000000e+03 1.0506999512e+03 1.0509000244e+03 1.0511999512e+03 1.0515999756e+03 1.0520999756e+03 1.0525999756e+03 1.0530000000e+03 1.0530999756e+03 1.0534000244e+03 1.0535999756e+03
1.0445999756e+03 1.0449000244e+03 1.0451999512e+03 1.0454000244e+03 1.0455999756e+03 1.0458000488e+03 1.0460000000e+03 1.0461999512e+03 1.0465000000e+03 1.0466999512e+03 1.0470000000e+03 1.0471999512e+03 1.0475999756e+03 1.0479000244e+03 1.0484000244e+03 1.0488000488e+03 1.0491999512e+03 1.0495000000e+03 1.0496999512e+03 1.0500000000e+03 1.0501999512e+03 1.0505000000e+03 1.0505999756e+03 1.0505999756e+03 1.0505999756e+03 1.0505999756e+03 1.0505000000e+03 1.0505000000e+03 1.0504000244e+03 1.0504000244e+03 1.0503000488e+03 1.0503000488e+03 1.0504000244e+03 1.0505000000e+03 1.0505999756e+03 1.0509000244e+03 1.0513000488e+03 1.0515999756e+03 1.0519000244e+03 1.0523000488e+03 1.0528000488e+03 1.0531999512e+03 1.0534000244e+03 1.0535999756e+03 1.0538000488e+03 1.0540000000e+03
1.0449000244e+03 1.0451999512e+03 1.0454000244e+03 1.0455999756e+03 1.0459000244e+03 1.0461999512e+03 1.0464000244e+03 1.0465999756e+03 1.0468000488e+03 1.0470999756e+03 1.0474000244e+03 1.0475999756e+03 1.0479000244e+03 1.0483000488e+03 1.0489000244e+03 1.0493000488e+03 1.0495999756e+03 1.0498000488e+03 1.0500999756e+03 1.0503000488e+03 1.0505000000e+03 1.0506999512e+03 1.0506999512e+03 1.0506999512e+03 1.0506999512e+03 1.0505999756e+03 1.0505000000e+03 1.0505000000e+03 1.0504000244e+03 1.0504000244e+03 1.0504000244e+03 1.0505000000e+03 1.0505999756e+03 1.0509000244e+03 1.0510999756e+03 1.0515000000e+03 1.0520000000e+03 1.0525000000e+03 1.0528000488e+03 1.0530999756e+03 1.0534000244e+03 1.0536999512e+03 1.0539000244e+03 1.0540000000e+03 1.0541999512e+03 1.0544000244e+03
1.0451999512e+03 1.0455000000e+03 1.0456999512e+03 1.0460000000e+03 1.0463000488e+03 1.0465999756e+03 1.0466999512e+03 1.0469000244e+03 1.0471999512e+03 1.0475000000e+03 1.0478000488e+03 1.0480000000e+03 1.0484000244e+03 1.0489000244e+03 1.0494000244e+03 1.0496999512e+03 1.0499000244e+03 1.0501999512e+03 1.0504000244e+03 1.0505999756e+03 1.0506999512e+03 1.0508000488e+03 1.0508000488e+03 1.0506999512e+03 1.0506999512e+03 1.0505999756e+03 1.0505999756e+03 1.0505000000e+03 1.0505000000e+03 1.0505000000e+03 1.0505999756e+03 1.0508000488e+03 1.0510000000e+03 1.0513000488e+03 1.0516999512e+03 1.0520999756e+03 1.0525999756e+03 1.0530999756e+03 1.0535000000e+03 1.0536999512e+03 1.0539000244e+03 1.0540999756e+03 1.0543000488e+03 1.0544000244e+03 1.0545999756e+03 1.0548000488e+03
1.0456999512e+03 1.0460000000e+03 1.0463000488e+03 1.0465000000e+03 1.0468000488e+03 1.0470000000e+03 1.0470999756e+03 1.0473000488e+03 1.0475999756e+03 1.0480000000e+03 1.0484000244e+03 1.0485999756e+03 1.0490999756e+03 1.0496999512e+03 1.0499000244e+03 1.0500999756e+03 1.0503000488e+03 1.0505000000e+03 1.0506999512e+03 1.0509000244e+03 1.0509000244e+03 1.0508000488e+03 1.0508000488e+03 1.0506999512e+03 1.0506999512e+03 1.0506999512e+03 1.0505999756e+03 1.0505999756e+03 1.0506999512e+03 1.0508000488e+03 1.0509000244e+03 1.0511999512e+03 1.0515000000e+03 1.0518000488e+03 1.0521999512e+03 1.0525999756e+03 1.0530999756e+03 1.0535000000e+03 1.0538000488e+03 1.0540999756e+03 1.0543000488e+03 1.0544000244e+03 1.0545999756e+03 1.0546999512e+03 1.0549000244e+03 1.0550000000e+03
1.0463000488e+03 1.0465000000e+03 1.0468000488e+03 1.0470999756e+03 1.0473000488e+03 1.0474000244e+03 1.0475999756e+03 1.0478000488e+03 1.0480999756e+03 1.0485999756e+03 1.0490999756e+03 1.0494000244e+03 1.0498000488e+03 1.0501999512e+03 1.0503000488e+03 1.0504000244e+03 1.0505999756e+03 1.0508000488e+03 1.0509000244e+03 1.0509000244e+03 1.0509000244e+03 1.0509000244e+03 1.0508000488e+03 1.0508000488e+03 1.0508000488e+03 1.0508000488e+03 1.0508000488e+03 1.0509000244e+03 1.0510000000e+03 1.0511999512e+03 1.0515000000e+03 1.0518000488e+03 1.0520999756e+03 1.0524000244e+03 1.0526999512e+03 1.0530999756e+03 1.0535000000e+03 1.0539000244e+03 1.0541999512e+03 1.0544000244e+03 1.0546999512e+03 1.0548000488e+03 1.0549000244e+03 1.0550000000e+03 1.0550999756e+03 1.0551999512e+03
1.0466999512e+03 1.0470000000e+03 1.0473000488e+03 1.0475000000e+03 1.0478000488e+03 1.0479000244e+03 1.0480999756e+03 1.0484000244e+03 1.0488000488e+03 1.0493000488e+03 1.0498000488e+03 1.0500999756e+03 1.0504000244e+03 1.0505000000e+03 1.0506999512e+03 1.0506999512e+03 1.0509000244e+03 1.0510000000e+03 1.0510000000e+03 1.0510000000e+03 1.0509000244e+03 1.0509000244e+03 1.0509000244e+03 1.0508000488e+03 1.0509000244e+03 1.0510000000e+03 1.0510999756e+03 1.0513000488e+03 1.0515000000e+03 1.0518000488e+03 1.0520999756e+03 1.0524000244e+03 1.0526999512e+03 1.0530000000e+03 1.0534000244e+03 1.0536999512e+03 1.0540000000e+03 1.0543000488e+03 1.0545999756e+03 1.0549000244e+03 1.0550000000e+03 1.0550999756e+03 1.0550999756e+03 1.0551999512e+03 1.0554000244e+03 1.0555000000e+03
1.0471999512e+03 1.0475000000e+03 1.0476999512e+03 1.0479000244e+03 1.0480999756e+03 1.0483000488e+03 1.0485999756e+03 1.0490000000e+03 1.0494000244e+03 1.0499000244e+03 1.0504000244e+03 1.0506999512e+03 1.0509000244e+03 1.0509000244e+03 1.0510999756e+03 1.0510999756e+03 1.0510999756e+03 1.0510999756e+03 1.0510000000e+03 1.0510000000e+03 1.0510000000e+03 1.0509000244e+03 1.0509000244e+03 1.0510000000e+03 1.0511999512e+03 1.0515000000e+03 1.0515999756e+03 1.0518000488e+03 1.0520999756e+03 1.0524000244e+03 1.0526999512e+03 1.0530000000e+03 1.0533000488e+03 1.0535999756e+03 1.0539000244e+03 1.0540999756e+03 1.0544000244e+03 1.0548000488e+03 1.0550999756e+03 1.0553000488e+03 1.0555000000e+03 1.0555000000e+03 1.0555000000e+03 1.0555999756e+03 1.0556999512e+03 1.0556999512e+03
1.0475999756e+03 1.0479000244e+03 1.0480000000e+03 1.0481999512e+03 1.0485999756e+03 1.0488000488e+03 1.0490000000e+03 1.0494000244e+03 1.0500000000e+03 1.0505000000e+03 1.0510000000e+03 1.0511999512e+03 1.0513000488e+03 1.0513000488e+03 1.0513000488e+03 1.0513000488e+03 1.0511999512e+03 1.0511999512e+03 1.0510999756e+03 1.0510999756e+03 1.0510000000e+03 1.0510000000e+03 1.0510999756e+03 1.0513000488e+03 1.0516999512e+03 1.0520000000e+03 1.0523000488e+03 1.0525999756e+03 1.0529000244e+03 1.0531999512e+03 1.0535000000e+03 1.0536999512e+03 1.0538000488e+03 1.0540000000e+03 1.0541999512e+03 1.0545000000e+03 1.0548000488e+03 1.0551999512e+03 1.0555000000e+03 1.0556999512e+03 1.0558000488e+03 1.0559000244e+03 1.0560000000e+03 1.0560000000e+03 1.0560000000e+03 1.0560000000e+03
1.0480000000e+03 1.0483000488e+03 1.0484000244e+03 1.0486999512e+03 1.0490999756e+03 1.0494000244e+03 1.0495000000e+03 1.0499000244e+03 1.0505000000e+03 1.0510000000e+03 1.0513000488e+03 1.0515000000e+03 1.0515000000e+03 1.0515000000e+03 1.0514000244e+03 1.0514000244e+03 1.0513000488e+03 1.0511999512e+03 1.0511999512e+03 1.0510999756e+03 1.0510999756e+03 1.0511999512e+03 1.0515000000e+03 1.0519000244e+03 1.0523000488e+03 1.0526999512e+03 1.0530999756e+03 1.0534000244e+03 1.0536999512e+03 1.0539000244e+03 1.0540999756e+03 1.0543000488e+03 1.0543000488e+03 1.0545000000e+03 1.0546999512e+03 1.0550000000e+03 1.0553000488e+03 1.0555999756e+03 1.0559000244e+03 1.0560000000e+03 1.0561999512e+03 1.0561999512e+03 1.0563000488e+03 1.0563000488e+03 1.0563000488e+03 1.0563000488e+03
1.0481999512e+03 1.0485999756e+03 1.0488000488e+03 1.0491999512e+03 1.0495999756e+03 1.0499000244e+03 1.0500999756e+03 1.0505000000e+03 1.0510000000e+03 1.0514000244e+03 1.0515999756e+03 1.0516999512e+03 1.0515999756e+03 1.0515000000e+03 1.0515000000e+03 1.0514000244e+03 1.0513000488e+03 1.0513000488e+03 1.0511999512e+03 1.0511999512e+03 1.0513000488e+03 1.0515000000e+03 1.0520000000e+03 1.0525000000e+03 1.0529000244e+03 1.0534000244e+03 1.0536999512e+03 1.0540000000e+03 1.0543000488e+03 1.0545000000e+03 1.0545999756e+03 1.0546999512e+03 1.0549000244e+03 1.0550999756e+03 1.0553000488e+03 1.0555999756e+03 1.0560000000e+03 1.0561999512e+03 1.0564000244e+03 1.0565000000e+03 1.0565000000e+03 1.0565999756e+03 1.0565999756e+03 1.0565999756e+03 1.0565999756e+03 1.0565999756e+03
1.0484000244e+03 1.0489000244e+03 1.0491999512e+03 1.0495999756e+03 1.0499000244e+03 1.0503000488e+03 1.0505999756e+03 1.0510000000e+03 1.0515000000e+03 1.0516999512e+03 1.0516999512e+03 1.0516999512e+03 1.0515999756e+03 1.0515000000e+03 1.0515000000e+03 1.0514000244e+03 1.0514000244e+03 1.0514000244e+03 1.0514000244e+03 1.0514000244e+03 1.0516999512e+03 1.0520999756e+03 1.0525999756e+03 1.0530999756e+03 1.0535999756e+03 1.0540999756e+03 1.0543000488e+03 1.0545000000e+03 1.0546999512e+03 1.0549000244e+03 1.0550999756e+03 1.0553000488e+03 1.0555000000e+03 1.0558000488e+03 1.0560000000e+03 1.0564000244e+03 1.0566999512e+03 1.0568000488e+03 1.0568000488e+03 1.0568000488e+03 1.0569000244e+03 1.0569000244e+03 1.0569000244e+03 1.0569000244e+03 1.0569000244e+03 1.0569000244e+03
1.0486999512e+03 1.0491999512e+03 1.0495999756e+03 1.0499000244e+03 1.0503000488e+03 1.0506999512e+03 1.0510000000e+03 1.0514000244e+03 1.0518000488e+03 1.0518000488e+03 1.0516999512e+03 1.0516999512e+03 1.0515999756e+03 1.0515000000e+03 1.0515000000e+03 1.0515000000e+03 1.0515000000e+03 1.0515000000e+03 1.0515999756e+03 1.0519000244e+03 1.0523000488e+03 1.0528000488e+03 1.0533000488e+03 1.0538000488e+03 1.0543000488e+03 1.0545999756e+03 1.0548000488e+03 1.0549000244e+03 1.0550999756e+03 1.0553000488e+03 1.0555999756e+03 1.0559000244e+03 1.0561999512e+03 1.0564000244e+03 1.0566999512e+03 1.0570999756e+03 1.0573000488e+03 1.0574000244e+03 1.0573000488e+03 1.0573000488e+03 1.0573000488e+03 1.0574000244e+03 1.0573000488e+03 1.0573000488e+03 1.0573000488e+03 1.0573000488e+03
1.0490000000e+03 1.0495000000e+03 1.0500000000e+03 1.0504000244e+03 1.0506999512e+03 1.0510999756e+03 1.0515000000e+03 1.0518000488e+03 1.0519000244e+03 1.0519000244e+03 1.0518000488e+03 1.0516999512e+03 1.0516999512e+03 1.0515999756e+03 1.0515999756e+03 1.0515999756e+03 1.0516999512e+03 1.0519000244e+03 1.0520999756e+03 1.0525000000e+03 1.0530000000e+03 1.0535000000e+03 1.0539000244e+03 1.0543000488e+03 1.0546999512e+03 1.0550000000e+03 1.0550999756e+03 1.0551999512e+03 1.0555000000e+03 1.0558000488e+03 1.0560999756e+03 1.0565000000e+03 1.0568000488e+03 1.0570000000e+03 1.0573000488e+03 1.0575999756e+03 1.0578000488e+03 1.0579000244e+03 1.0579000244e+03 1.0579000244e+03 1.0578000488e+03 1.0578000488e+03 1.0576999512e+03 1.0576999512e+03 1.0576999512e+03 1.0575999756e+03
1.0495000000e+03 1.0500000000e+03 1.0504000244e+03 1.0508000488e+03 1.0511999512e+03 1.0515999756e+03 1.0518000488e+03 1.0520000000e+03 1.0520000000e+03 1.0519000244e+03 1.0518000488e+03 1.0516999512e+03 1.0516999512e+03 1.0516999512e+03 1.0516999512e+03 1.0516999512e+03 1.0520000000e+03 1.0524000244e+03 1.0528000488e+03 1.0531999512e+03 1.0536999512e+03 1.0543000488e+03 1.0545999756e+03 1.0546999512e+03 1.0550000000e+03 1.0551999512e+03 1.0553000488e+03 1.0555000000e+03 1.0558000488e+03 1.0560999756e+03 1.0564000244e+03 1.0569000244e+03 1.0571999512e+03 1.0575000000e+03 1.0576999512e+03 1.0580000000e+03 1.0581999512e+03 1.0583000488e+03 1.0584000244e+03 1.0583000488e+03 1.0583000488e+03 1.0581999512e+03 1.0580999756e+03 1.0580999756e+03 1.0580000000e+03 1.0579000244e+03
1.0500999756e+03 1.0505000000e+03 1.0510000000e+03 1.0514000244e+03 1.0516999512e+03 1.0520000000e+03 1.0520000000e+03 1.0520000000e+03 1.0520000000e+03 1.0519000244e+03 1.0519000244e+03 1.0518000488e+03 1.0518000488e+03 1.0518000488e+03 1.0518000488e+03 1.0520999756e+03 1.0525000000e+03 1.0529000244e+03 1.0534000244e+03 1.0539000244e+03 1.0544000244e+03 1.0549000244e+03 1.0550000000e+03 1.0550000000e+03 1.0551999512e+03 1.0554000244e+03 1.0555000000e+03 1.0556999512e+03 1.0560000000e+03 1.0563000488e+03 1.0566999512e+03 1.0570999756e+03 1.0574000244e+03 1.0576999512e+03 1.0580000000e+03 1.0583000488e+03 1.0585000000e+03 1.0585999756e+03 1.0586999512e+03 1.0586999512e+03 1.0585999756e+03 1.0585999756e+03 1.0585000000e+03 1.0585000000e+03 1.0584000244e+03 1.0583000488e+03
