DGM_1M_UPPER_AUSTRIA/9/19.asc
NCOLS 100
NROWS 100
XLLCORNER 6.1050500000e+04
YLLCORNER 2.9338850000e+05
CELLSIZE 1.0000000000e+00
NODATA_VALUE -9.9990000000e+03
[rows 0 to 19 of 100, columns 0 to 45 of 100]
1.0025000000e+03 1.0027000122e+03 1.0029000244e+03 1.0032999878e+03 1.0037000122e+03 1.0040999756e+03 1.0045000000e+03 1.0047999878e+03 1.0050999756e+03 1.0054000244e+03 1.0057000122e+03 1.0060999756e+03 1.0065000000e+03 1.0069000244e+03 1.0072999878e+03 1.0077000122e+03 1.0082000122e+03 1.0087000122e+03 1.0090999756e+03 1.0094000244e+03 1.0097000122e+03 1.0100000000e+03 1.0102999878e+03 1.0105999756e+03 1.0110000000e+03 1.0114000244e+03 1.0117999878e+03 1.0122000122e+03 1.0125000000e+03 1.0127999878e+03 1.0132999878e+03 1.0137999878e+03 1.0140999756e+03 1.0145000000e+03 1.0149000244e+03 1.0152999878e+03 1.0157999878e+03 1.0160999756e+03 1.0164000244e+03 1.0167000122e+03 1.0170999756e+03 1.0175000000e+03 1.0179000244e+03 1.0182999878e+03 1.0187999878e+03 1.0192000122e+03
1.0030999756e+03 1.0032999878e+03 1.0035999756e+03 1.0040000000e+03 1.0044000244e+03 1.0047999878e+03 1.0050999756e+03 1.0052999878e+03 1.0055000000e+03 1.0057999878e+03 1.0060999756e+03 1.0065000000e+03 1.0069000244e+03 1.0072999878e+03 1.0077000122e+03 1.0080999756e+03 1.0085999756e+03 1.0090999756e+03 1.0094000244e+03 1.0097000122e+03 1.0100000000e+03 1.0102999878e+03 1.0105999756e+03 1.0110000000e+03 1.0112999878e+03 1.0117000122e+03 1.0120999756e+03 1.0125000000e+03 1.0127999878e+03 1.0130999756e+03 1.0135999756e+03 1.0142000122e+03 1.0145000000e+03 1.0150000000e+03 1.0154000244e+03 1.0157000122e+03 1.0160000000e+03 1.0162999878e+03 1.0165999756e+03 1.0170000000e+03 1.0175000000e+03 1.0179000244e+03 1.0182999878e+03 1.0187000122e+03 1.0190999756e+03 1.0195000000e+03
1.0035999756e+03 1.0039000244e+03 1.0042000122e+03 1.0045000000e+03 1.0049000244e+03 1.0052999878e+03 1.0055999756e+03 1.0057000122e+03 1.0059000244e+03 1.0062000122e+03 1.0065000000e+03 1.0069000244e+03 1.0072999878e+03 1.0077999878e+03 1.0080999756e+03 1.0084000244e+03 1.0087999878e+03 1.0092999878e+03 1.0095999756e+03 1.0099000244e+03 1.0102999878e+03 1.0105999756e+03 1.0109000244e+03 1.0112999878e+03 1.0117000122e+03 1.0120000000e+03 1.0125000000e+03 1.0129000244e+03 1.0132000122e+03 1.0135000000e+03 1.0140000000e+03 1.0145000000e+03 1.0149000244e+03 1.0152999878e+03 1.0155999756e+03 1.0157999878e+03 1.0162000122e+03 1.0165999756e+03 1.0169000244e+03 1.0174000244e+03 1.0177999878e+03 1.0182999878e+03 1.0185999756e+03 1.0190000000e+03 1.0194000244e+03 1.0197999878e+03
1.0042000122e+03 1.0045000000e+03 1.0047000122e+03 1.0050000000e+03 1.0054000244e+03 1.0057999878e+03 1.0060000000e+03 1.0060999756e+03 1.0062999878e+03 1.0065000000e+03 1.0069000244e+03 1.0072999878e+03 1.0077999878e+03 1.0082999878e+03 1.0085000000e+03 1.0087999878e+03 1.0092000122e+03 1.0095999756e+03 1.0099000244e+03 1.0102000122e+03 1.0105000000e+03 1.0109000244e+03 1.0114000244e+03 1.0119000244e+03 1.0122999878e+03 1.0125999756e+03 1.0129000244e+03 1.0134000244e+03 1.0137000122e+03 1.0140999756e+03 1.0145000000e+03 1.0149000244e+03 1.0152000122e+03 1.0155000000e+03 1.0157999878e+03 1.0160999756e+03 1.0165999756e+03 1.0169000244e+03 1.0172000122e+03 1.0177000122e+03 1.0180999756e+03 1.0185999756e+03 1.0189000244e+03 1.0192999878e+03 1.0197000122e+03 1.0200999756e+03
1.0047000122e+03 1.0049000244e+03 1.0052000122e+03 1.0055000000e+03 1.0059000244e+03 1.0062000122e+03 1.0065000000e+03 1.0067000122e+03 1.0067999878e+03 1.0070999756e+03 1.0074000244e+03 1.0077999878e+03 1.0082000122e+03 1.0085999756e+03 1.0087999878e+03 1.0092000122e+03 1.0095999756e+03 1.0100000000e+03 1.0102999878e+03 1.0105999756e+03 1.0109000244e+03 1.0114000244e+03 1.0119000244e+03 1.0125000000e+03 1.0127999878e+03 1.0130000000e+03 1.0132999878e+03 1.0137999878e+03 1.0142000122e+03 1.0145000000e+03 1.0149000244e+03 1.0152999878e+03 1.0155999756e+03 1.0160000000e+03 1.0162999878e+03 1.0167000122e+03 1.0170000000e+03 1.0172999878e+03 1.0175999756e+03 1.0179000244e+03 1.0182999878e+03 1.0187999878e+03 1.0192000122e+03 1.0195999756e+03 1.0200000000e+03 1.0205000000e+03
1.0052999878e+03 1.0055000000e+03 1.0057000122e+03 1.0060000000e+03 1.0064000244e+03 1.0067000122e+03 1.0070000000e+03 1.0072000122e+03 1.0074000244e+03 1.0077000122e+03 1.0080000000e+03 1.0082999878e+03 1.0085999756e+03 1.0089000244e+03 1.0092000122e+03 1.0095999756e+03 1.0100999756e+03 1.0105000000e+03 1.0107999878e+03 1.0110000000e+03 1.0114000244e+03 1.0117000122e+03 1.0122000122e+03 1.0127000122e+03 1.0130999756e+03 1.0132999878e+03 1.0137000122e+03 1.0140999756e+03 1.0145000000e+03 1.0149000244e+03 1.0152000122e+03 1.0155999756e+03 1.0160000000e+03 1.0164000244e+03 1.0167000122e+03 1.0170000000e+03 1.0174000244e+03 1.0175999756e+03 1.0179000244e+03 1.0182000122e+03 1.0185999756e+03 1.0190000000e+03 1.0194000244e+03 1.0199000244e+03 1.0202999878e+03 1.0207999878e+03
1.0057999878e+03 1.0060000000e+03 1.0062000122e+03 1.0065000000e+03 1.0067999878e+03 1.0072000122e+03 1.0074000244e+03 1.0077000122e+03 1.0079000244e+03 1.0082000122e+03 1.0085000000e+03 1.0087000122e+03 1.0090000000e+03 1.0094000244e+03 1.0097000122e+03 1.0100999756e+03 1.0105999756e+03 1.0109000244e+03 1.0112000122e+03 1.0115000000e+03 1.0117999878e+03 1.0120999756e+03 1.0125000000e+03 1.0129000244e+03 1.0132999878e+03 1.0137000122e+03 1.0140000000e+03 1.0144000244e+03 1.0147999878e+03 1.0150999756e+03 1.0155000000e+03 1.0159000244e+03 1.0162999878e+03 1.0167000122e+03 1.0170000000e+03 1.0174000244e+03 1.0177000122e+03 1.0180000000e+03 1.0182999878e+03 1.0185999756e+03 1.0190000000e+03 1.0194000244e+03 1.0197999878e+03 1.0202000122e+03 1.0207000122e+03 1.0210999756e+03
1.0062999878e+03 1.0065000000e+03 1.0067000122e+03 1.0070000000e+03 1.0072999878e+03 1.0075000000e+03 1.0077000122e+03 1.0080000000e+03 1.0082999878e+03 1.0085999756e+03 1.0089000244e+03 1.0092000122e+03 1.0095000000e+03 1.0099000244e+03 1.0102000122e+03 1.0105999756e+03 1.0110000000e+03 1.0114000244e+03 1.0117000122e+03 1.0120000000e+03 1.0122999878e+03 1.0125999756e+03 1.0129000244e+03 1.0134000244e+03 1.0137000122e+03 1.0140999756e+03 1.0144000244e+03 1.0147000122e+03 1.0150999756e+03 1.0155000000e+03 1.0157999878e+03 1.0160999756e+03 1.0165000000e+03 1.0170000000e+03 1.0175000000e+03 1.0177999878e+03 1.0180999756e+03 1.0185000000e+03 1.0187999878e+03 1.0190999756e+03 1.0194000244e+03 1.0197999878e+03 1.0202000122e+03 1.0205999756e+03 1.0210000000e+03 1.0215000000e+03
1.0069000244e+03 1.0072000122e+03 1.0074000244e+03 1.0075999756e+03 1.0077999878e+03 1.0080000000e+03 1.0082000122e+03 1.0085000000e+03 1.0087999878e+03 1.0090999756e+03 1.0094000244e+03 1.0097000122e+03 1.0100000000e+03 1.0104000244e+03 1.0107000122e+03 1.0110999756e+03 1.0115000000e+03 1.0117999878e+03 1.0120999756e+03 1.0124000244e+03 1.0127999878e+03 1.0130999756e+03 1.0134000244e+03 1.0137999878e+03 1.0142000122e+03 1.0145000000e+03 1.0147999878e+03 1.0150999756e+03 1.0155000000e+03 1.0159000244e+03 1.0162999878e+03 1.0165999756e+03 1.0170000000e+03 1.0174000244e+03 1.0177999878e+03 1.0182000122e+03 1.0185999756e+03 1.0189000244e+03 1.0192000122e+03 1.0195000000e+03 1.0197999878e+03 1.0202000122e+03 1.0205999756e+03 1.0210000000e+03 1.0214000244e+03 1.0217999878e+03
1.0075000000e+03 1.0079000244e+03 1.0080999756e+03 1.0082999878e+03 1.0084000244e+03 1.0085999756e+03 1.0087999878e+03 1.0090999756e+03 1.0094000244e+03 1.0097000122e+03 1.0099000244e+03 1.0102000122e+03 1.0105000000e+03 1.0109000244e+03 1.0112000122e+03 1.0117000122e+03 1.0120999756e+03 1.0122999878e+03 1.0125000000e+03 1.0127999878e+03 1.0130999756e+03 1.0135000000e+03 1.0137999878e+03 1.0142000122e+03 1.0145999756e+03 1.0150000000e+03 1.0152999878e+03 1.0155999756e+03 1.0160000000e+03 1.0164000244e+03 1.0167999878e+03 1.0172000122e+03 1.0175000000e+03 1.0179000244e+03 1.0182000122e+03 1.0185999756e+03 1.0190000000e+03 1.0192999878e+03 1.0195999756e+03 1.0199000244e+03 1.0202000122e+03 1.0205999756e+03 1.0210000000e+03 1.0214000244e+03 1.0217000122e+03 1.0222000122e+03
1.0082000122e+03 1.0085000000e+03 1.0087999878e+03 1.0090000000e+03 1.0090000000e+03 1.0090999756e+03 1.0094000244e+03 1.0097000122e+03 1.0099000244e+03 1.0102000122e+03 1.0104000244e+03 1.0107000122e+03 1.0110999756e+03 1.0114000244e+03 1.0117999878e+03 1.0122999878e+03 1.0125999756e+03 1.0127000122e+03 1.0130000000e+03 1.0132000122e+03 1.0135999756e+03 1.0139000244e+03 1.0142000122e+03 1.0145999756e+03 1.0150000000e+03 1.0154000244e+03 1.0157999878e+03 1.0160999756e+03 1.0164000244e+03 1.0167999878e+03 1.0172000122e+03 1.0175999756e+03 1.0180000000e+03 1.0182999878e+03 1.0185999756e+03 1.0190000000e+03 1.0192999878e+03 1.0195999756e+03 1.0199000244e+03 1.0202000122e+03 1.0205999756e+03 1.0210000000e+03 1.0212999878e+03 1.0217000122e+03 1.0222000122e+03 1.0225999756e+03
1.0087999878e+03 1.0090000000e+03 1.0094000244e+03 1.0095999756e+03 1.0095999756e+03 1.0097000122e+03 1.0100000000e+03 1.0102000122e+03 1.0104000244e+03 1.0107000122e+03 1.0110000000e+03 1.0112999878e+03 1.0117000122e+03 1.0120000000e+03 1.0124000244e+03 1.0127000122e+03 1.0129000244e+03 1.0130999756e+03 1.0135000000e+03 1.0137999878e+03 1.0140999756e+03 1.0142999878e+03 1.0147000122e+03 1.0150999756e+03 1.0154000244e+03 1.0157000122e+03 1.0160999756e+03 1.0165000000e+03 1.0167999878e+03 1.0172000122e+03 1.0175000000e+03 1.0180000000e+03 1.0182999878e+03 1.0187000122e+03 1.0190000000e+03 1.0192999878e+03 1.0197000122e+03 1.0200000000e+03 1.0202000122e+03 1.0205999756e+03 1.0210000000e+03 1.0214000244e+03 1.0217000122e+03 1.0220999756e+03 1.0225999756e+03 1.0230999756e+03
1.0095000000e+03 1.0097000122e+03 1.0099000244e+03 1.0100999756e+03 1.0102000122e+03 1.0102999878e+03 1.0105000000e+03 1.0107000122e+03 1.0109000244e+03 1.0112000122e+03 1.0115000000e+03 1.0119000244e+03 1.0122000122e+03 1.0125999756e+03 1.0129000244e+03 1.0130999756e+03 1.0132999878e+03 1.0135999756e+03 1.0140000000e+03 1.0142999878e+03 1.0145999756e+03 1.0147999878e+03 1.0152000122e+03 1.0155000000e+03 1.0159000244e+03 1.0160999756e+03 1.0165000000e+03 1.0167999878e+03 1.0172000122e+03 1.0175000000e+03 1.0179000244e+03 1.0182999878e+03 1.0187000122e+03 1.0190999756e+03 1.0194000244e+03 1.0197000122e+03 1.0200999756e+03 1.0204000244e+03 1.0205999756e+03 1.0209000244e+03 1.0212999878e+03 1.0217000122e+03 1.0220000000e+03 1.0225000000e+03 1.0230000000e+03 1.0235000000e+03
1.0102000122e+03 1.0102999878e+03 1.0105000000e+03 1.0107000122e+03 1.0107999878e+03 1.0109000244e+03 1.0110000000e+03 1.0112000122e+03 1.0115000000e+03 1.0117999878e+03 1.0120000000e+03 1.0124000244e+03 1.0127999878e+03 1.0130999756e+03 1.0134000244e+03 1.0135999756e+03 1.0139000244e+03 1.0142000122e+03 1.0145000000e+03 1.0147999878e+03 1.0150999756e+03 1.0154000244e+03 1.0155999756e+03 1.0160000000e+03 1.0162999878e+03 1.0165999756e+03 1.0170000000e+03 1.0172999878e+03 1.0175999756e+03 1.0179000244e+03 1.0182000122e+03 1.0187000122e+03 1.0190999756e+03 1.0194000244e+03 1.0197999878e+03 1.0200999756e+03 1.0205999756e+03 1.0209000244e+03 1.0210999756e+03 1.0214000244e+03 1.0217999878e+03 1.0220000000e+03 1.0224000244e+03 1.0227999878e+03 1.0234000244e+03 1.0237000122e+03
1.0109000244e+03 1.0110000000e+03 1.0110999756e+03 1.0112000122e+03 1.0112999878e+03 1.0115000000e+03 1.0115999756e+03 1.0117999878e+03 1.0120000000e+03 1.0122999878e+03 1.0125000000e+03 1.0129000244e+03 1.0132000122e+03 1.0135000000e+03 1.0137999878e+03 1.0140999756e+03 1.0144000244e+03 1.0147000122e+03 1.0150999756e+03 1.0154000244e+03 1.0157000122e+03 1.0159000244e+03 1.0162000122e+03 1.0165000000e+03 1.0167999878e+03 1.0170999756e+03 1.0174000244e+03 1.0177000122e+03 1.0180000000e+03 1.0182999878e+03 1.0187000122e+03 1.0190999756e+03 1.0195000000e+03 1.0199000244e+03 1.0202000122e+03 1.0205999756e+03 1.0210999756e+03 1.0214000244e+03 1.0215999756e+03 1.0219000244e+03 1.0222000122e+03 1.0224000244e+03 1.0227999878e+03 1.0232000122e+03 1.0235999756e+03 1.0240000000e+03
1.0115999756e+03 1.0117000122e+03 1.0117000122e+03 1.0117999878e+03 1.0120000000e+03 1.0120999756e+03 1.0122000122e+03 1.0124000244e+03 1.0127000122e+03 1.0130000000e+03 1.0130999756e+03 1.0132999878e+03 1.0135999756e+03 1.0140000000e+03 1.0142999878e+03 1.0145999756e+03 1.0149000244e+03 1.0152999878e+03 1.0157000122e+03 1.0160999756e+03 1.0162999878e+03 1.0164000244e+03 1.0167000122e+03 1.0170000000e+03 1.0172999878e+03 1.0175999756e+03 1.0179000244e+03 1.0182000122e+03 1.0185000000e+03 1.0187999878e+03 1.0192999878e+03 1.0197000122e+03 1.0200000000e+03 1.0202999878e+03 1.0205999756e+03 1.0210999756e+03 1.0215000000e+03 1.0217000122e+03 1.0219000244e+03 1.0222000122e+03 1.0225000000e+03 1.0227999878e+03 1.0232000122e+03 1.0235999756e+03 1.0240000000e+03 1.0244000244e+03
1.0120999756e+03 1.0122999878e+03 1.0124000244e+03 1.0124000244e+03 1.0125999756e+03 1.0127000122e+03 1.0127999878e+03 1.0129000244e+03 1.0132000122e+03 1.0135000000e+03 1.0135999756e+03 1.0137999878e+03 1.0140999756e+03 1.0145000000e+03 1.0149000244e+03 1.0152999878e+03 1.0155000000e+03 1.0159000244e+03 1.0162999878e+03 1.0165999756e+03 1.0167999878e+03 1.0169000244e+03 1.0172999878e+03 1.0175999756e+03 1.0177999878e+03 1.0180999756e+03 1.0184000244e+03 1.0187000122e+03 1.0190000000e+03 1.0195000000e+03 1.0200000000e+03 1.0204000244e+03 1.0205000000e+03 1.0207999878e+03 1.0210000000e+03 1.0214000244e+03 1.0217999878e+03 1.0220000000e+03 1.0222000122e+03 1.0225999756e+03 1.0229000244e+03 1.0232000122e+03 1.0235999756e+03 1.0240999756e+03 1.0244000244e+03 1.0248000488e+03
1.0125999756e+03 1.0127999878e+03 1.0130000000e+03 1.0130000000e+03 1.0132000122e+03 1.0134000244e+03 1.0134000244e+03 1.0135000000e+03 1.0135999756e+03 1.0139000244e+03 1.0140000000e+03 1.0142999878e+03 1.0145999756e+03 1.0150000000e+03 1.0154000244e+03 1.0157999878e+03 1.0160999756e+03 1.0162999878e+03 1.0167999878e+03 1.0170999756e+03 1.0172000122e+03 1.0174000244e+03 1.0177000122e+03 1.0180000000e+03 1.0182999878e+03 1.0187000122e+03 1.0190000000e+03 1.0192999878e+03 1.0197000122e+03 1.0200000000e+03 1.0205000000e+03 1.0207999878e+03 1.0210000000e+03 1.0212000122e+03 1.0214000244e+03 1.0217000122e+03 1.0220999756e+03 1.0225000000e+03 1.0227999878e+03 1.0230999756e+03 1.0234000244e+03 1.0237000122e+03 1.0240999756e+03 1.0245000000e+03 1.0249000244e+03 1.0251999512e+03
1.0132000122e+03 1.0132999878e+03 1.0135000000e+03 1.0135999756e+03 1.0137000122e+03 1.0139000244e+03 1.0140000000e+03 1.0140999756e+03 1.0142999878e+03 1.0144000244e+03 1.0145999756e+03 1.0147999878e+03 1.0150999756e+03 1.0155000000e+03 1.0159000244e+03 1.0162999878e+03 1.0165000000e+03 1.0167999878e+03 1.0170999756e+03 1.0174000244e+03 1.0175999756e+03 1.0177999878e+03 1.0182000122e+03 1.0185000000e+03 1.0189000244e+03 1.0192000122e+03 1.0195000000e+03 1.0197999878e+03 1.0200999756e+03 1.0205000000e+03 1.0207999878e+03 1.0210999756e+03 1.0214000244e+03 1.0217000122e+03 1.0219000244e+03 1.0222000122e+03 1.0225999756e+03 1.0229000244e+03 1.0232000122e+03 1.0235000000e+03 1.0237999878e+03 1.0240999756e+03 1.0245000000e+03 1.0249000244e+03 1.0253000488e+03 1.0255999756e+03
1.0137999878e+03 1.0139000244e+03 1.0140000000e+03 1.0140999756e+03 1.0142000122e+03 1.0144000244e+03 1.0145999756e+03 1.0147000122e+03 1.0149000244e+03 1.0150999756e+03 1.0152000122e+03 1.0152999878e+03 1.0155999756e+03 1.0160000000e+03 1.0162999878e+03 1.0165999756e+03 1.0169000244e+03 1.0172000122e+03 1.0175000000e+03 1.0177000122e+03 1.0180000000e+03 1.0182999878e+03 1.0187000122e+03 1.0190000000e+03 1.0192999878e+03 1.0195999756e+03 1.0199000244e+03 1.0200999756e+03 1.0205000000e+03 1.0207999878e+03 1.0210999756e+03 1.0214000244e+03 1.0217999878e+03 1.0220999756e+03 1.0224000244e+03 1.0227000122e+03 1.0230999756e+03 1.0234000244e+03 1.0235999756e+03 1.0237999878e+03 1.0240999756e+03 1.0245000000e+03 1.0250000000e+03 1.0254000244e+03 1.0255999756e+03 1.0260000000e+03
