DGM_1M_UPPER_AUSTRIA/37/27.asc
NCOLS 100
NROWS 100
XLLCORNER 6.3850500000e+04
YLLCORNER 2.9258850000e+05
CELLSIZE 1.0000000000e+00
NODATA_VALUE -9.9990000000e+03
[rows 80 to 99 of 100, columns 0 to 45 of 100]
5.2509997559e+02 5.2509997559e+02 5.2509997559e+02 5.2500000000e+02 5.2490002441e+02 5.2459997559e+02 5.2429998779e+02 5.2400000000e+02 5.2370001221e+02 5.2340002441e+02 5.2329998779e+02 5.2309997559e+02 5.2309997559e+02 5.2309997559e+02 5.2300000000e+02 5.2300000000e+02 5.2290002441e+02 5.2290002441e+02 5.2290002441e+02 5.2300000000e+02 5.2300000000e+02 5.2300000000e+02 5.2300000000e+02 5.2309997559e+02 5.2309997559e+02 5.2309997559e+02 5.2309997559e+02 5.2309997559e+02 5.2320001221e+02 5.2320001221e+02 5.2320001221e+02 5.2320001221e+02 5.2320001221e+02 5.2320001221e+02 5.2320001221e+02 5.2320001221e+02 5.2320001221e+02 5.2320001221e+02 5.2320001221e+02 5.2320001221e+02 5.2320001221e+02 5.2320001221e+02 5.2320001221e+02 5.2320001221e+02 5.2329998779e+02 5.2329998779e+02
5.2509997559e+02 5.2509997559e+02 5.2509997559e+02 5.2520001221e+02 5.2509997559e+02 5.2500000000e+02 5.2479998779e+02 5.2450000000e+02 5.2429998779e+02 5.2390002441e+02 5.2359997559e+02 5.2340002441e+02 5.2320001221e+02 5.2309997559e+02 5.2309997559e+02 5.2300000000e+02 5.2300000000e+02 5.2300000000e+02 5.2300000000e+02 5.2300000000e+02 5.2300000000e+02 5.2300000000e+02 5.2309997559e+02 5.2309997559e+02 5.2309997559e+02 5.2309997559e+02 5.2309997559e+02 5.2309997559e+02 5.2320001221e+02 5.2320001221e+02 5.2329998779e+02 5.2329998779e+02 5.2329998779e+02 5.2329998779e+02 5.2329998779e+02 5.2329998779e+02 5.2329998779e+02 5.2329998779e+02 5.2329998779e+02 5.2329998779e+02 5.2329998779e+02 5.2329998779e+02 5.2329998779e+02 5.2329998779e+02 5.2329998779e+02 5.2329998779e+02
5.2520001221e+02 5.2520001221e+02 5.2520001221e+02 5.2520001221e+02 5.2520001221e+02 5.2520001221e+02 5.2509997559e+02 5.2500000000e+02 5.2479998779e+02 5.2450000000e+02 5.2420001221e+02 5.2390002441e+02 5.2359997559e+02 5.2340002441e+02 5.2320001221e+02 5.2309997559e+02 5.2309997559e+02 5.2300000000e+02 5.2300000000e+02 5.2309997559e+02 5.2309997559e+02 5.2309997559e+02 5.2309997559e+02 5.2309997559e+02 5.2309997559e+02 5.2309997559e+02 5.2309997559e+02 5.2320001221e+02 5.2320001221e+02 5.2320001221e+02 5.2329998779e+02 5.2329998779e+02 5.2329998779e+02 5.2329998779e+02 5.2329998779e+02 5.2329998779e+02 5.2329998779e+02 5.2329998779e+02 5.2329998779e+02 5.2329998779e+02 5.2329998779e+02 5.2329998779e+02 5.2329998779e+02 5.2329998779e+02 5.2329998779e+02 5.2329998779e+02
5.2520001221e+02 5.2520001221e+02 5.2520001221e+02 5.2520001221e+02 5.2529998779e+02 5.2520001221e+02 5.2520001221e+02 5.2520001221e+02 5.2520001221e+02 5.2500000000e+02 5.2479998779e+02 5.2450000000e+02 5.2409997559e+02 5.2390002441e+02 5.2359997559e+02 5.2340002441e+02 5.2320001221e+02 5.2320001221e+02 5.2309997559e+02 5.2309997559e+02 5.2309997559e+02 5.2309997559e+02 5.2309997559e+02 5.2309997559e+02 5.2309997559e+02 5.2309997559e+02 5.2309997559e+02 5.2320001221e+02 5.2320001221e+02 5.2320001221e+02 5.2329998779e+02 5.2329998779e+02 5.2329998779e+02 5.2329998779e+02 5.2340002441e+02 5.2340002441e+02 5.2340002441e+02 5.2340002441e+02 5.2340002441e+02 5.2340002441e+02 5.2340002441e+02 5.2340002441e+02 5.2340002441e+02 5.2340002441e+02 5.2340002441e+02 5.2340002441e+02
5.2520001221e+02 5.2520001221e+02 5.2520001221e+02 5.2529998779e+02 5.2529998779e+02 5.2529998779e+02 5.2529998779e+02 5.2529998779e+02 5.2540002441e+02 5.2529998779e+02 5.2520001221e+02 5.2500000000e+02 5.2479998779e+02 5.2440002441e+02 5.2409997559e+02 5.2379998779e+02 5.2350000000e+02 5.2329998779e+02 5.2320001221e+02 5.2320001221e+02 5.2320001221e+02 5.2320001221e+02 5.2320001221e+02 5.2320001221e+02 5.2309997559e+02 5.2320001221e+02 5.2320001221e+02 5.2320001221e+02 5.2320001221e+02 5.2329998779e+02 5.2329998779e+02 5.2329998779e+02 5.2329998779e+02 5.2329998779e+02 5.2340002441e+02 5.2340002441e+02 5.2340002441e+02 5.2340002441e+02 5.2340002441e+02 5.2340002441e+02 5.2340002441e+02 5.2340002441e+02 5.2340002441e+02 5.2340002441e+02 5.2340002441e+02 5.2340002441e+02
5.2529998779e+02 5.2529998779e+02 5.2529998779e+02 5.2529998779e+02 5.2529998779e+02 5.2529998779e+02 5.2529998779e+02 5.2529998779e+02 5.2540002441e+02 5.2540002441e+02 5.2540002441e+02 5.2540002441e+02 5.2520001221e+02 5.2500000000e+02 5.2459997559e+02 5.2429998779e+02 5.2400000000e+02 5.2370001221e+02 5.2350000000e+02 5.2340002441e+02 5.2329998779e+02 5.2320001221e+02 5.2320001221e+02 5.2320001221e+02 5.2320001221e+02 5.2320001221e+02 5.2320001221e+02 5.2320001221e+02 5.2320001221e+02 5.2329998779e+02 5.2329998779e+02 5.2329998779e+02 5.2329998779e+02 5.2340002441e+02 5.2340002441e+02 5.2340002441e+02 5.2340002441e+02 5.2340002441e+02 5.2340002441e+02 5.2340002441e+02 5.2340002441e+02 5.2340002441e+02 5.2340002441e+02 5.2340002441e+02 5.2340002441e+02 5.2340002441e+02
5.2529998779e+02 5.2529998779e+02 5.2529998779e+02 5.2529998779e+02 5.2529998779e+02 5.2540002441e+02 5.2540002441e+02 5.2540002441e+02 5.2540002441e+02 5.2540002441e+02 5.2540002441e+02 5.2540002441e+02 5.2540002441e+02 5.2529998779e+02 5.2520001221e+02 5.2490002441e+02 5.2459997559e+02 5.2429998779e+02 5.2400000000e+02 5.2379998779e+02 5.2359997559e+02 5.2340002441e+02 5.2329998779e+02 5.2320001221e+02 5.2320001221e+02 5.2320001221e+02 5.2320001221e+02 5.2320001221e+02 5.2320001221e+02 5.2329998779e+02 5.2329998779e+02 5.2329998779e+02 5.2329998779e+02 5.2329998779e+02 5.2340002441e+02 5.2340002441e+02 5.2340002441e+02 5.2340002441e+02 5.2340002441e+02 5.2350000000e+02 5.2350000000e+02 5.2350000000e+02 5.2350000000e+02 5.2350000000e+02 5.2350000000e+02 5.2350000000e+02
5.2529998779e+02 5.2529998779e+02 5.2540002441e+02 5.2540002441e+02 5.2540002441e+02 5.2540002441e+02 5.2540002441e+02 5.2540002441e+02 5.2540002441e+02 5.2540002441e+02 5.2540002441e+02 5.2550000000e+02 5.2550000000e+02 5.2550000000e+02 5.2550000000e+02 5.2540002441e+02 5.2520001221e+02 5.2500000000e+02 5.2459997559e+02 5.2440002441e+02 5.2409997559e+02 5.2379998779e+02 5.2359997559e+02 5.2340002441e+02 5.2329998779e+02 5.2320001221e+02 5.2320001221e+02 5.2320001221e+02 5.2329998779e+02 5.2329998779e+02 5.2329998779e+02 5.2329998779e+02 5.2329998779e+02 5.2329998779e+02 5.2340002441e+02 5.2340002441e+02 5.2340002441e+02 5.2350000000e+02 5.2350000000e+02 5.2350000000e+02 5.2350000000e+02 5.2350000000e+02 5.2350000000e+02 5.2350000000e+02 5.2359997559e+02 5.2350000000e+02
5.2540002441e+02 5.2540002441e+02 5.2540002441e+02 5.2540002441e+02 5.2540002441e+02 5.2540002441e+02 5.2540002441e+02 5.2540002441e+02 5.2540002441e+02 5.2550000000e+02 5.2550000000e+02 5.2550000000e+02 5.2550000000e+02 5.2550000000e+02 5.2559997559e+02 5.2559997559e+02 5.2550000000e+02 5.2540002441e+02 5.2520001221e+02 5.2500000000e+02 5.2470001221e+02 5.2440002441e+02 5.2409997559e+02 5.2390002441e+02 5.2359997559e+02 5.2350000000e+02 5.2340002441e+02 5.2329998779e+02 5.2329998779e+02 5.2329998779e+02 5.2329998779e+02 5.2329998779e+02 5.2329998779e+02 5.2329998779e+02 5.2340002441e+02 5.2340002441e+02 5.2350000000e+02 5.2350000000e+02 5.2350000000e+02 5.2350000000e+02 5.2350000000e+02 5.2350000000e+02 5.2359997559e+02 5.2359997559e+02 5.2359997559e+02 5.2359997559e+02
5.2540002441e+02 5.2540002441e+02 5.2540002441e+02 5.2540002441e+02 5.2550000000e+02 5.2550000000e+02 5.2550000000e+02 5.2550000000e+02 5.2550000000e+02 5.2550000000e+02 5.2550000000e+02 5.2559997559e+02 5.2559997559e+02 5.2559997559e+02 5.2559997559e+02 5.2559997559e+02 5.2559997559e+02 5.2559997559e+02 5.2550000000e+02 5.2550000000e+02 5.2529998779e+02 5.2509997559e+02 5.2479998779e+02 5.2440002441e+02 5.2409997559e+02 5.2379998779e+02 5.2359997559e+02 5.2340002441e+02 5.2329998779e+02 5.2329998779e+02 5.2329998779e+02 5.2329998779e+02 5.2329998779e+02 5.2329998779e+02 5.2340002441e+02 5.2340002441e+02 5.2340002441e+02 5.2350000000e+02 5.2350000000e+02 5.2350000000e+02 5.2350000000e+02 5.2359997559e+02 5.2359997559e+02 5.2359997559e+02 5.2359997559e+02 5.2359997559e+02
5.2550000000e+02 5.2550000000e+02 5.2550000000e+02 5.2550000000e+02 5.2550000000e+02 5.2550000000e+02 5.2550000000e+02 5.2550000000e+02 5.2550000000e+02 5.2550000000e+02 5.2559997559e+02 5.2559997559e+02 5.2559997559e+02 5.2559997559e+02 5.2559997559e+02 5.2559997559e+02 5.2559997559e+02 5.2559997559e+02 5.2559997559e+02 5.2559997559e+02 5.2559997559e+02 5.2559997559e+02 5.2529998779e+02 5.2500000000e+02 5.2470001221e+02 5.2440002441e+02 5.2400000000e+02 5.2370001221e+02 5.2350000000e+02 5.2340002441e+02 5.2340002441e+02 5.2329998779e+02 5.2329998779e+02 5.2329998779e+02 5.2340002441e+02 5.2340002441e+02 5.2340002441e+02 5.2350000000e+02 5.2350000000e+02 5.2350000000e+02 5.2350000000e+02 5.2359997559e+02 5.2359997559e+02 5.2359997559e+02 5.2359997559e+02 5.2359997559e+02
5.2550000000e+02 5.2550000000e+02 5.2550000000e+02 5.2550000000e+02 5.2550000000e+02 5.2559997559e+02 5.2559997559e+02 5.2559997559e+02 5.2559997559e+02 5.2559997559e+02 5.2559997559e+02 5.2559997559e+02 5.2559997559e+02 5.2559997559e+02 5.2559997559e+02 5.2559997559e+02 5.2570001221e+02 5.2570001221e+02 5.2570001221e+02 5.2570001221e+02 5.2570001221e+02 5.2570001221e+02 5.2570001221e+02 5.2550000000e+02 5.2529998779e+02 5.2500000000e+02 5.2459997559e+02 5.2429998779e+02 5.2400000000e+02 5.2370001221e+02 5.2350000000e+02 5.2340002441e+02 5.2329998779e+02 5.2329998779e+02 5.2340002441e+02 5.2340002441e+02 5.2340002441e+02 5.2340002441e+02 5.2350000000e+02 5.2350000000e+02 5.2350000000e+02 5.2359997559e+02 5.2359997559e+02 5.2359997559e+02 5.2359997559e+02 5.2359997559e+02
5.2550000000e+02 5.2559997559e+02 5.2559997559e+02 5.2559997559e+02 5.2559997559e+02 5.2559997559e+02 5.2559997559e+02 5.2559997559e+02 5.2559997559e+02 5.2559997559e+02 5.2559997559e+02 5.2570001221e+02 5.2570001221e+02 5.2570001221e+02 5.2570001221e+02 5.2570001221e+02 5.2570001221e+02 5.2570001221e+02 5.2570001221e+02 5.2570001221e+02 5.2570001221e+02 5.2579998779e+02 5.2570001221e+02 5.2570001221e+02 5.2570001221e+02 5.2550000000e+02 5.2529998779e+02 5.2490002441e+02 5.2459997559e+02 5.2420001221e+02 5.2390002441e+02 5.2370001221e+02 5.2350000000e+02 5.2340002441e+02 5.2340002441e+02 5.2340002441e+02 5.2340002441e+02 5.2340002441e+02 5.2340002441e+02 5.2350000000e+02 5.2350000000e+02 5.2359997559e+02 5.2359997559e+02 5.2359997559e+02 5.2359997559e+02 5.2370001221e+02
5.2550000000e+02 5.2559997559e+02 5.2559997559e+02 5.2559997559e+02 5.2559997559e+02 5.2559997559e+02 5.2559997559e+02 5.2559997559e+02 5.2559997559e+02 5.2559997559e+02 5.2570001221e+02 5.2570001221e+02 5.2570001221e+02 5.2570001221e+02 5.2570001221e+02 5.2570001221e+02 5.2570001221e+02 5.2570001221e+02 5.2570001221e+02 5.2579998779e+02 5.2579998779e+02 5.2579998779e+02 5.2579998779e+02 5.2579998779e+02 5.2579998779e+02 5.2579998779e+02 5.2570001221e+02 5.2550000000e+02 5.2520001221e+02 5.2490002441e+02 5.2450000000e+02 5.2409997559e+02 5.2390002441e+02 5.2359997559e+02 5.2350000000e+02 5.2350000000e+02 5.2340002441e+02 5.2340002441e+02 5.2340002441e+02 5.2350000000e+02 5.2350000000e+02 5.2350000000e+02 5.2359997559e+02 5.2359997559e+02 5.2359997559e+02 5.2370001221e+02
5.2550000000e+02 5.2559997559e+02 5.2559997559e+02 5.2559997559e+02 5.2559997559e+02 5.2570001221e+02 5.2570001221e+02 5.2570001221e+02 5.2570001221e+02 5.2570001221e+02 5.2570001221e+02 5.2570001221e+02 5.2570001221e+02 5.2570001221e+02 5.2570001221e+02 5.2579998779e+02 5.2579998779e+02 5.2579998779e+02 5.2579998779e+02 5.2579998779e+02 5.2579998779e+02 5.2579998779e+02 5.2579998779e+02 5.2579998779e+02 5.2579998779e+02 5.2590002441e+02 5.2590002441e+02 5.2579998779e+02 5.2570001221e+02 5.2550000000e+02 5.2509997559e+02 5.2479998779e+02 5.2440002441e+02 5.2409997559e+02 5.2379998779e+02 5.2359997559e+02 5.2350000000e+02 5.2350000000e+02 5.2340002441e+02 5.2350000000e+02 5.2350000000e+02 5.2359997559e+02 5.2359997559e+02 5.2359997559e+02 5.2370001221e+02 5.2370001221e+02
5.2550000000e+02 5.2559997559e+02 5.2559997559e+02 5.2559997559e+02 5.2559997559e+02 5.2570001221e+02 5.2570001221e+02 5.2570001221e+02 5.2570001221e+02 5.2570001221e+02 5.2570001221e+02 5.2570001221e+02 5.2579998779e+02 5.2579998779e+02 5.2579998779e+02 5.2579998779e+02 5.2579998779e+02 5.2579998779e+02 5.2579998779e+02 5.2579998779e+02 5.2579998779e+02 5.2579998779e+02 5.2590002441e+02 5.2590002441e+02 5.2590002441e+02 5.2590002441e+02 5.2590002441e+02 5.2590002441e+02 5.2590002441e+02 5.2579998779e+02 5.2570001221e+02 5.2540002441e+02 5.2509997559e+02 5.2470001221e+02 5.2429998779e+02 5.2400000000e+02 5.2379998779e+02 5.2359997559e+02 5.2350000000e+02 5.2350000000e+02 5.2350000000e+02 5.2359997559e+02 5.2359997559e+02 5.2370001221e+02 5.2370001221e+02 5.2379998779e+02
5.2550000000e+02 5.2559997559e+02 5.2559997559e+02 5.2559997559e+02 5.2559997559e+02 5.2570001221e+02 5.2579998779e+02 5.2579998779e+02 5.2579998779e+02 5.2579998779e+02 5.2579998779e+02 5.2579998779e+02 5.2579998779e+02 5.2579998779e+02 5.2579998779e+02 5.2579998779e+02 5.2590002441e+02 5.2590002441e+02 5.2590002441e+02 5.2590002441e+02 5.2590002441e+02 5.2590002441e+02 5.2590002441e+02 5.2590002441e+02 5.2590002441e+02 5.2590002441e+02 5.2590002441e+02 5.2590002441e+02 5.2600000000e+02 5.2600000000e+02 5.2600000000e+02 5.2590002441e+02 5.2559997559e+02 5.2529998779e+02 5.2500000000e+02 5.2459997559e+02 5.2429998779e+02 5.2400000000e+02 5.2379998779e+02 5.2370001221e+02 5.2359997559e+02 5.2359997559e+02 5.2359997559e+02 5.2370001221e+02 5.2370001221e+02 5.2370001221e+02
5.2550000000e+02 5.2550000000e+02 5.2559997559e+02 5.2559997559e+02 5.2559997559e+02 5.2570001221e+02 5.2570001221e+02 5.2579998779e+02 5.2579998779e+02 5.2579998779e+02 5.2579998779e+02 5.2579998779e+02 5.2590002441e+02 5.2590002441e+02 5.2590002441e+02 5.2590002441e+02 5.2590002441e+02 5.2590002441e+02 5.2590002441e+02 5.2590002441e+02 5.2590002441e+02 5.2590002441e+02 5.2590002441e+02 5.2590002441e+02 5.2590002441e+02 5.2600000000e+02 5.2600000000e+02 5.2600000000e+02 5.2600000000e+02 5.2600000000e+02 5.2609997559e+02 5.2600000000e+02 5.2600000000e+02 5.2579998779e+02 5.2559997559e+02 5.2529998779e+02 5.2490002441e+02 5.2450000000e+02 5.2420001221e+02 5.2400000000e+02 5.2379998779e+02 5.2370001221e+02 5.2370001221e+02 5.2370001221e+02 5.2370001221e+02 5.2370001221e+02
5.2550000000e+02 5.2550000000e+02 5.2559997559e+02 5.2559997559e+02 5.2559997559e+02 5.2570001221e+02 5.2570001221e+02 5.2579998779e+02 5.2579998779e+02 5.2579998779e+02 5.2590002441e+02 5.2590002441e+02 5.2590002441e+02 5.2590002441e+02 5.2590002441e+02 5.2590002441e+02 5.2590002441e+02 5.2590002441e+02 5.2590002441e+02 5.2590002441e+02 5.2590002441e+02 5.2600000000e+02 5.2600000000e+02 5.2600000000e+02 5.2600000000e+02 5.2600000000e+02 5.2600000000e+02 5.2600000000e+02 5.2600000000e+02 5.2609997559e+02 5.2609997559e+02 5.2609997559e+02 5.2609997559e+02 5.2609997559e+02 5.2600000000e+02 5.2590002441e+02 5.2559997559e+02 5.2520001221e+02 5.2479998779e+02 5.2450000000e+02 5.2420001221e+02 5.2390002441e+02 5.2379998779e+02 5.2370001221e+02 5.2370001221e+02 5.2370001221e+02
5.2550000000e+02 5.2550000000e+02 5.2559997559e+02 5.2559997559e+02 5.2559997559e+02 5.2570001221e+02 5.2570001221e+02 5.2579998779e+02 5.2579998779e+02 5.2579998779e+02 5.2579998779e+02 5.2590002441e+02 5.2590002441e+02 5.2590002441e+02 5.2590002441e+02 5.2590002441e+02 5.2590002441e+02 5.2590002441e+02 5.2600000000e+02 5.2600000000e+02 5.2600000000e+02 5.2600000000e+02 5.2600000000e+02 5.2600000000e+02 5.2600000000e+02 5.2600000000e+02 5.2609997559e+02 5.2609997559e+02 5.2609997559e+02 5.2609997559e+02 5.2609997559e+02 5.2609997559e+02 5.2609997559e+02 5.2609997559e+02 5.2609997559e+02 5.2609997559e+02 5.2600000000e+02 5.2579998779e+02 5.2550000000e+02 5.2509997559e+02 5.2479998779e+02 5.2440002441e+02 5.2409997559e+02 5.2390002441e+02 5.2379998779e+02 5.2370001221e+02
