DGM_1M_UPPER_AUSTRIA/40/15.asc
NCOLS 100
NROWS 100
XLLCORNER 6.4150500000e+04
YLLCORNER 2.9378850000e+05
CELLSIZE 1.0000000000e+00
NODATA_VALUE -9.9990000000e+03
[rows 20 to 39 of 100, columns 0 to 45 of 100]
5.7950000000e+02 5.7979998779e+02 5.8020001221e+02 5.8050000000e+02 5.8079998779e+02 5.8100000000e+02 5.8129998779e+02 5.8159997559e+02 5.8190002441e+02 5.8220001221e+02 5.8250000000e+02 5.8279998779e+02 5.8309997559e+02 5.8340002441e+02 5.8370001221e+02 5.8390002441e+02 5.8409997559e+02 5.8420001221e+02 5.8429998779e+02 5.8459997559e+02 5.8479998779e+02 5.8500000000e+02 5.8520001221e+02 5.8540002441e+02 5.8559997559e+02 5.8570001221e+02 5.8579998779e+02 5.8600000000e+02 5.8609997559e+02 5.8609997559e+02 5.8609997559e+02 5.8609997559e+02 5.8609997559e+02 5.8609997559e+02 5.8609997559e+02 5.8609997559e+02 5.8609997559e+02 5.8620001221e+02 5.8640002441e+02 5.8659997559e+02 5.8690002441e+02 5.8729998779e+02 5.8759997559e+02 5.8790002441e+02 5.8809997559e+02 5.8840002441e+02
5.7959997559e+02 5.7990002441e+02 5.8020001221e+02 5.8050000000e+02 5.8070001221e+02 5.8100000000e+02 5.8129998779e+02 5.8170001221e+02 5.8200000000e+02 5.8229998779e+02 5.8259997559e+02 5.8300000000e+02 5.8320001221e+02 5.8350000000e+02 5.8370001221e+02 5.8390002441e+02 5.8409997559e+02 5.8429998779e+02 5.8450000000e+02 5.8470001221e+02 5.8490002441e+02 5.8500000000e+02 5.8520001221e+02 5.8529998779e+02 5.8550000000e+02 5.8559997559e+02 5.8579998779e+02 5.8600000000e+02 5.8609997559e+02 5.8620001221e+02 5.8629998779e+02 5.8629998779e+02 5.8640002441e+02 5.8640002441e+02 5.8629998779e+02 5.8629998779e+02 5.8629998779e+02 5.8640002441e+02 5.8659997559e+02 5.8679998779e+02 5.8700000000e+02 5.8740002441e+02 5.8770001221e+02 5.8809997559e+02 5.8829998779e+02 5.8850000000e+02
5.7959997559e+02 5.8000000000e+02 5.8020001221e+02 5.8050000000e+02 5.8070001221e+02 5.8100000000e+02 5.8129998779e+02 5.8170001221e+02 5.8209997559e+02 5.8240002441e+02 5.8270001221e+02 5.8300000000e+02 5.8320001221e+02 5.8350000000e+02 5.8379998779e+02 5.8400000000e+02 5.8420001221e+02 5.8440002441e+02 5.8459997559e+02 5.8470001221e+02 5.8470001221e+02 5.8479998779e+02 5.8490002441e+02 5.8509997559e+02 5.8529998779e+02 5.8559997559e+02 5.8579998779e+02 5.8600000000e+02 5.8609997559e+02 5.8620001221e+02 5.8629998779e+02 5.8650000000e+02 5.8659997559e+02 5.8659997559e+02 5.8659997559e+02 5.8659997559e+02 5.8659997559e+02 5.8670001221e+02 5.8690002441e+02 5.8700000000e+02 5.8720001221e+02 5.8750000000e+02 5.8779998779e+02 5.8820001221e+02 5.8840002441e+02 5.8859997559e+02
5.7940002441e+02 5.7990002441e+02 5.8020001221e+02 5.8050000000e+02 5.8070001221e+02 5.8100000000e+02 5.8129998779e+02 5.8170001221e+02 5.8209997559e+02 5.8250000000e+02 5.8270001221e+02 5.8309997559e+02 5.8329998779e+02 5.8359997559e+02 5.8379998779e+02 5.8409997559e+02 5.8429998779e+02 5.8440002441e+02 5.8440002441e+02 5.8440002441e+02 5.8440002441e+02 5.8450000000e+02 5.8470001221e+02 5.8500000000e+02 5.8540002441e+02 5.8579998779e+02 5.8609997559e+02 5.8629998779e+02 5.8640002441e+02 5.8650000000e+02 5.8650000000e+02 5.8659997559e+02 5.8659997559e+02 5.8670001221e+02 5.8679998779e+02 5.8679998779e+02 5.8690002441e+02 5.8700000000e+02 5.8709997559e+02 5.8729998779e+02 5.8740002441e+02 5.8770001221e+02 5.8790002441e+02 5.8820001221e+02 5.8850000000e+02 5.8870001221e+02
5.7920001221e+02 5.7959997559e+02 5.8000000000e+02 5.8040002441e+02 5.8070001221e+02 5.8100000000e+02 5.8129998779e+02 5.8170001221e+02 5.8209997559e+02 5.8240002441e+02 5.8270001221e+02 5.8309997559e+02 5.8340002441e+02 5.8359997559e+02 5.8390002441e+02 5.8409997559e+02 5.8409997559e+02 5.8409997559e+02 5.8400000000e+02 5.8400000000e+02 5.8409997559e+02 5.8440002441e+02 5.8479998779e+02 5.8529998779e+02 5.8579998779e+02 5.8609997559e+02 5.8650000000e+02 5.8670001221e+02 5.8670001221e+02 5.8679998779e+02 5.8700000000e+02 5.8690002441e+02 5.8690002441e+02 5.8679998779e+02 5.8690002441e+02 5.8690002441e+02 5.8700000000e+02 5.8709997559e+02 5.8729998779e+02 5.8740002441e+02 5.8759997559e+02 5.8779998779e+02 5.8800000000e+02 5.8820001221e+02 5.8850000000e+02 5.8879998779e+02
5.7900000000e+02 5.7940002441e+02 5.7990002441e+02 5.8040002441e+02 5.8079998779e+02 5.8100000000e+02 5.8129998779e+02 5.8170001221e+02 5.8209997559e+02 5.8250000000e+02 5.8279998779e+02 5.8309997559e+02 5.8329998779e+02 5.8359997559e+02 5.8379998779e+02 5.8379998779e+02 5.8370001221e+02 5.8359997559e+02 5.8370001221e+02 5.8379998779e+02 5.8409997559e+02 5.8459997559e+02 5.8520001221e+02 5.8579998779e+02 5.8620001221e+02 5.8640002441e+02 5.8659997559e+02 5.8679998779e+02 5.8690002441e+02 5.8709997559e+02 5.8729998779e+02 5.8729998779e+02 5.8729998779e+02 5.8720001221e+02 5.8709997559e+02 5.8709997559e+02 5.8700000000e+02 5.8709997559e+02 5.8729998779e+02 5.8740002441e+02 5.8759997559e+02 5.8790002441e+02 5.8809997559e+02 5.8829998779e+02 5.8859997559e+02 5.8879998779e+02
5.7879998779e+02 5.7920001221e+02 5.7970001221e+02 5.8020001221e+02 5.8059997559e+02 5.8090002441e+02 5.8129998779e+02 5.8159997559e+02 5.8209997559e+02 5.8240002441e+02 5.8279998779e+02 5.8300000000e+02 5.8320001221e+02 5.8329998779e+02 5.8350000000e+02 5.8350000000e+02 5.8329998779e+02 5.8329998779e+02 5.8350000000e+02 5.8390002441e+02 5.8450000000e+02 5.8509997559e+02 5.8570001221e+02 5.8609997559e+02 5.8629998779e+02 5.8650000000e+02 5.8670001221e+02 5.8690002441e+02 5.8709997559e+02 5.8729998779e+02 5.8740002441e+02 5.8750000000e+02 5.8759997559e+02 5.8759997559e+02 5.8750000000e+02 5.8740002441e+02 5.8720001221e+02 5.8720001221e+02 5.8729998779e+02 5.8740002441e+02 5.8759997559e+02 5.8790002441e+02 5.8820001221e+02 5.8850000000e+02 5.8870001221e+02 5.8879998779e+02
5.7870001221e+02 5.7909997559e+02 5.7950000000e+02 5.8000000000e+02 5.8040002441e+02 5.8070001221e+02 5.8109997559e+02 5.8159997559e+02 5.8200000000e+02 5.8229998779e+02 5.8270001221e+02 5.8290002441e+02 5.8300000000e+02 5.8300000000e+02 5.8309997559e+02 5.8309997559e+02 5.8309997559e+02 5.8329998779e+02 5.8359997559e+02 5.8420001221e+02 5.8490002441e+02 5.8559997559e+02 5.8600000000e+02 5.8629998779e+02 5.8650000000e+02 5.8659997559e+02 5.8679998779e+02 5.8709997559e+02 5.8729998779e+02 5.8740002441e+02 5.8750000000e+02 5.8770001221e+02 5.8779998779e+02 5.8790002441e+02 5.8779998779e+02 5.8759997559e+02 5.8740002441e+02 5.8740002441e+02 5.8740002441e+02 5.8750000000e+02 5.8759997559e+02 5.8779998779e+02 5.8820001221e+02 5.8840002441e+02 5.8870001221e+02 5.8890002441e+02
5.7859997559e+02 5.7900000000e+02 5.7940002441e+02 5.7979998779e+02 5.8029998779e+02 5.8070001221e+02 5.8100000000e+02 5.8150000000e+02 5.8190002441e+02 5.8229998779e+02 5.8259997559e+02 5.8279998779e+02 5.8279998779e+02 5.8279998779e+02 5.8279998779e+02 5.8290002441e+02 5.8309997559e+02 5.8340002441e+02 5.8400000000e+02 5.8459997559e+02 5.8529998779e+02 5.8579998779e+02 5.8609997559e+02 5.8629998779e+02 5.8650000000e+02 5.8670001221e+02 5.8690002441e+02 5.8720001221e+02 5.8740002441e+02 5.8750000000e+02 5.8759997559e+02 5.8779998779e+02 5.8790002441e+02 5.8800000000e+02 5.8809997559e+02 5.8790002441e+02 5.8770001221e+02 5.8759997559e+02 5.8750000000e+02 5.8759997559e+02 5.8770001221e+02 5.8779998779e+02 5.8790002441e+02 5.8820001221e+02 5.8859997559e+02 5.8900000000e+02
5.7859997559e+02 5.7890002441e+02 5.7940002441e+02 5.7979998779e+02 5.8020001221e+02 5.8059997559e+02 5.8090002441e+02 5.8140002441e+02 5.8190002441e+02 5.8229998779e+02 5.8250000000e+02 5.8259997559e+02 5.8259997559e+02 5.8259997559e+02 5.8270001221e+02 5.8290002441e+02 5.8329998779e+02 5.8379998779e+02 5.8440002441e+02 5.8500000000e+02 5.8559997559e+02 5.8590002441e+02 5.8620001221e+02 5.8640002441e+02 5.8659997559e+02 5.8679998779e+02 5.8700000000e+02 5.8740002441e+02 5.8750000000e+02 5.8759997559e+02 5.8779998779e+02 5.8800000000e+02 5.8809997559e+02 5.8829998779e+02 5.8829998779e+02 5.8820001221e+02 5.8800000000e+02 5.8790002441e+02 5.8779998779e+02 5.8779998779e+02 5.8800000000e+02 5.8800000000e+02 5.8800000000e+02 5.8809997559e+02 5.8840002441e+02 5.8879998779e+02
5.7859997559e+02 5.7900000000e+02 5.7929998779e+02 5.7970001221e+02 5.8009997559e+02 5.8050000000e+02 5.8079998779e+02 5.8129998779e+02 5.8179998779e+02 5.8220001221e+02 5.8240002441e+02 5.8240002441e+02 5.8240002441e+02 5.8250000000e+02 5.8270001221e+02 5.8309997559e+02 5.8370001221e+02 5.8429998779e+02 5.8490002441e+02 5.8529998779e+02 5.8570001221e+02 5.8609997559e+02 5.8629998779e+02 5.8650000000e+02 5.8670001221e+02 5.8679998779e+02 5.8709997559e+02 5.8740002441e+02 5.8759997559e+02 5.8770001221e+02 5.8790002441e+02 5.8809997559e+02 5.8829998779e+02 5.8840002441e+02 5.8850000000e+02 5.8840002441e+02 5.8829998779e+02 5.8820001221e+02 5.8809997559e+02 5.8809997559e+02 5.8820001221e+02 5.8840002441e+02 5.8840002441e+02 5.8829998779e+02 5.8829998779e+02 5.8870001221e+02
5.7870001221e+02 5.7900000000e+02 5.7940002441e+02 5.7970001221e+02 5.8009997559e+02 5.8040002441e+02 5.8079998779e+02 5.8120001221e+02 5.8170001221e+02 5.8209997559e+02 5.8229998779e+02 5.8229998779e+02 5.8240002441e+02 5.8250000000e+02 5.8290002441e+02 5.8340002441e+02 5.8409997559e+02 5.8470001221e+02 5.8509997559e+02 5.8540002441e+02 5.8579998779e+02 5.8609997559e+02 5.8629998779e+02 5.8659997559e+02 5.8679998779e+02 5.8700000000e+02 5.8720001221e+02 5.8750000000e+02 5.8759997559e+02 5.8779998779e+02 5.8800000000e+02 5.8829998779e+02 5.8840002441e+02 5.8850000000e+02 5.8859997559e+02 5.8859997559e+02 5.8859997559e+02 5.8850000000e+02 5.8850000000e+02 5.8840002441e+02 5.8850000000e+02 5.8859997559e+02 5.8879998779e+02 5.8879998779e+02 5.8870001221e+02 5.8870001221e+02
5.7879998779e+02 5.7909997559e+02 5.7950000000e+02 5.7979998779e+02 5.8009997559e+02 5.8050000000e+02 5.8079998779e+02 5.8120001221e+02 5.8159997559e+02 5.8190002441e+02 5.8209997559e+02 5.8220001221e+02 5.8229998779e+02 5.8259997559e+02 5.8309997559e+02 5.8359997559e+02 5.8429998779e+02 5.8479998779e+02 5.8520001221e+02 5.8540002441e+02 5.8579998779e+02 5.8600000000e+02 5.8629998779e+02 5.8659997559e+02 5.8690002441e+02 5.8709997559e+02 5.8740002441e+02 5.8750000000e+02 5.8770001221e+02 5.8800000000e+02 5.8820001221e+02 5.8850000000e+02 5.8850000000e+02 5.8859997559e+02 5.8879998779e+02 5.8890002441e+02 5.8890002441e+02 5.8879998779e+02 5.8879998779e+02 5.8879998779e+02 5.8879998779e+02 5.8900000000e+02 5.8929998779e+02 5.8940002441e+02 5.8940002441e+02 5.8920001221e+02
5.7890002441e+02 5.7920001221e+02 5.7950000000e+02 5.7979998779e+02 5.8020001221e+02 5.8059997559e+02 5.8090002441e+02 5.8120001221e+02 5.8159997559e+02 5.8190002441e+02 5.8200000000e+02 5.8220001221e+02 5.8240002441e+02 5.8270001221e+02 5.8320001221e+02 5.8370001221e+02 5.8429998779e+02 5.8479998779e+02 5.8509997559e+02 5.8540002441e+02 5.8570001221e+02 5.8600000000e+02 5.8629998779e+02 5.8650000000e+02 5.8679998779e+02 5.8709997559e+02 5.8729998779e+02 5.8759997559e+02 5.8779998779e+02 5.8809997559e+02 5.8829998779e+02 5.8850000000e+02 5.8859997559e+02 5.8879998779e+02 5.8890002441e+02 5.8909997559e+02 5.8909997559e+02 5.8909997559e+02 5.8909997559e+02 5.8920001221e+02 5.8920001221e+02 5.8929998779e+02 5.8950000000e+02 5.8970001221e+02 5.8979998779e+02 5.8979998779e+02
5.7909997559e+02 5.7940002441e+02 5.7970001221e+02 5.8000000000e+02 5.8040002441e+02 5.8070001221e+02 5.8109997559e+02 5.8140002441e+02 5.8159997559e+02 5.8179998779e+02 5.8190002441e+02 5.8209997559e+02 5.8229998779e+02 5.8270001221e+02 5.8320001221e+02 5.8379998779e+02 5.8429998779e+02 5.8470001221e+02 5.8500000000e+02 5.8540002441e+02 5.8570001221e+02 5.8590002441e+02 5.8620001221e+02 5.8650000000e+02 5.8679998779e+02 5.8700000000e+02 5.8729998779e+02 5.8759997559e+02 5.8790002441e+02 5.8809997559e+02 5.8829998779e+02 5.8850000000e+02 5.8859997559e+02 5.8890002441e+02 5.8909997559e+02 5.8920001221e+02 5.8929998779e+02 5.8929998779e+02 5.8950000000e+02 5.8950000000e+02 5.8959997559e+02 5.8959997559e+02 5.8979998779e+02 5.9000000000e+02 5.9009997559e+02 5.9020001221e+02
5.7940002441e+02 5.7970001221e+02 5.8000000000e+02 5.8029998779e+02 5.8059997559e+02 5.8090002441e+02 5.8120001221e+02 5.8150000000e+02 5.8159997559e+02 5.8179998779e+02 5.8190002441e+02 5.8209997559e+02 5.8240002441e+02 5.8270001221e+02 5.8320001221e+02 5.8370001221e+02 5.8420001221e+02 5.8450000000e+02 5.8490002441e+02 5.8520001221e+02 5.8559997559e+02 5.8590002441e+02 5.8609997559e+02 5.8640002441e+02 5.8670001221e+02 5.8700000000e+02 5.8729998779e+02 5.8759997559e+02 5.8790002441e+02 5.8809997559e+02 5.8829998779e+02 5.8859997559e+02 5.8870001221e+02 5.8900000000e+02 5.8909997559e+02 5.8920001221e+02 5.8940002441e+02 5.8950000000e+02 5.8970001221e+02 5.8979998779e+02 5.8979998779e+02 5.8990002441e+02 5.9000000000e+02 5.9020001221e+02 5.9029998779e+02 5.9050000000e+02
5.7970001221e+02 5.8000000000e+02 5.8029998779e+02 5.8059997559e+02 5.8090002441e+02 5.8100000000e+02 5.8129998779e+02 5.8140002441e+02 5.8159997559e+02 5.8170001221e+02 5.8190002441e+02 5.8209997559e+02 5.8240002441e+02 5.8270001221e+02 5.8309997559e+02 5.8359997559e+02 5.8400000000e+02 5.8440002441e+02 5.8470001221e+02 5.8500000000e+02 5.8529998779e+02 5.8570001221e+02 5.8600000000e+02 5.8629998779e+02 5.8650000000e+02 5.8690002441e+02 5.8720001221e+02 5.8750000000e+02 5.8790002441e+02 5.8809997559e+02 5.8840002441e+02 5.8870001221e+02 5.8879998779e+02 5.8909997559e+02 5.8920001221e+02 5.8929998779e+02 5.8940002441e+02 5.8959997559e+02 5.8979998779e+02 5.8990002441e+02 5.9000000000e+02 5.9009997559e+02 5.9020001221e+02 5.9040002441e+02 5.9050000000e+02 5.9070001221e+02
5.8000000000e+02 5.8029998779e+02 5.8059997559e+02 5.8079998779e+02 5.8100000000e+02 5.8109997559e+02 5.8129998779e+02 5.8140002441e+02 5.8150000000e+02 5.8170001221e+02 5.8190002441e+02 5.8209997559e+02 5.8229998779e+02 5.8270001221e+02 5.8300000000e+02 5.8340002441e+02 5.8379998779e+02 5.8420001221e+02 5.8459997559e+02 5.8490002441e+02 5.8520001221e+02 5.8550000000e+02 5.8579998779e+02 5.8620001221e+02 5.8650000000e+02 5.8690002441e+02 5.8720001221e+02 5.8750000000e+02 5.8779998779e+02 5.8820001221e+02 5.8840002441e+02 5.8870001221e+02 5.8879998779e+02 5.8900000000e+02 5.8920001221e+02 5.8929998779e+02 5.8940002441e+02 5.8959997559e+02 5.8979998779e+02 5.9000000000e+02 5.9009997559e+02 5.9020001221e+02 5.9040002441e+02 5.9050000000e+02 5.9059997559e+02 5.9079998779e+02
5.8040002441e+02 5.8059997559e+02 5.8079998779e+02 5.8090002441e+02 5.8100000000e+02 5.8120001221e+02 5.8129998779e+02 5.8140002441e+02 5.8159997559e+02 5.8179998779e+02 5.8190002441e+02 5.8209997559e+02 5.8240002441e+02 5.8279998779e+02 5.8309997559e+02 5.8350000000e+02 5.8379998779e+02 5.8409997559e+02 5.8450000000e+02 5.8479998779e+02 5.8509997559e+02 5.8540002441e+02 5.8579998779e+02 5.8609997559e+02 5.8650000000e+02 5.8690002441e+02 5.8720001221e+02 5.8740002441e+02 5.8770001221e+02 5.8800000000e+02 5.8820001221e+02 5.8840002441e+02 5.8859997559e+02 5.8879998779e+02 5.8909997559e+02 5.8920001221e+02 5.8950000000e+02 5.8970001221e+02 5.8990002441e+02 5.9009997559e+02 5.9020001221e+02 5.9029998779e+02 5.9040002441e+02 5.9059997559e+02 5.9070001221e+02 5.9079998779e+02
5.8070001221e+02 5.8079998779e+02 5.8090002441e+02 5.8090002441e+02 5.8109997559e+02 5.8120001221e+02 5.8140002441e+02 5.8159997559e+02 5.8179998779e+02 5.8190002441e+02 5.8209997559e+02 5.8229998779e+02 5.8250000000e+02 5.8290002441e+02 5.8329998779e+02 5.8359997559e+02 5.8390002441e+02 5.8420001221e+02 5.8459997559e+02 5.8490002441e+02 5.8520001221e+02 5.8550000000e+02 5.8570001221e+02 5.8609997559e+02 5.8650000000e+02 5.8679998779e+02 5.8709997559e+02 5.8740002441e+02 5.8759997559e+02 5.8770001221e+02 5.8790002441e+02 5.8820001221e+02 5.8859997559e+02 5.8879998779e+02 5.8909997559e+02 5.8929998779e+02 5.8970001221e+02 5.8990002441e+02 5.9009997559e+02 5.9020001221e+02 5.9040002441e+02 5.9050000000e+02 5.9059997559e+02 5.9070001221e+02 5.9070001221e+02 5.9079998779e+02
