DGM_1M_UPPER_AUSTRIA/40/19.asc
NCOLS 100
NROWS 100
XLLCORNER 6.4150500000e+04
YLLCORNER 2.9338850000e+05
CELLSIZE 1.0000000000e+00
NODATA_VALUE -9.9990000000e+03
[rows 80 to 99 of 100, columns 46 to 91 of 100]
6.6640002441e+02 6.6640002441e+02 6.6650000000e+02 6.6659997559e+02 6.6670001221e+02 6.6679998779e+02 6.6679998779e+02 6.6690002441e+02 6.6700000000e+02 6.6709997559e+02 6.6709997559e+02 6.6720001221e+02 6.6720001221e+02 6.6740002441e+02 6.6750000000e+02 6.6750000000e+02 6.6740002441e+02 6.6750000000e+02 6.6759997559e+02 6.6790002441e+02 6.6809997559e+02 6.6840002441e+02 6.6859997559e+02 6.6890002441e+02 6.6900000000e+02 6.6929998779e+02 6.6950000000e+02 6.6979998779e+02 6.7000000000e+02 6.7040002441e+02 6.7070001221e+02 6.7100000000e+02 6.7140002441e+02 6.7179998779e+02 6.7220001221e+02 6.7240002441e+02 6.7259997559e+02 6.7290002441e+02 6.7329998779e+02 6.7390002441e+02 6.7420001221e+02 6.7459997559e+02 6.7500000000e+02 6.7550000000e+02 6.7600000000e+02 6.7659997559e+02
6.6650000000e+02 6.6670001221e+02 6.6670001221e+02 6.6679998779e+02 6.6690002441e+02 6.6700000000e+02 6.6700000000e+02 6.6709997559e+02 6.6720001221e+02 6.6729998779e+02 6.6729998779e+02 6.6750000000e+02 6.6750000000e+02 6.6759997559e+02 6.6770001221e+02 6.6759997559e+02 6.6750000000e+02 6.6759997559e+02 6.6779998779e+02 6.6800000000e+02 6.6829998779e+02 6.6850000000e+02 6.6870001221e+02 6.6890002441e+02 6.6909997559e+02 6.6940002441e+02 6.6970001221e+02 6.6990002441e+02 6.7020001221e+02 6.7050000000e+02 6.7079998779e+02 6.7109997559e+02 6.7150000000e+02 6.7179998779e+02 6.7220001221e+02 6.7240002441e+02 6.7259997559e+02 6.7300000000e+02 6.7350000000e+02 6.7400000000e+02 6.7440002441e+02 6.7470001221e+02 6.7500000000e+02 6.7540002441e+02 6.7600000000e+02 6.7659997559e+02
6.6670001221e+02 6.6679998779e+02 6.6690002441e+02 6.6700000000e+02 6.6709997559e+02 6.6720001221e+02 6.6729998779e+02 6.6740002441e+02 6.6740002441e+02 6.6750000000e+02 6.6759997559e+02 6.6759997559e+02 6.6770001221e+02 6.6779998779e+02 6.6779998779e+02 6.6770001221e+02 6.6770001221e+02 6.6770001221e+02 6.6790002441e+02 6.6809997559e+02 6.6829998779e+02 6.6850000000e+02 6.6870001221e+02 6.6900000000e+02 6.6920001221e+02 6.6950000000e+02 6.6979998779e+02 6.7009997559e+02 6.7040002441e+02 6.7059997559e+02 6.7090002441e+02 6.7120001221e+02 6.7150000000e+02 6.7190002441e+02 6.7209997559e+02 6.7240002441e+02 6.7279998779e+02 6.7320001221e+02 6.7370001221e+02 6.7409997559e+02 6.7450000000e+02 6.7479998779e+02 6.7509997559e+02 6.7550000000e+02 6.7609997559e+02 6.7659997559e+02
6.6690002441e+02 6.6700000000e+02 6.6720001221e+02 6.6740002441e+02 6.6740002441e+02 6.6750000000e+02 6.6750000000e+02 6.6759997559e+02 6.6770001221e+02 6.6770001221e+02 6.6770001221e+02 6.6779998779e+02 6.6779998779e+02 6.6779998779e+02 6.6779998779e+02 6.6779998779e+02 6.6779998779e+02 6.6790002441e+02 6.6800000000e+02 6.6820001221e+02 6.6829998779e+02 6.6850000000e+02 6.6879998779e+02 6.6900000000e+02 6.6929998779e+02 6.6959997559e+02 6.6979998779e+02 6.7020001221e+02 6.7040002441e+02 6.7070001221e+02 6.7100000000e+02 6.7129998779e+02 6.7159997559e+02 6.7190002441e+02 6.7220001221e+02 6.7259997559e+02 6.7290002441e+02 6.7340002441e+02 6.7379998779e+02 6.7420001221e+02 6.7459997559e+02 6.7479998779e+02 6.7520001221e+02 6.7570001221e+02 6.7609997559e+02 6.7659997559e+02
6.6709997559e+02 6.6720001221e+02 6.6750000000e+02 6.6759997559e+02 6.6770001221e+02 6.6770001221e+02 6.6770001221e+02 6.6779998779e+02 6.6779998779e+02 6.6779998779e+02 6.6790002441e+02 6.6790002441e+02 6.6790002441e+02 6.6790002441e+02 6.6800000000e+02 6.6800000000e+02 6.6809997559e+02 6.6809997559e+02 6.6820001221e+02 6.6840002441e+02 6.6859997559e+02 6.6879998779e+02 6.6900000000e+02 6.6929998779e+02 6.6950000000e+02 6.6970001221e+02 6.7000000000e+02 6.7029998779e+02 6.7070001221e+02 6.7090002441e+02 6.7120001221e+02 6.7150000000e+02 6.7179998779e+02 6.7209997559e+02 6.7240002441e+02 6.7270001221e+02 6.7309997559e+02 6.7350000000e+02 6.7390002441e+02 6.7429998779e+02 6.7459997559e+02 6.7490002441e+02 6.7540002441e+02 6.7590002441e+02 6.7629998779e+02 6.7670001221e+02
6.6720001221e+02 6.6740002441e+02 6.6759997559e+02 6.6779998779e+02 6.6790002441e+02 6.6779998779e+02 6.6779998779e+02 6.6779998779e+02 6.6779998779e+02 6.6790002441e+02 6.6800000000e+02 6.6800000000e+02 6.6800000000e+02 6.6809997559e+02 6.6820001221e+02 6.6829998779e+02 6.6829998779e+02 6.6829998779e+02 6.6850000000e+02 6.6870001221e+02 6.6879998779e+02 6.6900000000e+02 6.6929998779e+02 6.6959997559e+02 6.6970001221e+02 6.6990002441e+02 6.7029998779e+02 6.7059997559e+02 6.7100000000e+02 6.7129998779e+02 6.7159997559e+02 6.7179998779e+02 6.7209997559e+02 6.7240002441e+02 6.7259997559e+02 6.7290002441e+02 6.7329998779e+02 6.7359997559e+02 6.7400000000e+02 6.7440002441e+02 6.7470001221e+02 6.7509997559e+02 6.7550000000e+02 6.7600000000e+02 6.7640002441e+02 6.7679998779e+02
6.6740002441e+02 6.6759997559e+02 6.6759997559e+02 6.6779998779e+02 6.6790002441e+02 6.6790002441e+02 6.6790002441e+02 6.6790002441e+02 6.6790002441e+02 6.6800000000e+02 6.6800000000e+02 6.6809997559e+02 6.6809997559e+02 6.6820001221e+02 6.6829998779e+02 6.6840002441e+02 6.6850000000e+02 6.6859997559e+02 6.6870001221e+02 6.6890002441e+02 6.6909997559e+02 6.6920001221e+02 6.6950000000e+02 6.6979998779e+02 6.7000000000e+02 6.7020001221e+02 6.7050000000e+02 6.7090002441e+02 6.7120001221e+02 6.7150000000e+02 6.7179998779e+02 6.7200000000e+02 6.7229998779e+02 6.7259997559e+02 6.7279998779e+02 6.7309997559e+02 6.7350000000e+02 6.7390002441e+02 6.7420001221e+02 6.7459997559e+02 6.7490002441e+02 6.7520001221e+02 6.7559997559e+02 6.7609997559e+02 6.7650000000e+02 6.7690002441e+02
6.6750000000e+02 6.6770001221e+02 6.6779998779e+02 6.6779998779e+02 6.6790002441e+02 6.6790002441e+02 6.6790002441e+02 6.6790002441e+02 6.6800000000e+02 6.6809997559e+02 6.6809997559e+02 6.6820001221e+02 6.6820001221e+02 6.6829998779e+02 6.6829998779e+02 6.6840002441e+02 6.6859997559e+02 6.6870001221e+02 6.6890002441e+02 6.6909997559e+02 6.6929998779e+02 6.6940002441e+02 6.6959997559e+02 6.6990002441e+02 6.7020001221e+02 6.7050000000e+02 6.7079998779e+02 6.7109997559e+02 6.7140002441e+02 6.7159997559e+02 6.7200000000e+02 6.7229998779e+02 6.7259997559e+02 6.7290002441e+02 6.7300000000e+02 6.7329998779e+02 6.7370001221e+02 6.7409997559e+02 6.7440002441e+02 6.7479998779e+02 6.7509997559e+02 6.7540002441e+02 6.7579998779e+02 6.7620001221e+02 6.7659997559e+02 6.7709997559e+02
6.6759997559e+02 6.6770001221e+02 6.6779998779e+02 6.6790002441e+02 6.6800000000e+02 6.6800000000e+02 6.6809997559e+02 6.6800000000e+02 6.6809997559e+02 6.6820001221e+02 6.6829998779e+02 6.6829998779e+02 6.6840002441e+02 6.6840002441e+02 6.6850000000e+02 6.6859997559e+02 6.6870001221e+02 6.6890002441e+02 6.6900000000e+02 6.6929998779e+02 6.6940002441e+02 6.6959997559e+02 6.6979998779e+02 6.7009997559e+02 6.7050000000e+02 6.7079998779e+02 6.7109997559e+02 6.7140002441e+02 6.7159997559e+02 6.7190002441e+02 6.7220001221e+02 6.7250000000e+02 6.7279998779e+02 6.7309997559e+02 6.7340002441e+02 6.7359997559e+02 6.7390002441e+02 6.7429998779e+02 6.7459997559e+02 6.7500000000e+02 6.7529998779e+02 6.7559997559e+02 6.7600000000e+02 6.7650000000e+02 6.7690002441e+02 6.7729998779e+02
6.6770001221e+02 6.6779998779e+02 6.6790002441e+02 6.6800000000e+02 6.6809997559e+02 6.6820001221e+02 6.6820001221e+02 6.6820001221e+02 6.6820001221e+02 6.6820001221e+02 6.6829998779e+02 6.6840002441e+02 6.6850000000e+02 6.6859997559e+02 6.6870001221e+02 6.6870001221e+02 6.6879998779e+02 6.6900000000e+02 6.6920001221e+02 6.6940002441e+02 6.6959997559e+02 6.6979998779e+02 6.7000000000e+02 6.7029998779e+02 6.7070001221e+02 6.7100000000e+02 6.7129998779e+02 6.7159997559e+02 6.7190002441e+02 6.7209997559e+02 6.7240002441e+02 6.7270001221e+02 6.7290002441e+02 6.7329998779e+02 6.7359997559e+02 6.7390002441e+02 6.7420001221e+02 6.7450000000e+02 6.7479998779e+02 6.7509997559e+02 6.7550000000e+02 6.7579998779e+02 6.7620001221e+02 6.7670001221e+02 6.7720001221e+02 6.7750000000e+02
6.6779998779e+02 6.6790002441e+02 6.6800000000e+02 6.6809997559e+02 6.6820001221e+02 6.6820001221e+02 6.6820001221e+02 6.6820001221e+02 6.6820001221e+02 6.6829998779e+02 6.6840002441e+02 6.6850000000e+02 6.6859997559e+02 6.6870001221e+02 6.6879998779e+02 6.6879998779e+02 6.6890002441e+02 6.6909997559e+02 6.6940002441e+02 6.6970001221e+02 6.6990002441e+02 6.7000000000e+02 6.7020001221e+02 6.7050000000e+02 6.7079998779e+02 6.7120001221e+02 6.7150000000e+02 6.7170001221e+02 6.7200000000e+02 6.7229998779e+02 6.7259997559e+02 6.7279998779e+02 6.7309997559e+02 6.7350000000e+02 6.7379998779e+02 6.7409997559e+02 6.7440002441e+02 6.7459997559e+02 6.7490002441e+02 6.7520001221e+02 6.7559997559e+02 6.7600000000e+02 6.7640002441e+02 6.7690002441e+02 6.7729998779e+02 6.7759997559e+02
6.6790002441e+02 6.6800000000e+02 6.6809997559e+02 6.6820001221e+02 6.6829998779e+02 6.6829998779e+02 6.6829998779e+02 6.6820001221e+02 6.6829998779e+02 6.6840002441e+02 6.6850000000e+02 6.6850000000e+02 6.6859997559e+02 6.6870001221e+02 6.6879998779e+02 6.6890002441e+02 6.6909997559e+02 6.6929998779e+02 6.6950000000e+02 6.6979998779e+02 6.7000000000e+02 6.7009997559e+02 6.7029998779e+02 6.7070001221e+02 6.7100000000e+02 6.7129998779e+02 6.7159997559e+02 6.7190002441e+02 6.7209997559e+02 6.7240002441e+02 6.7270001221e+02 6.7300000000e+02 6.7329998779e+02 6.7370001221e+02 6.7390002441e+02 6.7420001221e+02 6.7440002441e+02 6.7470001221e+02 6.7500000000e+02 6.7540002441e+02 6.7570001221e+02 6.7609997559e+02 6.7650000000e+02 6.7690002441e+02 6.7729998779e+02 6.7759997559e+02
6.6790002441e+02 6.6800000000e+02 6.6809997559e+02 6.6820001221e+02 6.6820001221e+02 6.6829998779e+02 6.6829998779e+02 6.6829998779e+02 6.6829998779e+02 6.6840002441e+02 6.6850000000e+02 6.6859997559e+02 6.6859997559e+02 6.6870001221e+02 6.6890002441e+02 6.6909997559e+02 6.6929998779e+02 6.6940002441e+02 6.6959997559e+02 6.6979998779e+02 6.7000000000e+02 6.7020001221e+02 6.7050000000e+02 6.7079998779e+02 6.7120001221e+02 6.7150000000e+02 6.7179998779e+02 6.7200000000e+02 6.7220001221e+02 6.7250000000e+02 6.7279998779e+02 6.7309997559e+02 6.7350000000e+02 6.7379998779e+02 6.7400000000e+02 6.7429998779e+02 6.7450000000e+02 6.7479998779e+02 6.7520001221e+02 6.7550000000e+02 6.7579998779e+02 6.7620001221e+02 6.7659997559e+02 6.7690002441e+02 6.7729998779e+02 6.7770001221e+02
6.6800000000e+02 6.6809997559e+02 6.6820001221e+02 6.6820001221e+02 6.6820001221e+02 6.6829998779e+02 6.6829998779e+02 6.6840002441e+02 6.6840002441e+02 6.6850000000e+02 6.6859997559e+02 6.6859997559e+02 6.6870001221e+02 6.6879998779e+02 6.6890002441e+02 6.6909997559e+02 6.6940002441e+02 6.6950000000e+02 6.6970001221e+02 6.6990002441e+02 6.7009997559e+02 6.7040002441e+02 6.7059997559e+02 6.7090002441e+02 6.7129998779e+02 6.7159997559e+02 6.7179998779e+02 6.7209997559e+02 6.7240002441e+02 6.7270001221e+02 6.7300000000e+02 6.7329998779e+02 6.7359997559e+02 6.7390002441e+02 6.7409997559e+02 6.7429998779e+02 6.7470001221e+02 6.7500000000e+02 6.7529998779e+02 6.7559997559e+02 6.7590002441e+02 6.7629998779e+02 6.7670001221e+02 6.7700000000e+02 6.7740002441e+02 6.7779998779e+02
6.6800000000e+02 6.6809997559e+02 6.6820001221e+02 6.6820001221e+02 6.6820001221e+02 6.6820001221e+02 6.6829998779e+02 6.6829998779e+02 6.6840002441e+02 6.6850000000e+02 6.6859997559e+02 6.6859997559e+02 6.6870001221e+02 6.6890002441e+02 6.6909997559e+02 6.6920001221e+02 6.6940002441e+02 6.6959997559e+02 6.6979998779e+02 6.7000000000e+02 6.7020001221e+02 6.7050000000e+02 6.7070001221e+02 6.7100000000e+02 6.7129998779e+02 6.7159997559e+02 6.7190002441e+02 6.7220001221e+02 6.7250000000e+02 6.7290002441e+02 6.7320001221e+02 6.7340002441e+02 6.7359997559e+02 6.7390002441e+02 6.7420001221e+02 6.7450000000e+02 6.7479998779e+02 6.7509997559e+02 6.7529998779e+02 6.7570001221e+02 6.7600000000e+02 6.7640002441e+02 6.7679998779e+02 6.7700000000e+02 6.7740002441e+02 6.7779998779e+02
6.6800000000e+02 6.6809997559e+02 6.6820001221e+02 6.6820001221e+02 6.6809997559e+02 6.6820001221e+02 6.6820001221e+02 6.6829998779e+02 6.6840002441e+02 6.6850000000e+02 6.6859997559e+02 6.6870001221e+02 6.6879998779e+02 6.6890002441e+02 6.6909997559e+02 6.6940002441e+02 6.6959997559e+02 6.6970001221e+02 6.6990002441e+02 6.7009997559e+02 6.7040002441e+02 6.7070001221e+02 6.7090002441e+02 6.7109997559e+02 6.7140002441e+02 6.7170001221e+02 6.7200000000e+02 6.7229998779e+02 6.7270001221e+02 6.7290002441e+02 6.7320001221e+02 6.7350000000e+02 6.7370001221e+02 6.7400000000e+02 6.7429998779e+02 6.7450000000e+02 6.7490002441e+02 6.7520001221e+02 6.7550000000e+02 6.7579998779e+02 6.7609997559e+02 6.7650000000e+02 6.7679998779e+02 6.7709997559e+02 6.7740002441e+02 6.7790002441e+02
6.6790002441e+02 6.6800000000e+02 6.6809997559e+02 6.6809997559e+02 6.6809997559e+02 6.6809997559e+02 6.6809997559e+02 6.6829998779e+02 6.6840002441e+02 6.6850000000e+02 6.6859997559e+02 6.6879998779e+02 6.6890002441e+02 6.6900000000e+02 6.6929998779e+02 6.6959997559e+02 6.6979998779e+02 6.6990002441e+02 6.7000000000e+02 6.7020001221e+02 6.7050000000e+02 6.7079998779e+02 6.7100000000e+02 6.7120001221e+02 6.7140002441e+02 6.7170001221e+02 6.7200000000e+02 6.7240002441e+02 6.7270001221e+02 6.7300000000e+02 6.7329998779e+02 6.7350000000e+02 6.7379998779e+02 6.7409997559e+02 6.7429998779e+02 6.7459997559e+02 6.7490002441e+02 6.7520001221e+02 6.7550000000e+02 6.7579998779e+02 6.7620001221e+02 6.7650000000e+02 6.7679998779e+02 6.7709997559e+02 6.7740002441e+02 6.7779998779e+02
6.6779998779e+02 6.6790002441e+02 6.6800000000e+02 6.6800000000e+02 6.6800000000e+02 6.6800000000e+02 6.6809997559e+02 6.6820001221e+02 6.6829998779e+02 6.6850000000e+02 6.6870001221e+02 6.6890002441e+02 6.6900000000e+02 6.6909997559e+02 6.6940002441e+02 6.6970001221e+02 6.6990002441e+02 6.7000000000e+02 6.7020001221e+02 6.7040002441e+02 6.7050000000e+02 6.7070001221e+02 6.7100000000e+02 6.7129998779e+02 6.7140002441e+02 6.7159997559e+02 6.7200000000e+02 6.7240002441e+02 6.7279998779e+02 6.7309997559e+02 6.7340002441e+02 6.7350000000e+02 6.7379998779e+02 6.7409997559e+02 6.7429998779e+02 6.7450000000e+02 6.7479998779e+02 6.7520001221e+02 6.7559997559e+02 6.7579998779e+02 6.7620001221e+02 6.7650000000e+02 6.7670001221e+02 6.7709997559e+02 6.7750000000e+02 6.7779998779e+02
6.6759997559e+02 6.6770001221e+02 6.6790002441e+02 6.6790002441e+02 6.6790002441e+02 6.6790002441e+02 6.6800000000e+02 6.6809997559e+02 6.6829998779e+02 6.6850000000e+02 6.6879998779e+02 6.6900000000e+02 6.6909997559e+02 6.6920001221e+02 6.6940002441e+02 6.6959997559e+02 6.6990002441e+02 6.7009997559e+02 6.7020001221e+02 6.7040002441e+02 6.7059997559e+02 6.7079998779e+02 6.7109997559e+02 6.7140002441e+02 6.7140002441e+02 6.7170001221e+02 6.7209997559e+02 6.7240002441e+02 6.7279998779e+02 6.7309997559e+02 6.7340002441e+02 6.7370001221e+02 6.7390002441e+02 6.7409997559e+02 6.7420001221e+02 6.7440002441e+02 6.7470001221e+02 6.7520001221e+02 6.7559997559e+02 6.7590002441e+02 6.7629998779e+02 6.7650000000e+02 6.7679998779e+02 6.7720001221e+02 6.7750000000e+02 6.7790002441e+02
6.6729998779e+02 6.6750000000e+02 6.6779998779e+02 6.6790002441e+02 6.6790002441e+02 6.6790002441e+02 6.6800000000e+02 6.6809997559e+02 6.6829998779e+02 6.6859997559e+02 6.6879998779e+02 6.6890002441e+02 6.6900000000e+02 6.6909997559e+02 6.6929998779e+02 6.6950000000e+02 6.6979998779e+02 6.7009997559e+02 6.7020001221e+02 6.7050000000e+02 6.7070001221e+02 6.7090002441e+02 6.7129998779e+02 6.7140002441e+02 6.7150000000e+02 6.7170001221e+02 6.7209997559e+02 6.7240002441e+02 6.7279998779e+02 6.7309997559e+02 6.7350000000e+02 6.7370001221e+02 6.7400000000e+02 6.7409997559e+02 6.7429998779e+02 6.7440002441e+02 6.7470001221e+02 6.7520001221e+02 6.7559997559e+02 6.7600000000e+02 6.7629998779e+02 6.7659997559e+02 6.7679998779e+02 6.7720001221e+02 6.7759997559e+02 6.7790002441e+02
