DGM_1M_UPPER_AUSTRIA/40/28.asc
NCOLS 100
NROWS 100
XLLCORNER 6.4150500000e+04
YLLCORNER 2.9248850000e+05
CELLSIZE 1.0000000000e+00
NODATA_VALUE -9.9990000000e+03
[rows 40 to 59 of 100, columns 0 to 45 of 100]
5.1800000000e+02 5.1900000000e+02 5.2000000000e+02 5.2090002441e+02 5.2150000000e+02 5.2159997559e+02 5.2159997559e+02 5.2159997559e+02 5.2159997559e+02 5.2159997559e+02 5.2159997559e+02 5.2150000000e+02 5.2150000000e+02 5.2140002441e+02 5.2140002441e+02 5.2140002441e+02 5.2129998779e+02 5.2120001221e+02 5.2120001221e+02 5.2120001221e+02 5.2109997559e+02 5.2109997559e+02 5.2100000000e+02 5.2100000000e+02 5.2100000000e+02 5.2090002441e+02 5.2090002441e+02 5.2090002441e+02 5.2090002441e+02 5.2090002441e+02 5.2090002441e+02 5.2090002441e+02 5.2090002441e+02 5.2090002441e+02 5.2079998779e+02 5.2079998779e+02 5.2079998779e+02 5.2070001221e+02 5.2070001221e+02 5.2070001221e+02 5.2059997559e+02 5.2059997559e+02 5.2050000000e+02 5.2050000000e+02 5.2050000000e+02 5.2050000000e+02
5.1809997559e+02 5.1909997559e+02 5.2009997559e+02 5.2100000000e+02 5.2159997559e+02 5.2159997559e+02 5.2170001221e+02 5.2170001221e+02 5.2159997559e+02 5.2159997559e+02 5.2159997559e+02 5.2159997559e+02 5.2150000000e+02 5.2150000000e+02 5.2150000000e+02 5.2140002441e+02 5.2140002441e+02 5.2129998779e+02 5.2120001221e+02 5.2120001221e+02 5.2120001221e+02 5.2109997559e+02 5.2109997559e+02 5.2109997559e+02 5.2100000000e+02 5.2100000000e+02 5.2100000000e+02 5.2100000000e+02 5.2100000000e+02 5.2090002441e+02 5.2090002441e+02 5.2090002441e+02 5.2090002441e+02 5.2090002441e+02 5.2079998779e+02 5.2079998779e+02 5.2079998779e+02 5.2070001221e+02 5.2070001221e+02 5.2070001221e+02 5.2070001221e+02 5.2059997559e+02 5.2059997559e+02 5.2050000000e+02 5.2050000000e+02 5.2050000000e+02
5.1820001221e+02 5.1909997559e+02 5.2020001221e+02 5.2109997559e+02 5.2159997559e+02 5.2170001221e+02 5.2170001221e+02 5.2170001221e+02 5.2170001221e+02 5.2170001221e+02 5.2170001221e+02 5.2170001221e+02 5.2159997559e+02 5.2150000000e+02 5.2150000000e+02 5.2140002441e+02 5.2140002441e+02 5.2140002441e+02 5.2129998779e+02 5.2129998779e+02 5.2120001221e+02 5.2120001221e+02 5.2120001221e+02 5.2109997559e+02 5.2109997559e+02 5.2109997559e+02 5.2109997559e+02 5.2109997559e+02 5.2100000000e+02 5.2100000000e+02 5.2090002441e+02 5.2090002441e+02 5.2090002441e+02 5.2090002441e+02 5.2090002441e+02 5.2090002441e+02 5.2079998779e+02 5.2079998779e+02 5.2079998779e+02 5.2070001221e+02 5.2070001221e+02 5.2059997559e+02 5.2059997559e+02 5.2059997559e+02 5.2050000000e+02 5.2050000000e+02
5.1820001221e+02 5.1920001221e+02 5.2029998779e+02 5.2120001221e+02 5.2159997559e+02 5.2170001221e+02 5.2170001221e+02 5.2170001221e+02 5.2170001221e+02 5.2170001221e+02 5.2170001221e+02 5.2170001221e+02 5.2170001221e+02 5.2159997559e+02 5.2150000000e+02 5.2150000000e+02 5.2150000000e+02 5.2140002441e+02 5.2140002441e+02 5.2129998779e+02 5.2129998779e+02 5.2120001221e+02 5.2120001221e+02 5.2120001221e+02 5.2120001221e+02 5.2109997559e+02 5.2109997559e+02 5.2109997559e+02 5.2109997559e+02 5.2109997559e+02 5.2100000000e+02 5.2100000000e+02 5.2090002441e+02 5.2090002441e+02 5.2090002441e+02 5.2090002441e+02 5.2090002441e+02 5.2079998779e+02 5.2079998779e+02 5.2070001221e+02 5.2070001221e+02 5.2070001221e+02 5.2059997559e+02 5.2059997559e+02 5.2059997559e+02 5.2059997559e+02
5.1829998779e+02 5.1929998779e+02 5.2029998779e+02 5.2120001221e+02 5.2159997559e+02 5.2179998779e+02 5.2179998779e+02 5.2179998779e+02 5.2179998779e+02 5.2179998779e+02 5.2179998779e+02 5.2179998779e+02 5.2170001221e+02 5.2170001221e+02 5.2159997559e+02 5.2150000000e+02 5.2150000000e+02 5.2140002441e+02 5.2140002441e+02 5.2140002441e+02 5.2129998779e+02 5.2129998779e+02 5.2129998779e+02 5.2120001221e+02 5.2120001221e+02 5.2120001221e+02 5.2120001221e+02 5.2109997559e+02 5.2109997559e+02 5.2109997559e+02 5.2109997559e+02 5.2109997559e+02 5.2100000000e+02 5.2100000000e+02 5.2090002441e+02 5.2090002441e+02 5.2090002441e+02 5.2090002441e+02 5.2079998779e+02 5.2079998779e+02 5.2070001221e+02 5.2070001221e+02 5.2070001221e+02 5.2059997559e+02 5.2059997559e+02 5.2059997559e+02
5.1859997559e+02 5.1959997559e+02 5.2059997559e+02 5.2140002441e+02 5.2179998779e+02 5.2179998779e+02 5.2179998779e+02 5.2190002441e+02 5.2190002441e+02 5.2190002441e+02 5.2190002441e+02 5.2179998779e+02 5.2170001221e+02 5.2170001221e+02 5.2170001221e+02 5.2159997559e+02 5.2150000000e+02 5.2150000000e+02 5.2140002441e+02 5.2140002441e+02 5.2140002441e+02 5.2140002441e+02 5.2129998779e+02 5.2129998779e+02 5.2120001221e+02 5.2120001221e+02 5.2120001221e+02 5.2120001221e+02 5.2120001221e+02 5.2109997559e+02 5.2109997559e+02 5.2109997559e+02 5.2109997559e+02 5.2109997559e+02 5.2100000000e+02 5.2090002441e+02 5.2090002441e+02 5.2090002441e+02 5.2090002441e+02 5.2079998779e+02 5.2079998779e+02 5.2070001221e+02 5.2070001221e+02 5.2070001221e+02 5.2059997559e+02 5.2059997559e+02
5.1890002441e+02 5.2000000000e+02 5.2100000000e+02 5.2159997559e+02 5.2190002441e+02 5.2190002441e+02 5.2190002441e+02 5.2190002441e+02 5.2190002441e+02 5.2190002441e+02 5.2190002441e+02 5.2179998779e+02 5.2179998779e+02 5.2170001221e+02 5.2170001221e+02 5.2159997559e+02 5.2159997559e+02 5.2150000000e+02 5.2150000000e+02 5.2140002441e+02 5.2140002441e+02 5.2140002441e+02 5.2140002441e+02 5.2140002441e+02 5.2129998779e+02 5.2120001221e+02 5.2120001221e+02 5.2120001221e+02 5.2120001221e+02 5.2120001221e+02 5.2120001221e+02 5.2109997559e+02 5.2109997559e+02 5.2109997559e+02 5.2109997559e+02 5.2100000000e+02 5.2090002441e+02 5.2090002441e+02 5.2090002441e+02 5.2090002441e+02 5.2079998779e+02 5.2070001221e+02 5.2070001221e+02 5.2070001221e+02 5.2059997559e+02 5.2059997559e+02
5.1929998779e+02 5.2029998779e+02 5.2120001221e+02 5.2170001221e+02 5.2190002441e+02 5.2190002441e+02 5.2200000000e+02 5.2200000000e+02 5.2200000000e+02 5.2200000000e+02 5.2190002441e+02 5.2190002441e+02 5.2190002441e+02 5.2179998779e+02 5.2170001221e+02 5.2170001221e+02 5.2159997559e+02 5.2150000000e+02 5.2150000000e+02 5.2150000000e+02 5.2140002441e+02 5.2140002441e+02 5.2140002441e+02 5.2140002441e+02 5.2140002441e+02 5.2129998779e+02 5.2129998779e+02 5.2129998779e+02 5.2120001221e+02 5.2120001221e+02 5.2120001221e+02 5.2120001221e+02 5.2120001221e+02 5.2109997559e+02 5.2109997559e+02 5.2100000000e+02 5.2090002441e+02 5.2090002441e+02 5.2090002441e+02 5.2090002441e+02 5.2079998779e+02 5.2079998779e+02 5.2070001221e+02 5.2070001221e+02 5.2059997559e+02 5.2059997559e+02
5.1950000000e+02 5.2050000000e+02 5.2129998779e+02 5.2179998779e+02 5.2200000000e+02 5.2200000000e+02 5.2209997559e+02 5.2209997559e+02 5.2200000000e+02 5.2200000000e+02 5.2200000000e+02 5.2190002441e+02 5.2190002441e+02 5.2190002441e+02 5.2179998779e+02 5.2170001221e+02 5.2170001221e+02 5.2159997559e+02 5.2150000000e+02 5.2150000000e+02 5.2140002441e+02 5.2140002441e+02 5.2140002441e+02 5.2140002441e+02 5.2140002441e+02 5.2140002441e+02 5.2129998779e+02 5.2129998779e+02 5.2129998779e+02 5.2129998779e+02 5.2120001221e+02 5.2120001221e+02 5.2120001221e+02 5.2109997559e+02 5.2109997559e+02 5.2109997559e+02 5.2100000000e+02 5.2100000000e+02 5.2090002441e+02 5.2090002441e+02 5.2079998779e+02 5.2079998779e+02 5.2070001221e+02 5.2070001221e+02 5.2070001221e+02 5.2059997559e+02
5.1959997559e+02 5.2070001221e+02 5.2150000000e+02 5.2190002441e+02 5.2200000000e+02 5.2209997559e+02 5.2209997559e+02 5.2209997559e+02 5.2209997559e+02 5.2209997559e+02 5.2200000000e+02 5.2200000000e+02 5.2200000000e+02 5.2190002441e+02 5.2190002441e+02 5.2179998779e+02 5.2170001221e+02 5.2159997559e+02 5.2159997559e+02 5.2150000000e+02 5.2150000000e+02 5.2140002441e+02 5.2140002441e+02 5.2150000000e+02 5.2150000000e+02 5.2140002441e+02 5.2140002441e+02 5.2140002441e+02 5.2140002441e+02 5.2140002441e+02 5.2129998779e+02 5.2120001221e+02 5.2120001221e+02 5.2120001221e+02 5.2109997559e+02 5.2109997559e+02 5.2109997559e+02 5.2100000000e+02 5.2090002441e+02 5.2090002441e+02 5.2090002441e+02 5.2079998779e+02 5.2079998779e+02 5.2070001221e+02 5.2070001221e+02 5.2059997559e+02
5.1970001221e+02 5.2070001221e+02 5.2159997559e+02 5.2200000000e+02 5.2209997559e+02 5.2209997559e+02 5.2220001221e+02 5.2220001221e+02 5.2209997559e+02 5.2209997559e+02 5.2209997559e+02 5.2209997559e+02 5.2200000000e+02 5.2200000000e+02 5.2190002441e+02 5.2190002441e+02 5.2179998779e+02 5.2170001221e+02 5.2170001221e+02 5.2159997559e+02 5.2159997559e+02 5.2150000000e+02 5.2150000000e+02 5.2159997559e+02 5.2150000000e+02 5.2150000000e+02 5.2140002441e+02 5.2140002441e+02 5.2140002441e+02 5.2140002441e+02 5.2140002441e+02 5.2129998779e+02 5.2120001221e+02 5.2120001221e+02 5.2120001221e+02 5.2109997559e+02 5.2109997559e+02 5.2109997559e+02 5.2100000000e+02 5.2100000000e+02 5.2090002441e+02 5.2090002441e+02 5.2079998779e+02 5.2070001221e+02 5.2070001221e+02 5.2070001221e+02
5.1990002441e+02 5.2090002441e+02 5.2170001221e+02 5.2200000000e+02 5.2209997559e+02 5.2220001221e+02 5.2220001221e+02 5.2220001221e+02 5.2220001221e+02 5.2220001221e+02 5.2220001221e+02 5.2209997559e+02 5.2209997559e+02 5.2200000000e+02 5.2200000000e+02 5.2190002441e+02 5.2179998779e+02 5.2170001221e+02 5.2170001221e+02 5.2159997559e+02 5.2159997559e+02 5.2159997559e+02 5.2159997559e+02 5.2159997559e+02 5.2159997559e+02 5.2150000000e+02 5.2150000000e+02 5.2150000000e+02 5.2140002441e+02 5.2140002441e+02 5.2140002441e+02 5.2140002441e+02 5.2129998779e+02 5.2120001221e+02 5.2120001221e+02 5.2120001221e+02 5.2109997559e+02 5.2109997559e+02 5.2109997559e+02 5.2100000000e+02 5.2090002441e+02 5.2090002441e+02 5.2090002441e+02 5.2079998779e+02 5.2070001221e+02 5.2070001221e+02
5.2020001221e+02 5.2109997559e+02 5.2179998779e+02 5.2209997559e+02 5.2220001221e+02 5.2229998779e+02 5.2229998779e+02 5.2229998779e+02 5.2229998779e+02 5.2220001221e+02 5.2220001221e+02 5.2220001221e+02 5.2209997559e+02 5.2209997559e+02 5.2200000000e+02 5.2200000000e+02 5.2190002441e+02 5.2179998779e+02 5.2170001221e+02 5.2170001221e+02 5.2170001221e+02 5.2159997559e+02 5.2159997559e+02 5.2170001221e+02 5.2159997559e+02 5.2159997559e+02 5.2159997559e+02 5.2150000000e+02 5.2140002441e+02 5.2140002441e+02 5.2140002441e+02 5.2140002441e+02 5.2129998779e+02 5.2129998779e+02 5.2120001221e+02 5.2120001221e+02 5.2120001221e+02 5.2109997559e+02 5.2109997559e+02 5.2109997559e+02 5.2100000000e+02 5.2090002441e+02 5.2090002441e+02 5.2079998779e+02 5.2079998779e+02 5.2070001221e+02
5.2059997559e+02 5.2140002441e+02 5.2200000000e+02 5.2220001221e+02 5.2229998779e+02 5.2229998779e+02 5.2229998779e+02 5.2240002441e+02 5.2240002441e+02 5.2229998779e+02 5.2229998779e+02 5.2220001221e+02 5.2220001221e+02 5.2209997559e+02 5.2209997559e+02 5.2200000000e+02 5.2190002441e+02 5.2190002441e+02 5.2179998779e+02 5.2170001221e+02 5.2170001221e+02 5.2170001221e+02 5.2170001221e+02 5.2170001221e+02 5.2159997559e+02 5.2159997559e+02 5.2159997559e+02 5.2150000000e+02 5.2150000000e+02 5.2150000000e+02 5.2140002441e+02 5.2140002441e+02 5.2129998779e+02 5.2129998779e+02 5.2129998779e+02 5.2120001221e+02 5.2120001221e+02 5.2120001221e+02 5.2109997559e+02 5.2109997559e+02 5.2109997559e+02 5.2100000000e+02 5.2090002441e+02 5.2090002441e+02 5.2090002441e+02 5.2079998779e+02
5.2100000000e+02 5.2179998779e+02 5.2229998779e+02 5.2229998779e+02 5.2229998779e+02 5.2240002441e+02 5.2240002441e+02 5.2240002441e+02 5.2240002441e+02 5.2240002441e+02 5.2240002441e+02 5.2229998779e+02 5.2220001221e+02 5.2209997559e+02 5.2209997559e+02 5.2200000000e+02 5.2190002441e+02 5.2190002441e+02 5.2190002441e+02 5.2179998779e+02 5.2179998779e+02 5.2170001221e+02 5.2170001221e+02 5.2170001221e+02 5.2170001221e+02 5.2159997559e+02 5.2159997559e+02 5.2159997559e+02 5.2150000000e+02 5.2150000000e+02 5.2140002441e+02 5.2140002441e+02 5.2129998779e+02 5.2129998779e+02 5.2129998779e+02 5.2120001221e+02 5.2120001221e+02 5.2120001221e+02 5.2120001221e+02 5.2109997559e+02 5.2109997559e+02 5.2109997559e+02 5.2100000000e+02 5.2090002441e+02 5.2090002441e+02 5.2079998779e+02
5.2129998779e+02 5.2209997559e+02 5.2240002441e+02 5.2240002441e+02 5.2240002441e+02 5.2240002441e+02 5.2240002441e+02 5.2250000000e+02 5.2240002441e+02 5.2240002441e+02 5.2240002441e+02 5.2229998779e+02 5.2220001221e+02 5.2220001221e+02 5.2209997559e+02 5.2200000000e+02 5.2200000000e+02 5.2190002441e+02 5.2190002441e+02 5.2190002441e+02 5.2190002441e+02 5.2179998779e+02 5.2170001221e+02 5.2170001221e+02 5.2170001221e+02 5.2159997559e+02 5.2159997559e+02 5.2159997559e+02 5.2150000000e+02 5.2150000000e+02 5.2140002441e+02 5.2140002441e+02 5.2140002441e+02 5.2129998779e+02 5.2129998779e+02 5.2129998779e+02 5.2120001221e+02 5.2120001221e+02 5.2120001221e+02 5.2109997559e+02 5.2109997559e+02 5.2109997559e+02 5.2109997559e+02 5.2100000000e+02 5.2090002441e+02 5.2090002441e+02
5.2159997559e+02 5.2220001221e+02 5.2240002441e+02 5.2240002441e+02 5.2240002441e+02 5.2250000000e+02 5.2250000000e+02 5.2250000000e+02 5.2250000000e+02 5.2240002441e+02 5.2240002441e+02 5.2229998779e+02 5.2229998779e+02 5.2220001221e+02 5.2220001221e+02 5.2209997559e+02 5.2200000000e+02 5.2200000000e+02 5.2190002441e+02 5.2190002441e+02 5.2190002441e+02 5.2190002441e+02 5.2179998779e+02 5.2170001221e+02 5.2170001221e+02 5.2159997559e+02 5.2159997559e+02 5.2159997559e+02 5.2150000000e+02 5.2150000000e+02 5.2140002441e+02 5.2140002441e+02 5.2140002441e+02 5.2129998779e+02 5.2129998779e+02 5.2129998779e+02 5.2120001221e+02 5.2120001221e+02 5.2120001221e+02 5.2120001221e+02 5.2120001221e+02 5.2109997559e+02 5.2109997559e+02 5.2109997559e+02 5.2100000000e+02 5.2090002441e+02
5.2170001221e+02 5.2220001221e+02 5.2240002441e+02 5.2250000000e+02 5.2259997559e+02 5.2259997559e+02 5.2250000000e+02 5.2250000000e+02 5.2250000000e+02 5.2250000000e+02 5.2240002441e+02 5.2240002441e+02 5.2229998779e+02 5.2220001221e+02 5.2220001221e+02 5.2209997559e+02 5.2200000000e+02 5.2200000000e+02 5.2200000000e+02 5.2190002441e+02 5.2190002441e+02 5.2190002441e+02 5.2179998779e+02 5.2179998779e+02 5.2170001221e+02 5.2159997559e+02 5.2159997559e+02 5.2159997559e+02 5.2150000000e+02 5.2140002441e+02 5.2140002441e+02 5.2140002441e+02 5.2140002441e+02 5.2129998779e+02 5.2129998779e+02 5.2129998779e+02 5.2120001221e+02 5.2120001221e+02 5.2120001221e+02 5.2120001221e+02 5.2120001221e+02 5.2120001221e+02 5.2109997559e+02 5.2109997559e+02 5.2109997559e+02 5.2100000000e+02
5.2179998779e+02 5.2240002441e+02 5.2259997559e+02 5.2259997559e+02 5.2259997559e+02 5.2259997559e+02 5.2259997559e+02 5.2250000000e+02 5.2250000000e+02 5.2250000000e+02 5.2250000000e+02 5.2240002441e+02 5.2240002441e+02 5.2229998779e+02 5.2220001221e+02 5.2220001221e+02 5.2209997559e+02 5.2200000000e+02 5.2200000000e+02 5.2200000000e+02 5.2190002441e+02 5.2190002441e+02 5.2190002441e+02 5.2170001221e+02 5.2170001221e+02 5.2159997559e+02 5.2159997559e+02 5.2150000000e+02 5.2140002441e+02 5.2140002441e+02 5.2140002441e+02 5.2140002441e+02 5.2140002441e+02 5.2129998779e+02 5.2129998779e+02 5.2129998779e+02 5.2129998779e+02 5.2129998779e+02 5.2129998779e+02 5.2120001221e+02 5.2120001221e+02 5.2120001221e+02 5.2109997559e+02 5.2109997559e+02 5.2100000000e+02 5.2100000000e+02
5.2200000000e+02 5.2240002441e+02 5.2259997559e+02 5.2259997559e+02 5.2259997559e+02 5.2259997559e+02 5.2259997559e+02 5.2259997559e+02 5.2259997559e+02 5.2250000000e+02 5.2250000000e+02 5.2240002441e+02 5.2240002441e+02 5.2229998779e+02 5.2229998779e+02 5.2220001221e+02 5.2220001221e+02 5.2209997559e+02 5.2209997559e+02 5.2200000000e+02 5.2200000000e+02 5.2190002441e+02 5.2179998779e+02 5.2170001221e+02 5.2170001221e+02 5.2159997559e+02 5.2159997559e+02 5.2150000000e+02 5.2140002441e+02 5.2140002441e+02 5.2140002441e+02 5.2140002441e+02 5.2140002441e+02 5.2129998779e+02 5.2129998779e+02 5.2129998779e+02 5.2129998779e+02 5.2129998779e+02 5.2129998779e+02 5.2120001221e+02 5.2120001221e+02 5.2120001221e+02 5.2109997559e+02 5.2109997559e+02 5.2109997559e+02 5.2100000000e+02
