DGM_1M_UPPER_AUSTRIA/6/15.asc
NCOLS 100
NROWS 100
XLLCORNER 6.0750500000e+04
YLLCORNER 2.9378850000e+05
CELLSIZE 1.0000000000e+00
NODATA_VALUE -9.9990000000e+03
[rows 60 to 79 of 100, columns 46 to 91 of 100]
8.5329998779e+02 8.5379998779e+02 8.5420001221e+02 8.5470001221e+02 8.5509997559e+02 8.5559997559e+02 8.5600000000e+02 8.5629998779e+02 8.5679998779e+02 8.5720001221e+02 8.5759997559e+02 8.5790002441e+02 8.5820001221e+02 8.5859997559e+02 8.5879998779e+02 8.5890002441e+02 8.5920001221e+02 8.5950000000e+02 8.5970001221e+02 8.5990002441e+02 8.6000000000e+02 8.6009997559e+02 8.6009997559e+02 8.6009997559e+02 8.6020001221e+02 8.6029998779e+02 8.6050000000e+02 8.6059997559e+02 8.6070001221e+02 8.6070001221e+02 8.6079998779e+02 8.6079998779e+02 8.6079998779e+02 8.6079998779e+02 8.6079998779e+02 8.6079998779e+02 8.6079998779e+02 8.6079998779e+02 8.6090002441e+02 8.6100000000e+02 8.6100000000e+02 8.6109997559e+02 8.6109997559e+02 8.6120001221e+02 8.6120001221e+02 8.6129998779e+02
8.5340002441e+02 8.5379998779e+02 8.5429998779e+02 8.5490002441e+02 8.5529998779e+02 8.5570001221e+02 8.5609997559e+02 8.5640002441e+02 8.5690002441e+02 8.5740002441e+02 8.5770001221e+02 8.5809997559e+02 8.5850000000e+02 8.5890002441e+02 8.5909997559e+02 8.5929998779e+02 8.5959997559e+02 8.5979998779e+02 8.6009997559e+02 8.6029998779e+02 8.6040002441e+02 8.6050000000e+02 8.6059997559e+02 8.6070001221e+02 8.6079998779e+02 8.6100000000e+02 8.6109997559e+02 8.6120001221e+02 8.6129998779e+02 8.6129998779e+02 8.6140002441e+02 8.6150000000e+02 8.6150000000e+02 8.6150000000e+02 8.6140002441e+02 8.6140002441e+02 8.6140002441e+02 8.6140002441e+02 8.6150000000e+02 8.6159997559e+02 8.6159997559e+02 8.6170001221e+02 8.6179998779e+02 8.6190002441e+02 8.6200000000e+02 8.6209997559e+02
8.5340002441e+02 8.5379998779e+02 8.5440002441e+02 8.5490002441e+02 8.5540002441e+02 8.5590002441e+02 8.5620001221e+02 8.5650000000e+02 8.5700000000e+02 8.5750000000e+02 8.5800000000e+02 8.5840002441e+02 8.5879998779e+02 8.5909997559e+02 8.5929998779e+02 8.5959997559e+02 8.5990002441e+02 8.6009997559e+02 8.6029998779e+02 8.6050000000e+02 8.6070001221e+02 8.6079998779e+02 8.6090002441e+02 8.6120001221e+02 8.6140002441e+02 8.6159997559e+02 8.6179998779e+02 8.6179998779e+02 8.6179998779e+02 8.6190002441e+02 8.6200000000e+02 8.6209997559e+02 8.6209997559e+02 8.6209997559e+02 8.6209997559e+02 8.6209997559e+02 8.6200000000e+02 8.6209997559e+02 8.6209997559e+02 8.6220001221e+02 8.6229998779e+02 8.6240002441e+02 8.6250000000e+02 8.6259997559e+02 8.6270001221e+02 8.6290002441e+02
8.5340002441e+02 8.5390002441e+02 8.5440002441e+02 8.5500000000e+02 8.5550000000e+02 8.5600000000e+02 8.5640002441e+02 8.5679998779e+02 8.5720001221e+02 8.5770001221e+02 8.5829998779e+02 8.5870001221e+02 8.5900000000e+02 8.5929998779e+02 8.5959997559e+02 8.5990002441e+02 8.6009997559e+02 8.6040002441e+02 8.6059997559e+02 8.6090002441e+02 8.6109997559e+02 8.6120001221e+02 8.6140002441e+02 8.6159997559e+02 8.6190002441e+02 8.6220001221e+02 8.6240002441e+02 8.6240002441e+02 8.6250000000e+02 8.6259997559e+02 8.6270001221e+02 8.6270001221e+02 8.6270001221e+02 8.6270001221e+02 8.6279998779e+02 8.6279998779e+02 8.6279998779e+02 8.6279998779e+02 8.6279998779e+02 8.6300000000e+02 8.6309997559e+02 8.6320001221e+02 8.6329998779e+02 8.6340002441e+02 8.6350000000e+02 8.6370001221e+02
8.5329998779e+02 8.5390002441e+02 8.5450000000e+02 8.5500000000e+02 8.5550000000e+02 8.5609997559e+02 8.5670001221e+02 8.5709997559e+02 8.5759997559e+02 8.5800000000e+02 8.5850000000e+02 8.5900000000e+02 8.5929998779e+02 8.5959997559e+02 8.5979998779e+02 8.6009997559e+02 8.6040002441e+02 8.6070001221e+02 8.6100000000e+02 8.6129998779e+02 8.6150000000e+02 8.6170001221e+02 8.6179998779e+02 8.6209997559e+02 8.6240002441e+02 8.6259997559e+02 8.6290002441e+02 8.6309997559e+02 8.6309997559e+02 8.6320001221e+02 8.6329998779e+02 8.6329998779e+02 8.6329998779e+02 8.6329998779e+02 8.6340002441e+02 8.6350000000e+02 8.6350000000e+02 8.6350000000e+02 8.6359997559e+02 8.6370001221e+02 8.6379998779e+02 8.6400000000e+02 8.6400000000e+02 8.6409997559e+02 8.6429998779e+02 8.6450000000e+02
8.5329998779e+02 8.5390002441e+02 8.5459997559e+02 8.5520001221e+02 8.5570001221e+02 8.5640002441e+02 8.5709997559e+02 8.5759997559e+02 8.5790002441e+02 8.5820001221e+02 8.5870001221e+02 8.5920001221e+02 8.5959997559e+02 8.5990002441e+02 8.6020001221e+02 8.6050000000e+02 8.6079998779e+02 8.6109997559e+02 8.6150000000e+02 8.6179998779e+02 8.6200000000e+02 8.6220001221e+02 8.6240002441e+02 8.6259997559e+02 8.6290002441e+02 8.6309997559e+02 8.6329998779e+02 8.6359997559e+02 8.6370001221e+02 8.6379998779e+02 8.6390002441e+02 8.6390002441e+02 8.6390002441e+02 8.6400000000e+02 8.6409997559e+02 8.6420001221e+02 8.6420001221e+02 8.6420001221e+02 8.6420001221e+02 8.6429998779e+02 8.6450000000e+02 8.6459997559e+02 8.6470001221e+02 8.6479998779e+02 8.6500000000e+02 8.6520001221e+02
8.5350000000e+02 8.5409997559e+02 8.5479998779e+02 8.5540002441e+02 8.5590002441e+02 8.5659997559e+02 8.5729998779e+02 8.5790002441e+02 8.5820001221e+02 8.5850000000e+02 8.5890002441e+02 8.5950000000e+02 8.5990002441e+02 8.6020001221e+02 8.6050000000e+02 8.6090002441e+02 8.6120001221e+02 8.6159997559e+02 8.6190002441e+02 8.6220001221e+02 8.6240002441e+02 8.6259997559e+02 8.6290002441e+02 8.6320001221e+02 8.6340002441e+02 8.6359997559e+02 8.6379998779e+02 8.6400000000e+02 8.6409997559e+02 8.6429998779e+02 8.6429998779e+02 8.6440002441e+02 8.6440002441e+02 8.6459997559e+02 8.6470001221e+02 8.6479998779e+02 8.6490002441e+02 8.6490002441e+02 8.6490002441e+02 8.6490002441e+02 8.6500000000e+02 8.6509997559e+02 8.6529998779e+02 8.6540002441e+02 8.6570001221e+02 8.6590002441e+02
8.5370001221e+02 8.5429998779e+02 8.5500000000e+02 8.5559997559e+02 8.5609997559e+02 8.5670001221e+02 8.5750000000e+02 8.5820001221e+02 8.5850000000e+02 8.5879998779e+02 8.5929998779e+02 8.5979998779e+02 8.6029998779e+02 8.6059997559e+02 8.6090002441e+02 8.6140002441e+02 8.6179998779e+02 8.6209997559e+02 8.6240002441e+02 8.6270001221e+02 8.6290002441e+02 8.6309997559e+02 8.6340002441e+02 8.6370001221e+02 8.6400000000e+02 8.6420001221e+02 8.6440002441e+02 8.6450000000e+02 8.6470001221e+02 8.6470001221e+02 8.6479998779e+02 8.6479998779e+02 8.6490002441e+02 8.6509997559e+02 8.6529998779e+02 8.6540002441e+02 8.6550000000e+02 8.6559997559e+02 8.6559997559e+02 8.6559997559e+02 8.6570001221e+02 8.6579998779e+02 8.6590002441e+02 8.6600000000e+02 8.6620001221e+02 8.6650000000e+02
8.5379998779e+02 8.5440002441e+02 8.5509997559e+02 8.5579998779e+02 8.5629998779e+02 8.5700000000e+02 8.5779998779e+02 8.5840002441e+02 8.5879998779e+02 8.5920001221e+02 8.5970001221e+02 8.6029998779e+02 8.6070001221e+02 8.6109997559e+02 8.6159997559e+02 8.6209997559e+02 8.6240002441e+02 8.6259997559e+02 8.6290002441e+02 8.6309997559e+02 8.6340002441e+02 8.6359997559e+02 8.6390002441e+02 8.6420001221e+02 8.6450000000e+02 8.6470001221e+02 8.6490002441e+02 8.6509997559e+02 8.6520001221e+02 8.6520001221e+02 8.6529998779e+02 8.6529998779e+02 8.6540002441e+02 8.6559997559e+02 8.6579998779e+02 8.6590002441e+02 8.6609997559e+02 8.6629998779e+02 8.6650000000e+02 8.6650000000e+02 8.6659997559e+02 8.6659997559e+02 8.6670001221e+02 8.6670001221e+02 8.6690002441e+02 8.6709997559e+02
8.5400000000e+02 8.5459997559e+02 8.5520001221e+02 8.5590002441e+02 8.5650000000e+02 8.5720001221e+02 8.5800000000e+02 8.5859997559e+02 8.5920001221e+02 8.5970001221e+02 8.6029998779e+02 8.6090002441e+02 8.6140002441e+02 8.6190002441e+02 8.6250000000e+02 8.6300000000e+02 8.6309997559e+02 8.6329998779e+02 8.6350000000e+02 8.6370001221e+02 8.6379998779e+02 8.6400000000e+02 8.6429998779e+02 8.6459997559e+02 8.6500000000e+02 8.6520001221e+02 8.6540002441e+02 8.6550000000e+02 8.6570001221e+02 8.6570001221e+02 8.6570001221e+02 8.6579998779e+02 8.6590002441e+02 8.6620001221e+02 8.6640002441e+02 8.6650000000e+02 8.6670001221e+02 8.6700000000e+02 8.6720001221e+02 8.6729998779e+02 8.6740002441e+02 8.6740002441e+02 8.6740002441e+02 8.6740002441e+02 8.6750000000e+02 8.6779998779e+02
8.5420001221e+02 8.5479998779e+02 8.5550000000e+02 8.5600000000e+02 8.5670001221e+02 8.5740002441e+02 8.5809997559e+02 8.5890002441e+02 8.5959997559e+02 8.6020001221e+02 8.6090002441e+02 8.6170001221e+02 8.6240002441e+02 8.6300000000e+02 8.6350000000e+02 8.6370001221e+02 8.6379998779e+02 8.6390002441e+02 8.6409997559e+02 8.6420001221e+02 8.6429998779e+02 8.6450000000e+02 8.6470001221e+02 8.6500000000e+02 8.6529998779e+02 8.6559997559e+02 8.6579998779e+02 8.6590002441e+02 8.6600000000e+02 8.6620001221e+02 8.6620001221e+02 8.6629998779e+02 8.6650000000e+02 8.6670001221e+02 8.6700000000e+02 8.6709997559e+02 8.6729998779e+02 8.6750000000e+02 8.6779998779e+02 8.6790002441e+02 8.6800000000e+02 8.6800000000e+02 8.6790002441e+02 8.6790002441e+02 8.6809997559e+02 8.6840002441e+02
8.5450000000e+02 8.5509997559e+02 8.5570001221e+02 8.5620001221e+02 8.5690002441e+02 8.5759997559e+02 8.5829998779e+02 8.5900000000e+02 8.5979998779e+02 8.6070001221e+02 8.6170001221e+02 8.6270001221e+02 8.6340002441e+02 8.6390002441e+02 8.6420001221e+02 8.6429998779e+02 8.6440002441e+02 8.6450000000e+02 8.6459997559e+02 8.6470001221e+02 8.6479998779e+02 8.6490002441e+02 8.6520001221e+02 8.6550000000e+02 8.6579998779e+02 8.6600000000e+02 8.6620001221e+02 8.6629998779e+02 8.6650000000e+02 8.6659997559e+02 8.6679998779e+02 8.6690002441e+02 8.6709997559e+02 8.6729998779e+02 8.6750000000e+02 8.6759997559e+02 8.6779998779e+02 8.6800000000e+02 8.6820001221e+02 8.6840002441e+02 8.6840002441e+02 8.6840002441e+02 8.6840002441e+02 8.6850000000e+02 8.6870001221e+02 8.6900000000e+02
8.5479998779e+02 8.5529998779e+02 8.5579998779e+02 8.5640002441e+02 8.5720001221e+02 8.5790002441e+02 8.5840002441e+02 8.5920001221e+02 8.6009997559e+02 8.6129998779e+02 8.6250000000e+02 8.6340002441e+02 8.6400000000e+02 8.6440002441e+02 8.6459997559e+02 8.6470001221e+02 8.6479998779e+02 8.6490002441e+02 8.6500000000e+02 8.6509997559e+02 8.6520001221e+02 8.6550000000e+02 8.6579998779e+02 8.6609997559e+02 8.6629998779e+02 8.6650000000e+02 8.6659997559e+02 8.6679998779e+02 8.6700000000e+02 8.6720001221e+02 8.6729998779e+02 8.6759997559e+02 8.6779998779e+02 8.6790002441e+02 8.6800000000e+02 8.6820001221e+02 8.6829998779e+02 8.6850000000e+02 8.6859997559e+02 8.6870001221e+02 8.6879998779e+02 8.6890002441e+02 8.6890002441e+02 8.6909997559e+02 8.6940002441e+02 8.6959997559e+02
8.5509997559e+02 8.5559997559e+02 8.5609997559e+02 8.5670001221e+02 8.5750000000e+02 8.5809997559e+02 8.5870001221e+02 8.5940002441e+02 8.6040002441e+02 8.6170001221e+02 8.6300000000e+02 8.6390002441e+02 8.6440002441e+02 8.6459997559e+02 8.6479998779e+02 8.6490002441e+02 8.6509997559e+02 8.6520001221e+02 8.6540002441e+02 8.6550000000e+02 8.6579998779e+02 8.6609997559e+02 8.6629998779e+02 8.6659997559e+02 8.6679998779e+02 8.6690002441e+02 8.6700000000e+02 8.6720001221e+02 8.6750000000e+02 8.6770001221e+02 8.6790002441e+02 8.6809997559e+02 8.6820001221e+02 8.6840002441e+02 8.6859997559e+02 8.6870001221e+02 8.6879998779e+02 8.6890002441e+02 8.6909997559e+02 8.6920001221e+02 8.6929998779e+02 8.6940002441e+02 8.6959997559e+02 8.6970001221e+02 8.6990002441e+02 8.7020001221e+02
8.5550000000e+02 8.5590002441e+02 8.5640002441e+02 8.5709997559e+02 8.5770001221e+02 8.5840002441e+02 8.5900000000e+02 8.5970001221e+02 8.6070001221e+02 8.6200000000e+02 8.6320001221e+02 8.6400000000e+02 8.6440002441e+02 8.6470001221e+02 8.6479998779e+02 8.6500000000e+02 8.6529998779e+02 8.6550000000e+02 8.6570001221e+02 8.6600000000e+02 8.6629998779e+02 8.6659997559e+02 8.6690002441e+02 8.6709997559e+02 8.6729998779e+02 8.6740002441e+02 8.6750000000e+02 8.6770001221e+02 8.6790002441e+02 8.6809997559e+02 8.6840002441e+02 8.6850000000e+02 8.6870001221e+02 8.6890002441e+02 8.6909997559e+02 8.6920001221e+02 8.6929998779e+02 8.6950000000e+02 8.6959997559e+02 8.6970001221e+02 8.6979998779e+02 8.7000000000e+02 8.7020001221e+02 8.7029998779e+02 8.7040002441e+02 8.7059997559e+02
8.5579998779e+02 8.5629998779e+02 8.5679998779e+02 8.5740002441e+02 8.5800000000e+02 8.5859997559e+02 8.5920001221e+02 8.5990002441e+02 8.6090002441e+02 8.6209997559e+02 8.6309997559e+02 8.6379998779e+02 8.6420001221e+02 8.6450000000e+02 8.6479998779e+02 8.6509997559e+02 8.6540002441e+02 8.6570001221e+02 8.6609997559e+02 8.6650000000e+02 8.6679998779e+02 8.6709997559e+02 8.6729998779e+02 8.6759997559e+02 8.6770001221e+02 8.6770001221e+02 8.6790002441e+02 8.6809997559e+02 8.6840002441e+02 8.6859997559e+02 8.6890002441e+02 8.6909997559e+02 8.6929998779e+02 8.6950000000e+02 8.6970001221e+02 8.6979998779e+02 8.6990002441e+02 8.7000000000e+02 8.7009997559e+02 8.7020001221e+02 8.7029998779e+02 8.7040002441e+02 8.7059997559e+02 8.7079998779e+02 8.7090002441e+02 8.7109997559e+02
8.5590002441e+02 8.5640002441e+02 8.5700000000e+02 8.5759997559e+02 8.5820001221e+02 8.5879998779e+02 8.5929998779e+02 8.6000000000e+02 8.6100000000e+02 8.6200000000e+02 8.6290002441e+02 8.6359997559e+02 8.6400000000e+02 8.6440002441e+02 8.6470001221e+02 8.6520001221e+02 8.6559997559e+02 8.6600000000e+02 8.6650000000e+02 8.6690002441e+02 8.6740002441e+02 8.6770001221e+02 8.6779998779e+02 8.6800000000e+02 8.6809997559e+02 8.6820001221e+02 8.6840002441e+02 8.6859997559e+02 8.6879998779e+02 8.6909997559e+02 8.6929998779e+02 8.6959997559e+02 8.6990002441e+02 8.7009997559e+02 8.7020001221e+02 8.7029998779e+02 8.7040002441e+02 8.7059997559e+02 8.7070001221e+02 8.7079998779e+02 8.7090002441e+02 8.7100000000e+02 8.7109997559e+02 8.7120001221e+02 8.7129998779e+02 8.7150000000e+02
8.5600000000e+02 8.5650000000e+02 8.5709997559e+02 8.5770001221e+02 8.5840002441e+02 8.5900000000e+02 8.5950000000e+02 8.6020001221e+02 8.6100000000e+02 8.6190002441e+02 8.6279998779e+02 8.6340002441e+02 8.6390002441e+02 8.6440002441e+02 8.6479998779e+02 8.6529998779e+02 8.6570001221e+02 8.6620001221e+02 8.6679998779e+02 8.6740002441e+02 8.6790002441e+02 8.6820001221e+02 8.6829998779e+02 8.6840002441e+02 8.6850000000e+02 8.6870001221e+02 8.6890002441e+02 8.6909997559e+02 8.6940002441e+02 8.6959997559e+02 8.6990002441e+02 8.7009997559e+02 8.7040002441e+02 8.7059997559e+02 8.7070001221e+02 8.7079998779e+02 8.7100000000e+02 8.7109997559e+02 8.7120001221e+02 8.7129998779e+02 8.7140002441e+02 8.7150000000e+02 8.7170001221e+02 8.7170001221e+02 8.7190002441e+02 8.7200000000e+02
8.5600000000e+02 8.5659997559e+02 8.5720001221e+02 8.5779998779e+02 8.5850000000e+02 8.5909997559e+02 8.5970001221e+02 8.6040002441e+02 8.6120001221e+02 8.6190002441e+02 8.6270001221e+02 8.6340002441e+02 8.6400000000e+02 8.6459997559e+02 8.6500000000e+02 8.6550000000e+02 8.6600000000e+02 8.6659997559e+02 8.6720001221e+02 8.6790002441e+02 8.6840002441e+02 8.6870001221e+02 8.6879998779e+02 8.6890002441e+02 8.6909997559e+02 8.6929998779e+02 8.6950000000e+02 8.6970001221e+02 8.6990002441e+02 8.7020001221e+02 8.7050000000e+02 8.7070001221e+02 8.7090002441e+02 8.7100000000e+02 8.7120001221e+02 8.7129998779e+02 8.7150000000e+02 8.7170001221e+02 8.7170001221e+02 8.7179998779e+02 8.7179998779e+02 8.7200000000e+02 8.7220001221e+02 8.7229998779e+02 8.7240002441e+02 8.7250000000e+02
8.5600000000e+02 8.5670001221e+02 8.5720001221e+02 8.5790002441e+02 8.5859997559e+02 8.5920001221e+02 8.6009997559e+02 8.6090002441e+02 8.6170001221e+02 8.6229998779e+02 8.6290002441e+02 8.6359997559e+02 8.6420001221e+02 8.6479998779e+02 8.6529998779e+02 8.6570001221e+02 8.6629998779e+02 8.6690002441e+02 8.6750000000e+02 8.6809997559e+02 8.6870001221e+02 8.6900000000e+02 8.6920001221e+02 8.6940002441e+02 8.6970001221e+02 8.6990002441e+02 8.7009997559e+02 8.7029998779e+02 8.7059997559e+02 8.7079998779e+02 8.7100000000e+02 8.7120001221e+02 8.7129998779e+02 8.7150000000e+02 8.7170001221e+02 8.7190002441e+02 8.7209997559e+02 8.7220001221e+02 8.7220001221e+02 8.7229998779e+02 8.7229998779e+02 8.7250000000e+02 8.7259997559e+02 8.7270001221e+02 8.7290002441e+02 8.7300000000e+02
