DGM_1M_UPPER_AUSTRIA/6/15.asc
NCOLS 100
NROWS 100
XLLCORNER 6.0750500000e+04
YLLCORNER 2.9378850000e+05
CELLSIZE 1.0000000000e+00
NODATA_VALUE -9.9990000000e+03
[rows 0 to 19 of 100, columns 0 to 45 of 100]
8.1540002441e+02 8.1559997559e+02 8.1570001221e+02 8.1570001221e+02 8.1579998779e+02 8.1600000000e+02 8.1620001221e+02 8.1650000000e+02 8.1690002441e+02 8.1729998779e+02 8.1779998779e+02 8.1829998779e+02 8.1859997559e+02 8.1890002441e+02 8.1929998779e+02 8.1970001221e+02 8.2009997559e+02 8.2040002441e+02 8.2070001221e+02 8.2109997559e+02 8.2159997559e+02 8.2209997559e+02 8.2259997559e+02 8.2309997559e+02 8.2340002441e+02 8.2359997559e+02 8.2379998779e+02 8.2409997559e+02 8.2450000000e+02 8.2479998779e+02 8.2520001221e+02 8.2559997559e+02 8.2600000000e+02 8.2629998779e+02 8.2659997559e+02 8.2700000000e+02 8.2740002441e+02 8.2779998779e+02 8.2820001221e+02 8.2850000000e+02 8.2900000000e+02 8.2950000000e+02 8.2990002441e+02 8.3029998779e+02 8.3070001221e+02 8.3109997559e+02
8.1609997559e+02 8.1629998779e+02 8.1640002441e+02 8.1640002441e+02 8.1650000000e+02 8.1670001221e+02 8.1679998779e+02 8.1690002441e+02 8.1709997559e+02 8.1729998779e+02 8.1759997559e+02 8.1800000000e+02 8.1829998779e+02 8.1859997559e+02 8.1900000000e+02 8.1940002441e+02 8.1979998779e+02 8.2009997559e+02 8.2050000000e+02 8.2090002441e+02 8.2140002441e+02 8.2190002441e+02 8.2240002441e+02 8.2290002441e+02 8.2320001221e+02 8.2340002441e+02 8.2370001221e+02 8.2400000000e+02 8.2429998779e+02 8.2459997559e+02 8.2490002441e+02 8.2529998779e+02 8.2570001221e+02 8.2600000000e+02 8.2629998779e+02 8.2670001221e+02 8.2709997559e+02 8.2750000000e+02 8.2779998779e+02 8.2820001221e+02 8.2859997559e+02 8.2909997559e+02 8.2959997559e+02 8.3000000000e+02 8.3040002441e+02 8.3090002441e+02
8.1659997559e+02 8.1690002441e+02 8.1700000000e+02 8.1709997559e+02 8.1720001221e+02 8.1740002441e+02 8.1759997559e+02 8.1770001221e+02 8.1770001221e+02 8.1779998779e+02 8.1790002441e+02 8.1809997559e+02 8.1829998779e+02 8.1850000000e+02 8.1879998779e+02 8.1909997559e+02 8.1940002441e+02 8.1979998779e+02 8.2020001221e+02 8.2070001221e+02 8.2120001221e+02 8.2170001221e+02 8.2209997559e+02 8.2250000000e+02 8.2290002441e+02 8.2320001221e+02 8.2350000000e+02 8.2379998779e+02 8.2420001221e+02 8.2440002441e+02 8.2470001221e+02 8.2520001221e+02 8.2559997559e+02 8.2579998779e+02 8.2600000000e+02 8.2640002441e+02 8.2679998779e+02 8.2720001221e+02 8.2759997559e+02 8.2790002441e+02 8.2840002441e+02 8.2890002441e+02 8.2929998779e+02 8.2979998779e+02 8.3020001221e+02 8.3070001221e+02
8.1700000000e+02 8.1740002441e+02 8.1759997559e+02 8.1770001221e+02 8.1790002441e+02 8.1820001221e+02 8.1840002441e+02 8.1850000000e+02 8.1850000000e+02 8.1850000000e+02 8.1859997559e+02 8.1859997559e+02 8.1870001221e+02 8.1879998779e+02 8.1900000000e+02 8.1920001221e+02 8.1950000000e+02 8.1979998779e+02 8.2009997559e+02 8.2050000000e+02 8.2109997559e+02 8.2150000000e+02 8.2179998779e+02 8.2220001221e+02 8.2259997559e+02 8.2300000000e+02 8.2329998779e+02 8.2359997559e+02 8.2390002441e+02 8.2429998779e+02 8.2470001221e+02 8.2509997559e+02 8.2550000000e+02 8.2570001221e+02 8.2579998779e+02 8.2609997559e+02 8.2650000000e+02 8.2690002441e+02 8.2729998779e+02 8.2770001221e+02 8.2809997559e+02 8.2859997559e+02 8.2909997559e+02 8.2959997559e+02 8.3000000000e+02 8.3040002441e+02
8.1750000000e+02 8.1779998779e+02 8.1809997559e+02 8.1840002441e+02 8.1870001221e+02 8.1890002441e+02 8.1900000000e+02 8.1909997559e+02 8.1920001221e+02 8.1920001221e+02 8.1929998779e+02 8.1940002441e+02 8.1940002441e+02 8.1950000000e+02 8.1959997559e+02 8.1979998779e+02 8.2000000000e+02 8.2009997559e+02 8.2029998779e+02 8.2059997559e+02 8.2100000000e+02 8.2140002441e+02 8.2179998779e+02 8.2209997559e+02 8.2240002441e+02 8.2270001221e+02 8.2309997559e+02 8.2350000000e+02 8.2379998779e+02 8.2409997559e+02 8.2450000000e+02 8.2490002441e+02 8.2540002441e+02 8.2570001221e+02 8.2579998779e+02 8.2609997559e+02 8.2650000000e+02 8.2679998779e+02 8.2720001221e+02 8.2750000000e+02 8.2790002441e+02 8.2840002441e+02 8.2890002441e+02 8.2929998779e+02 8.2979998779e+02 8.3020001221e+02
8.1790002441e+02 8.1829998779e+02 8.1859997559e+02 8.1890002441e+02 8.1920001221e+02 8.1940002441e+02 8.1950000000e+02 8.1970001221e+02 8.1970001221e+02 8.1979998779e+02 8.1990002441e+02 8.2000000000e+02 8.2009997559e+02 8.2020001221e+02 8.2029998779e+02 8.2040002441e+02 8.2059997559e+02 8.2070001221e+02 8.2090002441e+02 8.2109997559e+02 8.2129998779e+02 8.2170001221e+02 8.2200000000e+02 8.2220001221e+02 8.2240002441e+02 8.2259997559e+02 8.2300000000e+02 8.2340002441e+02 8.2370001221e+02 8.2409997559e+02 8.2450000000e+02 8.2479998779e+02 8.2520001221e+02 8.2550000000e+02 8.2579998779e+02 8.2600000000e+02 8.2640002441e+02 8.2670001221e+02 8.2709997559e+02 8.2740002441e+02 8.2770001221e+02 8.2800000000e+02 8.2850000000e+02 8.2909997559e+02 8.2959997559e+02 8.3000000000e+02
8.1820001221e+02 8.1870001221e+02 8.1900000000e+02 8.1929998779e+02 8.1959997559e+02 8.1990002441e+02 8.2000000000e+02 8.2009997559e+02 8.2009997559e+02 8.2020001221e+02 8.2029998779e+02 8.2040002441e+02 8.2050000000e+02 8.2070001221e+02 8.2079998779e+02 8.2100000000e+02 8.2109997559e+02 8.2120001221e+02 8.2140002441e+02 8.2170001221e+02 8.2190002441e+02 8.2200000000e+02 8.2220001221e+02 8.2240002441e+02 8.2270001221e+02 8.2290002441e+02 8.2320001221e+02 8.2350000000e+02 8.2379998779e+02 8.2409997559e+02 8.2450000000e+02 8.2479998779e+02 8.2509997559e+02 8.2540002441e+02 8.2570001221e+02 8.2600000000e+02 8.2629998779e+02 8.2670001221e+02 8.2700000000e+02 8.2729998779e+02 8.2759997559e+02 8.2779998779e+02 8.2829998779e+02 8.2879998779e+02 8.2929998779e+02 8.2970001221e+02
8.1859997559e+02 8.1890002441e+02 8.1920001221e+02 8.1959997559e+02 8.2000000000e+02 8.2029998779e+02 8.2040002441e+02 8.2040002441e+02 8.2050000000e+02 8.2059997559e+02 8.2079998779e+02 8.2090002441e+02 8.2100000000e+02 8.2120001221e+02 8.2129998779e+02 8.2140002441e+02 8.2150000000e+02 8.2170001221e+02 8.2190002441e+02 8.2209997559e+02 8.2229998779e+02 8.2240002441e+02 8.2259997559e+02 8.2279998779e+02 8.2309997559e+02 8.2329998779e+02 8.2350000000e+02 8.2370001221e+02 8.2400000000e+02 8.2429998779e+02 8.2459997559e+02 8.2490002441e+02 8.2520001221e+02 8.2550000000e+02 8.2570001221e+02 8.2600000000e+02 8.2629998779e+02 8.2659997559e+02 8.2690002441e+02 8.2729998779e+02 8.2750000000e+02 8.2779998779e+02 8.2809997559e+02 8.2859997559e+02 8.2900000000e+02 8.2950000000e+02
8.1870001221e+02 8.1900000000e+02 8.1929998779e+02 8.1970001221e+02 8.2020001221e+02 8.2050000000e+02 8.2070001221e+02 8.2070001221e+02 8.2079998779e+02 8.2100000000e+02 8.2120001221e+02 8.2140002441e+02 8.2150000000e+02 8.2159997559e+02 8.2179998779e+02 8.2190002441e+02 8.2200000000e+02 8.2209997559e+02 8.2229998779e+02 8.2250000000e+02 8.2270001221e+02 8.2279998779e+02 8.2300000000e+02 8.2320001221e+02 8.2340002441e+02 8.2359997559e+02 8.2370001221e+02 8.2390002441e+02 8.2420001221e+02 8.2450000000e+02 8.2479998779e+02 8.2500000000e+02 8.2529998779e+02 8.2559997559e+02 8.2590002441e+02 8.2620001221e+02 8.2640002441e+02 8.2670001221e+02 8.2690002441e+02 8.2729998779e+02 8.2750000000e+02 8.2779998779e+02 8.2800000000e+02 8.2840002441e+02 8.2879998779e+02 8.2920001221e+02
8.1870001221e+02 8.1909997559e+02 8.1940002441e+02 8.1979998779e+02 8.2029998779e+02 8.2070001221e+02 8.2100000000e+02 8.2120001221e+02 8.2140002441e+02 8.2159997559e+02 8.2179998779e+02 8.2200000000e+02 8.2209997559e+02 8.2220001221e+02 8.2220001221e+02 8.2229998779e+02 8.2240002441e+02 8.2250000000e+02 8.2270001221e+02 8.2290002441e+02 8.2300000000e+02 8.2320001221e+02 8.2340002441e+02 8.2359997559e+02 8.2379998779e+02 8.2400000000e+02 8.2409997559e+02 8.2420001221e+02 8.2450000000e+02 8.2479998779e+02 8.2509997559e+02 8.2529998779e+02 8.2550000000e+02 8.2579998779e+02 8.2609997559e+02 8.2640002441e+02 8.2659997559e+02 8.2679998779e+02 8.2709997559e+02 8.2740002441e+02 8.2770001221e+02 8.2779998779e+02 8.2800000000e+02 8.2829998779e+02 8.2859997559e+02 8.2900000000e+02
8.1870001221e+02 8.1920001221e+02 8.1959997559e+02 8.2000000000e+02 8.2040002441e+02 8.2100000000e+02 8.2140002441e+02 8.2159997559e+02 8.2190002441e+02 8.2209997559e+02 8.2229998779e+02 8.2250000000e+02 8.2270001221e+02 8.2270001221e+02 8.2279998779e+02 8.2290002441e+02 8.2300000000e+02 8.2300000000e+02 8.2320001221e+02 8.2340002441e+02 8.2350000000e+02 8.2359997559e+02 8.2379998779e+02 8.2400000000e+02 8.2420001221e+02 8.2429998779e+02 8.2450000000e+02 8.2470001221e+02 8.2490002441e+02 8.2520001221e+02 8.2540002441e+02 8.2559997559e+02 8.2579998779e+02 8.2609997559e+02 8.2629998779e+02 8.2650000000e+02 8.2679998779e+02 8.2700000000e+02 8.2729998779e+02 8.2770001221e+02 8.2790002441e+02 8.2809997559e+02 8.2820001221e+02 8.2829998779e+02 8.2859997559e+02 8.2879998779e+02
8.1870001221e+02 8.1929998779e+02 8.1979998779e+02 8.2020001221e+02 8.2070001221e+02 8.2120001221e+02 8.2170001221e+02 8.2209997559e+02 8.2240002441e+02 8.2259997559e+02 8.2290002441e+02 8.2309997559e+02 8.2320001221e+02 8.2320001221e+02 8.2329998779e+02 8.2340002441e+02 8.2350000000e+02 8.2359997559e+02 8.2379998779e+02 8.2400000000e+02 8.2409997559e+02 8.2420001221e+02 8.2440002441e+02 8.2450000000e+02 8.2459997559e+02 8.2479998779e+02 8.2509997559e+02 8.2529998779e+02 8.2540002441e+02 8.2550000000e+02 8.2559997559e+02 8.2590002441e+02 8.2609997559e+02 8.2640002441e+02 8.2650000000e+02 8.2670001221e+02 8.2709997559e+02 8.2740002441e+02 8.2759997559e+02 8.2790002441e+02 8.2809997559e+02 8.2820001221e+02 8.2840002441e+02 8.2850000000e+02 8.2870001221e+02 8.2890002441e+02
8.1859997559e+02 8.1929998779e+02 8.1990002441e+02 8.2050000000e+02 8.2100000000e+02 8.2159997559e+02 8.2209997559e+02 8.2259997559e+02 8.2290002441e+02 8.2320001221e+02 8.2340002441e+02 8.2350000000e+02 8.2359997559e+02 8.2370001221e+02 8.2379998779e+02 8.2390002441e+02 8.2400000000e+02 8.2420001221e+02 8.2429998779e+02 8.2450000000e+02 8.2470001221e+02 8.2479998779e+02 8.2500000000e+02 8.2500000000e+02 8.2520001221e+02 8.2540002441e+02 8.2559997559e+02 8.2579998779e+02 8.2579998779e+02 8.2579998779e+02 8.2600000000e+02 8.2620001221e+02 8.2650000000e+02 8.2659997559e+02 8.2670001221e+02 8.2700000000e+02 8.2740002441e+02 8.2770001221e+02 8.2800000000e+02 8.2820001221e+02 8.2829998779e+02 8.2840002441e+02 8.2859997559e+02 8.2879998779e+02 8.2900000000e+02 8.2920001221e+02
8.1859997559e+02 8.1940002441e+02 8.2009997559e+02 8.2079998779e+02 8.2129998779e+02 8.2200000000e+02 8.2259997559e+02 8.2300000000e+02 8.2340002441e+02 8.2370001221e+02 8.2390002441e+02 8.2400000000e+02 8.2409997559e+02 8.2420001221e+02 8.2429998779e+02 8.2440002441e+02 8.2450000000e+02 8.2470001221e+02 8.2479998779e+02 8.2500000000e+02 8.2509997559e+02 8.2529998779e+02 8.2550000000e+02 8.2559997559e+02 8.2570001221e+02 8.2590002441e+02 8.2600000000e+02 8.2620001221e+02 8.2620001221e+02 8.2620001221e+02 8.2640002441e+02 8.2670001221e+02 8.2690002441e+02 8.2700000000e+02 8.2720001221e+02 8.2750000000e+02 8.2779998779e+02 8.2809997559e+02 8.2850000000e+02 8.2859997559e+02 8.2859997559e+02 8.2870001221e+02 8.2900000000e+02 8.2920001221e+02 8.2940002441e+02 8.2959997559e+02
8.1870001221e+02 8.1959997559e+02 8.2040002441e+02 8.2109997559e+02 8.2170001221e+02 8.2240002441e+02 8.2300000000e+02 8.2350000000e+02 8.2379998779e+02 8.2409997559e+02 8.2429998779e+02 8.2440002441e+02 8.2459997559e+02 8.2470001221e+02 8.2479998779e+02 8.2490002441e+02 8.2500000000e+02 8.2520001221e+02 8.2529998779e+02 8.2540002441e+02 8.2550000000e+02 8.2570001221e+02 8.2590002441e+02 8.2600000000e+02 8.2609997559e+02 8.2629998779e+02 8.2640002441e+02 8.2650000000e+02 8.2659997559e+02 8.2679998779e+02 8.2690002441e+02 8.2709997559e+02 8.2729998779e+02 8.2750000000e+02 8.2770001221e+02 8.2800000000e+02 8.2829998779e+02 8.2859997559e+02 8.2890002441e+02 8.2900000000e+02 8.2900000000e+02 8.2920001221e+02 8.2940002441e+02 8.2959997559e+02 8.2979998779e+02 8.3000000000e+02
8.1900000000e+02 8.1990002441e+02 8.2079998779e+02 8.2140002441e+02 8.2209997559e+02 8.2279998779e+02 8.2350000000e+02 8.2390002441e+02 8.2420001221e+02 8.2450000000e+02 8.2470001221e+02 8.2490002441e+02 8.2509997559e+02 8.2529998779e+02 8.2529998779e+02 8.2529998779e+02 8.2550000000e+02 8.2559997559e+02 8.2570001221e+02 8.2579998779e+02 8.2600000000e+02 8.2620001221e+02 8.2629998779e+02 8.2640002441e+02 8.2650000000e+02 8.2679998779e+02 8.2690002441e+02 8.2700000000e+02 8.2709997559e+02 8.2720001221e+02 8.2740002441e+02 8.2770001221e+02 8.2790002441e+02 8.2800000000e+02 8.2820001221e+02 8.2850000000e+02 8.2879998779e+02 8.2900000000e+02 8.2929998779e+02 8.2940002441e+02 8.2940002441e+02 8.2959997559e+02 8.2990002441e+02 8.3009997559e+02 8.3029998779e+02 8.3050000000e+02
8.1920001221e+02 8.2020001221e+02 8.2109997559e+02 8.2179998779e+02 8.2250000000e+02 8.2320001221e+02 8.2379998779e+02 8.2420001221e+02 8.2459997559e+02 8.2490002441e+02 8.2509997559e+02 8.2529998779e+02 8.2559997559e+02 8.2570001221e+02 8.2579998779e+02 8.2579998779e+02 8.2590002441e+02 8.2600000000e+02 8.2620001221e+02 8.2629998779e+02 8.2650000000e+02 8.2659997559e+02 8.2670001221e+02 8.2679998779e+02 8.2709997559e+02 8.2729998779e+02 8.2740002441e+02 8.2759997559e+02 8.2759997559e+02 8.2770001221e+02 8.2800000000e+02 8.2820001221e+02 8.2850000000e+02 8.2859997559e+02 8.2879998779e+02 8.2900000000e+02 8.2920001221e+02 8.2950000000e+02 8.2970001221e+02 8.2979998779e+02 8.2990002441e+02 8.3009997559e+02 8.3029998779e+02 8.3050000000e+02 8.3070001221e+02 8.3090002441e+02
8.1950000000e+02 8.2050000000e+02 8.2140002441e+02 8.2220001221e+02 8.2279998779e+02 8.2350000000e+02 8.2409997559e+02 8.2459997559e+02 8.2490002441e+02 8.2520001221e+02 8.2550000000e+02 8.2570001221e+02 8.2600000000e+02 8.2620001221e+02 8.2629998779e+02 8.2640002441e+02 8.2640002441e+02 8.2659997559e+02 8.2679998779e+02 8.2690002441e+02 8.2709997559e+02 8.2709997559e+02 8.2720001221e+02 8.2740002441e+02 8.2770001221e+02 8.2790002441e+02 8.2809997559e+02 8.2820001221e+02 8.2829998779e+02 8.2840002441e+02 8.2859997559e+02 8.2879998779e+02 8.2900000000e+02 8.2920001221e+02 8.2929998779e+02 8.2940002441e+02 8.2970001221e+02 8.2990002441e+02 8.3009997559e+02 8.3029998779e+02 8.3050000000e+02 8.3070001221e+02 8.3079998779e+02 8.3090002441e+02 8.3120001221e+02 8.3140002441e+02
8.1979998779e+02 8.2079998779e+02 8.2170001221e+02 8.2240002441e+02 8.2300000000e+02 8.2370001221e+02 8.2429998779e+02 8.2479998779e+02 8.2520001221e+02 8.2550000000e+02 8.2590002441e+02 8.2620001221e+02 8.2650000000e+02 8.2670001221e+02 8.2679998779e+02 8.2690002441e+02 8.2709997559e+02 8.2729998779e+02 8.2750000000e+02 8.2770001221e+02 8.2770001221e+02 8.2770001221e+02 8.2779998779e+02 8.2800000000e+02 8.2829998779e+02 8.2850000000e+02 8.2859997559e+02 8.2879998779e+02 8.2890002441e+02 8.2900000000e+02 8.2909997559e+02 8.2940002441e+02 8.2959997559e+02 8.2979998779e+02 8.2979998779e+02 8.2990002441e+02 8.3009997559e+02 8.3029998779e+02 8.3059997559e+02 8.3090002441e+02 8.3109997559e+02 8.3120001221e+02 8.3129998779e+02 8.3150000000e+02 8.3170001221e+02 8.3190002441e+02
8.2009997559e+02 8.2120001221e+02 8.2200000000e+02 8.2270001221e+02 8.2329998779e+02 8.2390002441e+02 8.2440002441e+02 8.2490002441e+02 8.2540002441e+02 8.2590002441e+02 8.2629998779e+02 8.2670001221e+02 8.2700000000e+02 8.2729998779e+02 8.2750000000e+02 8.2770001221e+02 8.2790002441e+02 8.2809997559e+02 8.2829998779e+02 8.2840002441e+02 8.2840002441e+02 8.2840002441e+02 8.2850000000e+02 8.2870001221e+02 8.2900000000e+02 8.2909997559e+02 8.2920001221e+02 8.2940002441e+02 8.2950000000e+02 8.2959997559e+02 8.2970001221e+02 8.3000000000e+02 8.3029998779e+02 8.3040002441e+02 8.3040002441e+02 8.3050000000e+02 8.3059997559e+02 8.3090002441e+02 8.3120001221e+02 8.3140002441e+02 8.3150000000e+02 8.3159997559e+02 8.3179998779e+02 8.3200000000e+02 8.3220001221e+02 8.3240002441e+02
