DGM_1M_UPPER_AUSTRIA/6/20.asc
NCOLS 100
NROWS 100
XLLCORNER 6.0750500000e+04
YLLCORNER 2.9328850000e+05
CELLSIZE 1.0000000000e+00
NODATA_VALUE -9.9990000000e+03
[rows 80 to 99 of 100, columns 46 to 91 of 100]
1.0584000244e+03 1.0585999756e+03 1.0589000244e+03 1.0591999512e+03 1.0594000244e+03 1.0596999512e+03 1.0600000000e+03 1.0603000488e+03 1.0605000000e+03 1.0608000488e+03 1.0610000000e+03 1.0611999512e+03 1.0615000000e+03 1.0618000488e+03 1.0620000000e+03 1.0620999756e+03 1.0621999512e+03 1.0624000244e+03 1.0625999756e+03 1.0629000244e+03 1.0633000488e+03 1.0635000000e+03 1.0638000488e+03 1.0640999756e+03 1.0643000488e+03 1.0645000000e+03 1.0645999756e+03 1.0646999512e+03 1.0649000244e+03 1.0651999512e+03 1.0655000000e+03 1.0658000488e+03 1.0660999756e+03 1.0664000244e+03 1.0668000488e+03 1.0670999756e+03 1.0674000244e+03 1.0678000488e+03 1.0681999512e+03 1.0685000000e+03 1.0688000488e+03 1.0690999756e+03 1.0694000244e+03 1.0696999512e+03 1.0699000244e+03 1.0701999512e+03
1.0578000488e+03 1.0580999756e+03 1.0584000244e+03 1.0586999512e+03 1.0589000244e+03 1.0590999756e+03 1.0594000244e+03 1.0596999512e+03 1.0600000000e+03 1.0601999512e+03 1.0605000000e+03 1.0606999512e+03 1.0610000000e+03 1.0613000488e+03 1.0615000000e+03 1.0616999512e+03 1.0618000488e+03 1.0620000000e+03 1.0621999512e+03 1.0625000000e+03 1.0628000488e+03 1.0630000000e+03 1.0633000488e+03 1.0635000000e+03 1.0636999512e+03 1.0639000244e+03 1.0640999756e+03 1.0643000488e+03 1.0645000000e+03 1.0648000488e+03 1.0650999756e+03 1.0653000488e+03 1.0655999756e+03 1.0659000244e+03 1.0663000488e+03 1.0665999756e+03 1.0670000000e+03 1.0674000244e+03 1.0676999512e+03 1.0680000000e+03 1.0683000488e+03 1.0685999756e+03 1.0690000000e+03 1.0693000488e+03 1.0695000000e+03 1.0698000488e+03
1.0574000244e+03 1.0575999756e+03 1.0579000244e+03 1.0581999512e+03 1.0584000244e+03 1.0585999756e+03 1.0589000244e+03 1.0591999512e+03 1.0595000000e+03 1.0598000488e+03 1.0600999756e+03 1.0603000488e+03 1.0605999756e+03 1.0608000488e+03 1.0610000000e+03 1.0611999512e+03 1.0614000244e+03 1.0615999756e+03 1.0619000244e+03 1.0621999512e+03 1.0624000244e+03 1.0625999756e+03 1.0628000488e+03 1.0630000000e+03 1.0631999512e+03 1.0634000244e+03 1.0635999756e+03 1.0638000488e+03 1.0640000000e+03 1.0643000488e+03 1.0645999756e+03 1.0648000488e+03 1.0651999512e+03 1.0655000000e+03 1.0658000488e+03 1.0661999512e+03 1.0665000000e+03 1.0669000244e+03 1.0673000488e+03 1.0675000000e+03 1.0678000488e+03 1.0680999756e+03 1.0685000000e+03 1.0688000488e+03 1.0690000000e+03 1.0693000488e+03
1.0569000244e+03 1.0570999756e+03 1.0574000244e+03 1.0576999512e+03 1.0580000000e+03 1.0580999756e+03 1.0584000244e+03 1.0586999512e+03 1.0590000000e+03 1.0593000488e+03 1.0596999512e+03 1.0599000244e+03 1.0600999756e+03 1.0604000244e+03 1.0605000000e+03 1.0606999512e+03 1.0610000000e+03 1.0613000488e+03 1.0615999756e+03 1.0619000244e+03 1.0619000244e+03 1.0620999756e+03 1.0623000488e+03 1.0625000000e+03 1.0626999512e+03 1.0629000244e+03 1.0630999756e+03 1.0634000244e+03 1.0635999756e+03 1.0638000488e+03 1.0640999756e+03 1.0644000244e+03 1.0646999512e+03 1.0650000000e+03 1.0654000244e+03 1.0656999512e+03 1.0660000000e+03 1.0664000244e+03 1.0668000488e+03 1.0670000000e+03 1.0673000488e+03 1.0675999756e+03 1.0679000244e+03 1.0681999512e+03 1.0685000000e+03 1.0688000488e+03
1.0564000244e+03 1.0566999512e+03 1.0569000244e+03 1.0571999512e+03 1.0574000244e+03 1.0576999512e+03 1.0580000000e+03 1.0584000244e+03 1.0585999756e+03 1.0588000488e+03 1.0590000000e+03 1.0593000488e+03 1.0596999512e+03 1.0600000000e+03 1.0600000000e+03 1.0601999512e+03 1.0605000000e+03 1.0606999512e+03 1.0610999756e+03 1.0614000244e+03 1.0615000000e+03 1.0615999756e+03 1.0618000488e+03 1.0619000244e+03 1.0620999756e+03 1.0624000244e+03 1.0625999756e+03 1.0629000244e+03 1.0630999756e+03 1.0634000244e+03 1.0636999512e+03 1.0640000000e+03 1.0643000488e+03 1.0645999756e+03 1.0649000244e+03 1.0651999512e+03 1.0655999756e+03 1.0660000000e+03 1.0663000488e+03 1.0665000000e+03 1.0669000244e+03 1.0670999756e+03 1.0674000244e+03 1.0676999512e+03 1.0680000000e+03 1.0683000488e+03
1.0560000000e+03 1.0561999512e+03 1.0564000244e+03 1.0566999512e+03 1.0570000000e+03 1.0571999512e+03 1.0575999756e+03 1.0580999756e+03 1.0581999512e+03 1.0583000488e+03 1.0584000244e+03 1.0588000488e+03 1.0591999512e+03 1.0595000000e+03 1.0595999756e+03 1.0596999512e+03 1.0599000244e+03 1.0601999512e+03 1.0604000244e+03 1.0606999512e+03 1.0609000244e+03 1.0610000000e+03 1.0611999512e+03 1.0614000244e+03 1.0615999756e+03 1.0619000244e+03 1.0621999512e+03 1.0625000000e+03 1.0628000488e+03 1.0630000000e+03 1.0633000488e+03 1.0635999756e+03 1.0639000244e+03 1.0641999512e+03 1.0645000000e+03 1.0648000488e+03 1.0651999512e+03 1.0655000000e+03 1.0658000488e+03 1.0660999756e+03 1.0664000244e+03 1.0666999512e+03 1.0670000000e+03 1.0671999512e+03 1.0675000000e+03 1.0678000488e+03
1.0555000000e+03 1.0558000488e+03 1.0560000000e+03 1.0561999512e+03 1.0565000000e+03 1.0568000488e+03 1.0570999756e+03 1.0575000000e+03 1.0576999512e+03 1.0578000488e+03 1.0580000000e+03 1.0583000488e+03 1.0585999756e+03 1.0590000000e+03 1.0590999756e+03 1.0591999512e+03 1.0594000244e+03 1.0595999756e+03 1.0598000488e+03 1.0600999756e+03 1.0603000488e+03 1.0605000000e+03 1.0606999512e+03 1.0610000000e+03 1.0611999512e+03 1.0615000000e+03 1.0618000488e+03 1.0620999756e+03 1.0624000244e+03 1.0625999756e+03 1.0628000488e+03 1.0630999756e+03 1.0634000244e+03 1.0636999512e+03 1.0640000000e+03 1.0644000244e+03 1.0646999512e+03 1.0650000000e+03 1.0653000488e+03 1.0656999512e+03 1.0660000000e+03 1.0663000488e+03 1.0665999756e+03 1.0668000488e+03 1.0670000000e+03 1.0673000488e+03
1.0550000000e+03 1.0553000488e+03 1.0555000000e+03 1.0558000488e+03 1.0560999756e+03 1.0563000488e+03 1.0565000000e+03 1.0568000488e+03 1.0570999756e+03 1.0573000488e+03 1.0575000000e+03 1.0576999512e+03 1.0580999756e+03 1.0584000244e+03 1.0585000000e+03 1.0585999756e+03 1.0586999512e+03 1.0590000000e+03 1.0591999512e+03 1.0595000000e+03 1.0598000488e+03 1.0600000000e+03 1.0601999512e+03 1.0605000000e+03 1.0608000488e+03 1.0610000000e+03 1.0614000244e+03 1.0616999512e+03 1.0619000244e+03 1.0620999756e+03 1.0623000488e+03 1.0625999756e+03 1.0629000244e+03 1.0633000488e+03 1.0635999756e+03 1.0639000244e+03 1.0643000488e+03 1.0645999756e+03 1.0649000244e+03 1.0651999512e+03 1.0655000000e+03 1.0658000488e+03 1.0660999756e+03 1.0664000244e+03 1.0665999756e+03 1.0669000244e+03
1.0544000244e+03 1.0546999512e+03 1.0550000000e+03 1.0553000488e+03 1.0555999756e+03 1.0559000244e+03 1.0560000000e+03 1.0561999512e+03 1.0565000000e+03 1.0568000488e+03 1.0570000000e+03 1.0571999512e+03 1.0575000000e+03 1.0576999512e+03 1.0579000244e+03 1.0580000000e+03 1.0581999512e+03 1.0585000000e+03 1.0588000488e+03 1.0590000000e+03 1.0593000488e+03 1.0595000000e+03 1.0598000488e+03 1.0600000000e+03 1.0603000488e+03 1.0605999756e+03 1.0609000244e+03 1.0611999512e+03 1.0614000244e+03 1.0615999756e+03 1.0618000488e+03 1.0620999756e+03 1.0624000244e+03 1.0628000488e+03 1.0631999512e+03 1.0635000000e+03 1.0639000244e+03 1.0641999512e+03 1.0645000000e+03 1.0646999512e+03 1.0650000000e+03 1.0653000488e+03 1.0655999756e+03 1.0659000244e+03 1.0660999756e+03 1.0664000244e+03
1.0538000488e+03 1.0541999512e+03 1.0544000244e+03 1.0546999512e+03 1.0550000000e+03 1.0553000488e+03 1.0555999756e+03 1.0556999512e+03 1.0559000244e+03 1.0561999512e+03 1.0565000000e+03 1.0568000488e+03 1.0569000244e+03 1.0570999756e+03 1.0573000488e+03 1.0575000000e+03 1.0576999512e+03 1.0580000000e+03 1.0583000488e+03 1.0585999756e+03 1.0589000244e+03 1.0591999512e+03 1.0594000244e+03 1.0595999756e+03 1.0599000244e+03 1.0601999512e+03 1.0605000000e+03 1.0606999512e+03 1.0609000244e+03 1.0610999756e+03 1.0614000244e+03 1.0616999512e+03 1.0620000000e+03 1.0624000244e+03 1.0628000488e+03 1.0630999756e+03 1.0635000000e+03 1.0638000488e+03 1.0640999756e+03 1.0643000488e+03 1.0645999756e+03 1.0649000244e+03 1.0651999512e+03 1.0655000000e+03 1.0656999512e+03 1.0659000244e+03
1.0533000488e+03 1.0535999756e+03 1.0538000488e+03 1.0540999756e+03 1.0545000000e+03 1.0548000488e+03 1.0550999756e+03 1.0551999512e+03 1.0554000244e+03 1.0556999512e+03 1.0560000000e+03 1.0563000488e+03 1.0564000244e+03 1.0565999756e+03 1.0566999512e+03 1.0570000000e+03 1.0571999512e+03 1.0575000000e+03 1.0579000244e+03 1.0581999512e+03 1.0585000000e+03 1.0588000488e+03 1.0590999756e+03 1.0593000488e+03 1.0595000000e+03 1.0598000488e+03 1.0600000000e+03 1.0603000488e+03 1.0605000000e+03 1.0608000488e+03 1.0610000000e+03 1.0613000488e+03 1.0616999512e+03 1.0620999756e+03 1.0624000244e+03 1.0626999512e+03 1.0630999756e+03 1.0635000000e+03 1.0636999512e+03 1.0639000244e+03 1.0641999512e+03 1.0645000000e+03 1.0648000488e+03 1.0650000000e+03 1.0651999512e+03 1.0655000000e+03
1.0528000488e+03 1.0530000000e+03 1.0533000488e+03 1.0535999756e+03 1.0540000000e+03 1.0543000488e+03 1.0545000000e+03 1.0546999512e+03 1.0549000244e+03 1.0551999512e+03 1.0555000000e+03 1.0556999512e+03 1.0559000244e+03 1.0560000000e+03 1.0563000488e+03 1.0565000000e+03 1.0568000488e+03 1.0570999756e+03 1.0574000244e+03 1.0576999512e+03 1.0580999756e+03 1.0585000000e+03 1.0586999512e+03 1.0589000244e+03 1.0590999756e+03 1.0593000488e+03 1.0595999756e+03 1.0599000244e+03 1.0601999512e+03 1.0605000000e+03 1.0606999512e+03 1.0610000000e+03 1.0614000244e+03 1.0616999512e+03 1.0620999756e+03 1.0624000244e+03 1.0628000488e+03 1.0630999756e+03 1.0633000488e+03 1.0635000000e+03 1.0638000488e+03 1.0640999756e+03 1.0644000244e+03 1.0645999756e+03 1.0648000488e+03 1.0650999756e+03
1.0523000488e+03 1.0525000000e+03 1.0526999512e+03 1.0530000000e+03 1.0535000000e+03 1.0538000488e+03 1.0540000000e+03 1.0540999756e+03 1.0543000488e+03 1.0545999756e+03 1.0550000000e+03 1.0551999512e+03 1.0554000244e+03 1.0555999756e+03 1.0559000244e+03 1.0560999756e+03 1.0564000244e+03 1.0565999756e+03 1.0569000244e+03 1.0573000488e+03 1.0576999512e+03 1.0580000000e+03 1.0583000488e+03 1.0585000000e+03 1.0586999512e+03 1.0590000000e+03 1.0591999512e+03 1.0595000000e+03 1.0598000488e+03 1.0600999756e+03 1.0604000244e+03 1.0606999512e+03 1.0610000000e+03 1.0614000244e+03 1.0616999512e+03 1.0620000000e+03 1.0624000244e+03 1.0626999512e+03 1.0630000000e+03 1.0630999756e+03 1.0634000244e+03 1.0636999512e+03 1.0640000000e+03 1.0641999512e+03 1.0644000244e+03 1.0645999756e+03
1.0518000488e+03 1.0520999756e+03 1.0523000488e+03 1.0525999756e+03 1.0529000244e+03 1.0533000488e+03 1.0535000000e+03 1.0536999512e+03 1.0538000488e+03 1.0541999512e+03 1.0545000000e+03 1.0548000488e+03 1.0550000000e+03 1.0551999512e+03 1.0555000000e+03 1.0556999512e+03 1.0560000000e+03 1.0561999512e+03 1.0565000000e+03 1.0568000488e+03 1.0571999512e+03 1.0575000000e+03 1.0576999512e+03 1.0579000244e+03 1.0581999512e+03 1.0585000000e+03 1.0589000244e+03 1.0591999512e+03 1.0595000000e+03 1.0596999512e+03 1.0600000000e+03 1.0603000488e+03 1.0605999756e+03 1.0610000000e+03 1.0613000488e+03 1.0615999756e+03 1.0619000244e+03 1.0623000488e+03 1.0625000000e+03 1.0626999512e+03 1.0629000244e+03 1.0631999512e+03 1.0635000000e+03 1.0636999512e+03 1.0640000000e+03 1.0641999512e+03
1.0515000000e+03 1.0516999512e+03 1.0520000000e+03 1.0521999512e+03 1.0524000244e+03 1.0528000488e+03 1.0530999756e+03 1.0533000488e+03 1.0535999756e+03 1.0539000244e+03 1.0541999512e+03 1.0544000244e+03 1.0545999756e+03 1.0548000488e+03 1.0550000000e+03 1.0553000488e+03 1.0555000000e+03 1.0558000488e+03 1.0560999756e+03 1.0564000244e+03 1.0566999512e+03 1.0569000244e+03 1.0571999512e+03 1.0574000244e+03 1.0576999512e+03 1.0580999756e+03 1.0584000244e+03 1.0586999512e+03 1.0590999756e+03 1.0594000244e+03 1.0595999756e+03 1.0599000244e+03 1.0601999512e+03 1.0605000000e+03 1.0609000244e+03 1.0611999512e+03 1.0615000000e+03 1.0618000488e+03 1.0620999756e+03 1.0623000488e+03 1.0625000000e+03 1.0628000488e+03 1.0630000000e+03 1.0631999512e+03 1.0635000000e+03 1.0638000488e+03
1.0510000000e+03 1.0513000488e+03 1.0515999756e+03 1.0518000488e+03 1.0520000000e+03 1.0523000488e+03 1.0526999512e+03 1.0530999756e+03 1.0533000488e+03 1.0535999756e+03 1.0538000488e+03 1.0540000000e+03 1.0541999512e+03 1.0544000244e+03 1.0545999756e+03 1.0549000244e+03 1.0551999512e+03 1.0555000000e+03 1.0556999512e+03 1.0559000244e+03 1.0560999756e+03 1.0564000244e+03 1.0566999512e+03 1.0570000000e+03 1.0573000488e+03 1.0575999756e+03 1.0579000244e+03 1.0581999512e+03 1.0585999756e+03 1.0589000244e+03 1.0591999512e+03 1.0594000244e+03 1.0596999512e+03 1.0600000000e+03 1.0604000244e+03 1.0608000488e+03 1.0610999756e+03 1.0614000244e+03 1.0615999756e+03 1.0619000244e+03 1.0620999756e+03 1.0623000488e+03 1.0625000000e+03 1.0628000488e+03 1.0630000000e+03 1.0634000244e+03
1.0505999756e+03 1.0508000488e+03 1.0510999756e+03 1.0513000488e+03 1.0515999756e+03 1.0519000244e+03 1.0523000488e+03 1.0526999512e+03 1.0529000244e+03 1.0531999512e+03 1.0534000244e+03 1.0535999756e+03 1.0536999512e+03 1.0539000244e+03 1.0540999756e+03 1.0544000244e+03 1.0548000488e+03 1.0550999756e+03 1.0554000244e+03 1.0555999756e+03 1.0558000488e+03 1.0560000000e+03 1.0561999512e+03 1.0565000000e+03 1.0568000488e+03 1.0570999756e+03 1.0574000244e+03 1.0576999512e+03 1.0580999756e+03 1.0584000244e+03 1.0586999512e+03 1.0590000000e+03 1.0593000488e+03 1.0595999756e+03 1.0600000000e+03 1.0604000244e+03 1.0606999512e+03 1.0609000244e+03 1.0611999512e+03 1.0614000244e+03 1.0615999756e+03 1.0619000244e+03 1.0620999756e+03 1.0623000488e+03 1.0625999756e+03 1.0629000244e+03
1.0500000000e+03 1.0503000488e+03 1.0505000000e+03 1.0510000000e+03 1.0514000244e+03 1.0515999756e+03 1.0518000488e+03 1.0520000000e+03 1.0524000244e+03 1.0528000488e+03 1.0530000000e+03 1.0530999756e+03 1.0533000488e+03 1.0534000244e+03 1.0536999512e+03 1.0540000000e+03 1.0543000488e+03 1.0546999512e+03 1.0549000244e+03 1.0551999512e+03 1.0554000244e+03 1.0555999756e+03 1.0559000244e+03 1.0560999756e+03 1.0564000244e+03 1.0566999512e+03 1.0569000244e+03 1.0571999512e+03 1.0575000000e+03 1.0580000000e+03 1.0583000488e+03 1.0585999756e+03 1.0588000488e+03 1.0590999756e+03 1.0595000000e+03 1.0599000244e+03 1.0601999512e+03 1.0605000000e+03 1.0606999512e+03 1.0610000000e+03 1.0611999512e+03 1.0614000244e+03 1.0615999756e+03 1.0619000244e+03 1.0621999512e+03 1.0625000000e+03
1.0495000000e+03 1.0498000488e+03 1.0500999756e+03 1.0505999756e+03 1.0509000244e+03 1.0511999512e+03 1.0513000488e+03 1.0515000000e+03 1.0519000244e+03 1.0523000488e+03 1.0524000244e+03 1.0525999756e+03 1.0526999512e+03 1.0530000000e+03 1.0531999512e+03 1.0535000000e+03 1.0539000244e+03 1.0541999512e+03 1.0545000000e+03 1.0546999512e+03 1.0550000000e+03 1.0551999512e+03 1.0555000000e+03 1.0556999512e+03 1.0560000000e+03 1.0563000488e+03 1.0565000000e+03 1.0566999512e+03 1.0570999756e+03 1.0574000244e+03 1.0578000488e+03 1.0580999756e+03 1.0584000244e+03 1.0586999512e+03 1.0590999756e+03 1.0594000244e+03 1.0596999512e+03 1.0600000000e+03 1.0603000488e+03 1.0605999756e+03 1.0608000488e+03 1.0610000000e+03 1.0611999512e+03 1.0614000244e+03 1.0616999512e+03 1.0620999756e+03
1.0490000000e+03 1.0494000244e+03 1.0498000488e+03 1.0500999756e+03 1.0504000244e+03 1.0506999512e+03 1.0508000488e+03 1.0510999756e+03 1.0514000244e+03 1.0516999512e+03 1.0519000244e+03 1.0520000000e+03 1.0523000488e+03 1.0525000000e+03 1.0528000488e+03 1.0530999756e+03 1.0534000244e+03 1.0538000488e+03 1.0540999756e+03 1.0543000488e+03 1.0545000000e+03 1.0548000488e+03 1.0550000000e+03 1.0553000488e+03 1.0555000000e+03 1.0558000488e+03 1.0560000000e+03 1.0564000244e+03 1.0566999512e+03 1.0570000000e+03 1.0573000488e+03 1.0576999512e+03 1.0579000244e+03 1.0583000488e+03 1.0585999756e+03 1.0589000244e+03 1.0593000488e+03 1.0595999756e+03 1.0599000244e+03 1.0600999756e+03 1.0604000244e+03 1.0605000000e+03 1.0606999512e+03 1.0610000000e+03 1.0613000488e+03 1.0615999756e+03
