DGM_1M_UPPER_AUSTRIA/6/20.asc
NCOLS 100
NROWS 100
XLLCORNER 6.0750500000e+04
YLLCORNER 2.9328850000e+05
CELLSIZE 1.0000000000e+00
NODATA_VALUE -9.9990000000e+03
[rows 20 to 39 of 100, columns 46 to 91 of 100]
1.0784000244e+03 1.0785000000e+03 1.0786999512e+03 1.0790000000e+03 1.0793000488e+03 1.0795000000e+03 1.0795999756e+03 1.0798000488e+03 1.0800000000e+03 1.0801999512e+03 1.0803000488e+03 1.0805000000e+03 1.0806999512e+03 1.0809000244e+03 1.0810000000e+03 1.0811999512e+03 1.0814000244e+03 1.0815999756e+03 1.0816999512e+03 1.0818000488e+03 1.0820000000e+03 1.0820999756e+03 1.0821999512e+03 1.0823000488e+03 1.0825999756e+03 1.0828000488e+03 1.0829000244e+03 1.0830999756e+03 1.0831999512e+03 1.0831999512e+03 1.0831999512e+03 1.0833000488e+03 1.0834000244e+03 1.0835999756e+03 1.0836999512e+03 1.0838000488e+03 1.0839000244e+03 1.0839000244e+03 1.0839000244e+03 1.0840000000e+03 1.0840999756e+03 1.0843000488e+03 1.0845000000e+03 1.0848000488e+03 1.0849000244e+03 1.0850000000e+03
1.0785000000e+03 1.0786999512e+03 1.0789000244e+03 1.0790999756e+03 1.0794000244e+03 1.0795999756e+03 1.0796999512e+03 1.0799000244e+03 1.0800999756e+03 1.0803000488e+03 1.0804000244e+03 1.0805999756e+03 1.0808000488e+03 1.0810000000e+03 1.0811999512e+03 1.0813000488e+03 1.0815000000e+03 1.0815999756e+03 1.0816999512e+03 1.0818000488e+03 1.0820000000e+03 1.0820999756e+03 1.0823000488e+03 1.0824000244e+03 1.0825999756e+03 1.0828000488e+03 1.0829000244e+03 1.0830000000e+03 1.0830999756e+03 1.0831999512e+03 1.0831999512e+03 1.0833000488e+03 1.0835000000e+03 1.0836999512e+03 1.0838000488e+03 1.0839000244e+03 1.0840000000e+03 1.0840000000e+03 1.0839000244e+03 1.0840000000e+03 1.0840999756e+03 1.0843000488e+03 1.0845999756e+03 1.0848000488e+03 1.0849000244e+03 1.0850999756e+03
1.0785999756e+03 1.0789000244e+03 1.0790999756e+03 1.0793000488e+03 1.0795000000e+03 1.0795999756e+03 1.0798000488e+03 1.0800000000e+03 1.0801999512e+03 1.0803000488e+03 1.0805000000e+03 1.0806999512e+03 1.0809000244e+03 1.0810000000e+03 1.0811999512e+03 1.0814000244e+03 1.0815999756e+03 1.0815999756e+03 1.0815999756e+03 1.0818000488e+03 1.0820000000e+03 1.0820999756e+03 1.0823000488e+03 1.0825000000e+03 1.0826999512e+03 1.0828000488e+03 1.0829000244e+03 1.0830000000e+03 1.0830999756e+03 1.0831999512e+03 1.0833000488e+03 1.0834000244e+03 1.0835000000e+03 1.0836999512e+03 1.0839000244e+03 1.0840000000e+03 1.0840999756e+03 1.0840999756e+03 1.0840000000e+03 1.0840000000e+03 1.0841999512e+03 1.0844000244e+03 1.0845999756e+03 1.0848000488e+03 1.0850000000e+03 1.0851999512e+03
1.0788000488e+03 1.0790000000e+03 1.0791999512e+03 1.0794000244e+03 1.0795999756e+03 1.0796999512e+03 1.0799000244e+03 1.0800999756e+03 1.0801999512e+03 1.0804000244e+03 1.0805000000e+03 1.0808000488e+03 1.0809000244e+03 1.0810999756e+03 1.0813000488e+03 1.0815000000e+03 1.0815999756e+03 1.0815999756e+03 1.0816999512e+03 1.0818000488e+03 1.0820000000e+03 1.0821999512e+03 1.0823000488e+03 1.0825000000e+03 1.0825999756e+03 1.0828000488e+03 1.0829000244e+03 1.0830999756e+03 1.0831999512e+03 1.0831999512e+03 1.0833000488e+03 1.0834000244e+03 1.0835999756e+03 1.0838000488e+03 1.0839000244e+03 1.0840000000e+03 1.0840999756e+03 1.0840999756e+03 1.0840999756e+03 1.0841999512e+03 1.0841999512e+03 1.0844000244e+03 1.0845999756e+03 1.0849000244e+03 1.0850999756e+03 1.0853000488e+03
1.0789000244e+03 1.0790999756e+03 1.0793000488e+03 1.0795000000e+03 1.0796999512e+03 1.0798000488e+03 1.0799000244e+03 1.0800999756e+03 1.0803000488e+03 1.0804000244e+03 1.0805999756e+03 1.0808000488e+03 1.0810000000e+03 1.0810999756e+03 1.0811999512e+03 1.0814000244e+03 1.0815000000e+03 1.0815999756e+03 1.0816999512e+03 1.0819000244e+03 1.0820000000e+03 1.0821999512e+03 1.0823000488e+03 1.0824000244e+03 1.0825999756e+03 1.0828000488e+03 1.0830000000e+03 1.0830999756e+03 1.0831999512e+03 1.0833000488e+03 1.0834000244e+03 1.0835000000e+03 1.0836999512e+03 1.0838000488e+03 1.0839000244e+03 1.0840000000e+03 1.0840999756e+03 1.0840999756e+03 1.0840999756e+03 1.0841999512e+03 1.0843000488e+03 1.0844000244e+03 1.0845999756e+03 1.0849000244e+03 1.0850999756e+03 1.0853000488e+03
1.0790000000e+03 1.0791999512e+03 1.0793000488e+03 1.0795000000e+03 1.0796999512e+03 1.0799000244e+03 1.0800000000e+03 1.0800999756e+03 1.0803000488e+03 1.0804000244e+03 1.0805999756e+03 1.0808000488e+03 1.0810000000e+03 1.0810999756e+03 1.0811999512e+03 1.0813000488e+03 1.0814000244e+03 1.0815999756e+03 1.0816999512e+03 1.0819000244e+03 1.0820000000e+03 1.0821999512e+03 1.0823000488e+03 1.0824000244e+03 1.0825999756e+03 1.0826999512e+03 1.0829000244e+03 1.0830999756e+03 1.0831999512e+03 1.0833000488e+03 1.0834000244e+03 1.0835999756e+03 1.0838000488e+03 1.0839000244e+03 1.0839000244e+03 1.0840000000e+03 1.0840000000e+03 1.0840000000e+03 1.0840999756e+03 1.0841999512e+03 1.0843000488e+03 1.0845000000e+03 1.0846999512e+03 1.0849000244e+03 1.0850999756e+03 1.0853000488e+03
1.0790999756e+03 1.0791999512e+03 1.0794000244e+03 1.0795000000e+03 1.0796999512e+03 1.0799000244e+03 1.0800000000e+03 1.0801999512e+03 1.0803000488e+03 1.0805000000e+03 1.0805999756e+03 1.0808000488e+03 1.0810000000e+03 1.0810999756e+03 1.0811999512e+03 1.0814000244e+03 1.0815000000e+03 1.0815999756e+03 1.0816999512e+03 1.0818000488e+03 1.0820000000e+03 1.0821999512e+03 1.0823000488e+03 1.0824000244e+03 1.0825999756e+03 1.0826999512e+03 1.0828000488e+03 1.0830000000e+03 1.0830999756e+03 1.0831999512e+03 1.0834000244e+03 1.0835999756e+03 1.0838000488e+03 1.0839000244e+03 1.0840000000e+03 1.0840999756e+03 1.0840999756e+03 1.0840999756e+03 1.0841999512e+03 1.0843000488e+03 1.0843000488e+03 1.0845000000e+03 1.0846999512e+03 1.0849000244e+03 1.0851999512e+03 1.0854000244e+03
1.0790999756e+03 1.0793000488e+03 1.0794000244e+03 1.0795000000e+03 1.0798000488e+03 1.0799000244e+03 1.0800999756e+03 1.0803000488e+03 1.0804000244e+03 1.0805000000e+03 1.0805999756e+03 1.0808000488e+03 1.0810000000e+03 1.0810999756e+03 1.0811999512e+03 1.0814000244e+03 1.0815999756e+03 1.0816999512e+03 1.0818000488e+03 1.0818000488e+03 1.0820000000e+03 1.0821999512e+03 1.0823000488e+03 1.0824000244e+03 1.0825999756e+03 1.0826999512e+03 1.0829000244e+03 1.0830000000e+03 1.0830999756e+03 1.0833000488e+03 1.0835000000e+03 1.0836999512e+03 1.0838000488e+03 1.0840000000e+03 1.0840999756e+03 1.0841999512e+03 1.0841999512e+03 1.0840999756e+03 1.0841999512e+03 1.0843000488e+03 1.0844000244e+03 1.0845000000e+03 1.0846999512e+03 1.0850000000e+03 1.0851999512e+03 1.0855000000e+03
1.0791999512e+03 1.0794000244e+03 1.0795999756e+03 1.0796999512e+03 1.0799000244e+03 1.0800999756e+03 1.0801999512e+03 1.0803000488e+03 1.0804000244e+03 1.0805000000e+03 1.0805999756e+03 1.0808000488e+03 1.0810000000e+03 1.0810999756e+03 1.0811999512e+03 1.0814000244e+03 1.0815999756e+03 1.0818000488e+03 1.0818000488e+03 1.0818000488e+03 1.0819000244e+03 1.0820999756e+03 1.0823000488e+03 1.0825000000e+03 1.0825999756e+03 1.0828000488e+03 1.0830000000e+03 1.0830999756e+03 1.0830999756e+03 1.0833000488e+03 1.0835999756e+03 1.0838000488e+03 1.0839000244e+03 1.0840000000e+03 1.0840999756e+03 1.0841999512e+03 1.0841999512e+03 1.0841999512e+03 1.0840999756e+03 1.0841999512e+03 1.0844000244e+03 1.0845000000e+03 1.0846999512e+03 1.0850000000e+03 1.0851999512e+03 1.0855000000e+03
1.0793000488e+03 1.0795999756e+03 1.0796999512e+03 1.0799000244e+03 1.0800999756e+03 1.0803000488e+03 1.0804000244e+03 1.0805000000e+03 1.0805000000e+03 1.0805999756e+03 1.0805999756e+03 1.0808000488e+03 1.0810000000e+03 1.0810999756e+03 1.0813000488e+03 1.0814000244e+03 1.0815999756e+03 1.0818000488e+03 1.0819000244e+03 1.0819000244e+03 1.0820000000e+03 1.0821999512e+03 1.0823000488e+03 1.0824000244e+03 1.0825999756e+03 1.0828000488e+03 1.0829000244e+03 1.0830000000e+03 1.0831999512e+03 1.0834000244e+03 1.0835999756e+03 1.0838000488e+03 1.0839000244e+03 1.0840000000e+03 1.0840000000e+03 1.0840999756e+03 1.0840999756e+03 1.0840999756e+03 1.0840999756e+03 1.0841999512e+03 1.0844000244e+03 1.0845000000e+03 1.0846999512e+03 1.0850000000e+03 1.0853000488e+03 1.0855000000e+03
1.0794000244e+03 1.0795999756e+03 1.0798000488e+03 1.0800000000e+03 1.0801999512e+03 1.0804000244e+03 1.0805000000e+03 1.0805999756e+03 1.0806999512e+03 1.0806999512e+03 1.0808000488e+03 1.0810000000e+03 1.0810999756e+03 1.0811999512e+03 1.0813000488e+03 1.0814000244e+03 1.0815999756e+03 1.0818000488e+03 1.0819000244e+03 1.0820000000e+03 1.0820999756e+03 1.0821999512e+03 1.0823000488e+03 1.0825000000e+03 1.0825999756e+03 1.0828000488e+03 1.0829000244e+03 1.0830000000e+03 1.0831999512e+03 1.0834000244e+03 1.0835999756e+03 1.0838000488e+03 1.0839000244e+03 1.0839000244e+03 1.0839000244e+03 1.0840000000e+03 1.0840000000e+03 1.0840000000e+03 1.0840999756e+03 1.0841999512e+03 1.0843000488e+03 1.0845000000e+03 1.0848000488e+03 1.0850000000e+03 1.0854000244e+03 1.0855999756e+03
1.0793000488e+03 1.0795999756e+03 1.0798000488e+03 1.0800000000e+03 1.0801999512e+03 1.0804000244e+03 1.0805000000e+03 1.0806999512e+03 1.0808000488e+03 1.0809000244e+03 1.0810000000e+03 1.0810999756e+03 1.0811999512e+03 1.0813000488e+03 1.0815000000e+03 1.0815000000e+03 1.0815999756e+03 1.0818000488e+03 1.0819000244e+03 1.0820000000e+03 1.0820999756e+03 1.0821999512e+03 1.0823000488e+03 1.0825000000e+03 1.0825999756e+03 1.0826999512e+03 1.0828000488e+03 1.0830000000e+03 1.0831999512e+03 1.0834000244e+03 1.0835000000e+03 1.0836999512e+03 1.0838000488e+03 1.0838000488e+03 1.0838000488e+03 1.0838000488e+03 1.0839000244e+03 1.0840000000e+03 1.0840999756e+03 1.0841999512e+03 1.0844000244e+03 1.0845999756e+03 1.0848000488e+03 1.0851999512e+03 1.0855000000e+03 1.0858000488e+03
1.0791999512e+03 1.0794000244e+03 1.0796999512e+03 1.0799000244e+03 1.0800999756e+03 1.0801999512e+03 1.0804000244e+03 1.0805999756e+03 1.0808000488e+03 1.0810000000e+03 1.0810999756e+03 1.0813000488e+03 1.0814000244e+03 1.0815000000e+03 1.0815999756e+03 1.0816999512e+03 1.0816999512e+03 1.0818000488e+03 1.0819000244e+03 1.0820000000e+03 1.0820999756e+03 1.0821999512e+03 1.0823000488e+03 1.0825000000e+03 1.0825999756e+03 1.0826999512e+03 1.0828000488e+03 1.0830000000e+03 1.0831999512e+03 1.0834000244e+03 1.0835000000e+03 1.0836999512e+03 1.0838000488e+03 1.0839000244e+03 1.0838000488e+03 1.0838000488e+03 1.0839000244e+03 1.0840999756e+03 1.0841999512e+03 1.0843000488e+03 1.0844000244e+03 1.0845999756e+03 1.0849000244e+03 1.0853000488e+03 1.0855999756e+03 1.0859000244e+03
1.0790999756e+03 1.0793000488e+03 1.0795000000e+03 1.0795999756e+03 1.0799000244e+03 1.0800000000e+03 1.0801999512e+03 1.0805000000e+03 1.0806999512e+03 1.0809000244e+03 1.0810999756e+03 1.0811999512e+03 1.0814000244e+03 1.0815000000e+03 1.0815999756e+03 1.0816999512e+03 1.0818000488e+03 1.0818000488e+03 1.0819000244e+03 1.0820999756e+03 1.0821999512e+03 1.0823000488e+03 1.0824000244e+03 1.0825999756e+03 1.0825999756e+03 1.0826999512e+03 1.0829000244e+03 1.0830000000e+03 1.0831999512e+03 1.0835000000e+03 1.0835999756e+03 1.0835999756e+03 1.0838000488e+03 1.0839000244e+03 1.0838000488e+03 1.0838000488e+03 1.0840000000e+03 1.0840999756e+03 1.0843000488e+03 1.0843000488e+03 1.0845000000e+03 1.0846999512e+03 1.0849000244e+03 1.0853000488e+03 1.0855000000e+03 1.0856999512e+03
1.0791999512e+03 1.0793000488e+03 1.0794000244e+03 1.0795999756e+03 1.0796999512e+03 1.0799000244e+03 1.0800000000e+03 1.0801999512e+03 1.0804000244e+03 1.0805999756e+03 1.0808000488e+03 1.0810000000e+03 1.0811999512e+03 1.0813000488e+03 1.0815000000e+03 1.0815999756e+03 1.0816999512e+03 1.0818000488e+03 1.0819000244e+03 1.0820999756e+03 1.0821999512e+03 1.0823000488e+03 1.0824000244e+03 1.0825000000e+03 1.0826999512e+03 1.0828000488e+03 1.0829000244e+03 1.0830000000e+03 1.0830999756e+03 1.0834000244e+03 1.0835000000e+03 1.0835999756e+03 1.0836999512e+03 1.0838000488e+03 1.0839000244e+03 1.0839000244e+03 1.0840000000e+03 1.0840999756e+03 1.0843000488e+03 1.0843000488e+03 1.0845000000e+03 1.0845999756e+03 1.0848000488e+03 1.0850999756e+03 1.0853000488e+03 1.0855000000e+03
1.0791999512e+03 1.0793000488e+03 1.0794000244e+03 1.0795999756e+03 1.0796999512e+03 1.0799000244e+03 1.0800000000e+03 1.0800999756e+03 1.0803000488e+03 1.0804000244e+03 1.0805000000e+03 1.0806999512e+03 1.0809000244e+03 1.0810000000e+03 1.0811999512e+03 1.0814000244e+03 1.0815000000e+03 1.0816999512e+03 1.0818000488e+03 1.0819000244e+03 1.0820999756e+03 1.0821999512e+03 1.0823000488e+03 1.0824000244e+03 1.0825000000e+03 1.0826999512e+03 1.0829000244e+03 1.0830000000e+03 1.0830000000e+03 1.0831999512e+03 1.0833000488e+03 1.0834000244e+03 1.0835000000e+03 1.0835999756e+03 1.0836999512e+03 1.0838000488e+03 1.0839000244e+03 1.0840999756e+03 1.0841999512e+03 1.0843000488e+03 1.0844000244e+03 1.0845000000e+03 1.0846999512e+03 1.0849000244e+03 1.0850000000e+03 1.0851999512e+03
1.0793000488e+03 1.0794000244e+03 1.0795000000e+03 1.0795999756e+03 1.0798000488e+03 1.0799000244e+03 1.0800000000e+03 1.0801999512e+03 1.0803000488e+03 1.0804000244e+03 1.0805000000e+03 1.0806999512e+03 1.0808000488e+03 1.0810000000e+03 1.0810999756e+03 1.0811999512e+03 1.0814000244e+03 1.0815000000e+03 1.0815999756e+03 1.0818000488e+03 1.0819000244e+03 1.0820000000e+03 1.0820999756e+03 1.0821999512e+03 1.0824000244e+03 1.0825999756e+03 1.0826999512e+03 1.0828000488e+03 1.0829000244e+03 1.0830000000e+03 1.0831999512e+03 1.0833000488e+03 1.0834000244e+03 1.0835000000e+03 1.0835999756e+03 1.0836999512e+03 1.0838000488e+03 1.0839000244e+03 1.0840999756e+03 1.0840999756e+03 1.0841999512e+03 1.0843000488e+03 1.0845000000e+03 1.0845999756e+03 1.0848000488e+03 1.0849000244e+03
1.0793000488e+03 1.0795000000e+03 1.0795999756e+03 1.0796999512e+03 1.0798000488e+03 1.0800000000e+03 1.0800999756e+03 1.0801999512e+03 1.0803000488e+03 1.0804000244e+03 1.0805999756e+03 1.0806999512e+03 1.0809000244e+03 1.0810000000e+03 1.0810999756e+03 1.0813000488e+03 1.0814000244e+03 1.0815000000e+03 1.0815999756e+03 1.0818000488e+03 1.0819000244e+03 1.0820000000e+03 1.0820999756e+03 1.0821999512e+03 1.0823000488e+03 1.0825000000e+03 1.0825999756e+03 1.0826999512e+03 1.0829000244e+03 1.0830000000e+03 1.0830999756e+03 1.0831999512e+03 1.0833000488e+03 1.0834000244e+03 1.0835999756e+03 1.0836999512e+03 1.0838000488e+03 1.0839000244e+03 1.0840000000e+03 1.0840999756e+03 1.0841999512e+03 1.0843000488e+03 1.0844000244e+03 1.0845000000e+03 1.0845999756e+03 1.0846999512e+03
1.0795000000e+03 1.0796999512e+03 1.0798000488e+03 1.0799000244e+03 1.0800000000e+03 1.0800999756e+03 1.0801999512e+03 1.0803000488e+03 1.0804000244e+03 1.0805999756e+03 1.0806999512e+03 1.0808000488e+03 1.0809000244e+03 1.0810999756e+03 1.0811999512e+03 1.0813000488e+03 1.0814000244e+03 1.0815999756e+03 1.0816999512e+03 1.0818000488e+03 1.0819000244e+03 1.0820999756e+03 1.0821999512e+03 1.0823000488e+03 1.0824000244e+03 1.0825000000e+03 1.0825999756e+03 1.0828000488e+03 1.0829000244e+03 1.0830000000e+03 1.0830999756e+03 1.0831999512e+03 1.0834000244e+03 1.0835000000e+03 1.0835999756e+03 1.0836999512e+03 1.0838000488e+03 1.0839000244e+03 1.0840000000e+03 1.0840999756e+03 1.0841999512e+03 1.0843000488e+03 1.0844000244e+03 1.0845000000e+03 1.0845000000e+03 1.0845999756e+03
1.0795999756e+03 1.0799000244e+03 1.0800999756e+03 1.0801999512e+03 1.0803000488e+03 1.0804000244e+03 1.0805000000e+03 1.0805999756e+03 1.0806999512e+03 1.0808000488e+03 1.0808000488e+03 1.0809000244e+03 1.0810000000e+03 1.0810999756e+03 1.0813000488e+03 1.0814000244e+03 1.0815000000e+03 1.0815999756e+03 1.0818000488e+03 1.0818000488e+03 1.0819000244e+03 1.0820999756e+03 1.0821999512e+03 1.0823000488e+03 1.0824000244e+03 1.0825999756e+03 1.0826999512e+03 1.0828000488e+03 1.0829000244e+03 1.0830999756e+03 1.0831999512e+03 1.0833000488e+03 1.0834000244e+03 1.0835000000e+03 1.0835999756e+03 1.0836999512e+03 1.0838000488e+03 1.0839000244e+03 1.0840999756e+03 1.0841999512e+03 1.0841999512e+03 1.0843000488e+03 1.0844000244e+03 1.0845000000e+03 1.0845000000e+03 1.0845999756e+03
