DGM_1M_UPPER_AUSTRIA/6/20.asc
NCOLS 100
NROWS 100
XLLCORNER 6.0750500000e+04
YLLCORNER 2.9328850000e+05
CELLSIZE 1.0000000000e+00
NODATA_VALUE -9.9990000000e+03
[rows 60 to 79 of 100, columns 46 to 91 of 100]
1.0689000244e+03 1.0691999512e+03 1.0695999756e+03 1.0699000244e+03 1.0700999756e+03 1.0703000488e+03 1.0705999756e+03 1.0708000488e+03 1.0711999512e+03 1.0714000244e+03 1.0715999756e+03 1.0718000488e+03 1.0719000244e+03 1.0720999756e+03 1.0724000244e+03 1.0725999756e+03 1.0728000488e+03 1.0729000244e+03 1.0729000244e+03 1.0731999512e+03 1.0734000244e+03 1.0735000000e+03 1.0735999756e+03 1.0736999512e+03 1.0739000244e+03 1.0740000000e+03 1.0741999512e+03 1.0745000000e+03 1.0748000488e+03 1.0750000000e+03 1.0751999512e+03 1.0755000000e+03 1.0758000488e+03 1.0760999756e+03 1.0764000244e+03 1.0766999512e+03 1.0769000244e+03 1.0771999512e+03 1.0775999756e+03 1.0780000000e+03 1.0785000000e+03 1.0790999756e+03 1.0798000488e+03 1.0803000488e+03 1.0806999512e+03 1.0813000488e+03
1.0685000000e+03 1.0688000488e+03 1.0691999512e+03 1.0695000000e+03 1.0695999756e+03 1.0698000488e+03 1.0700000000e+03 1.0703000488e+03 1.0705000000e+03 1.0706999512e+03 1.0710000000e+03 1.0711999512e+03 1.0714000244e+03 1.0715999756e+03 1.0719000244e+03 1.0720999756e+03 1.0723000488e+03 1.0723000488e+03 1.0724000244e+03 1.0726999512e+03 1.0729000244e+03 1.0730000000e+03 1.0731999512e+03 1.0733000488e+03 1.0734000244e+03 1.0735999756e+03 1.0738000488e+03 1.0740000000e+03 1.0743000488e+03 1.0745000000e+03 1.0748000488e+03 1.0750999756e+03 1.0754000244e+03 1.0755999756e+03 1.0759000244e+03 1.0760999756e+03 1.0764000244e+03 1.0768000488e+03 1.0771999512e+03 1.0776999512e+03 1.0780000000e+03 1.0785999756e+03 1.0794000244e+03 1.0798000488e+03 1.0801999512e+03 1.0808000488e+03
1.0680999756e+03 1.0684000244e+03 1.0686999512e+03 1.0689000244e+03 1.0690000000e+03 1.0691999512e+03 1.0695000000e+03 1.0696999512e+03 1.0700000000e+03 1.0701999512e+03 1.0704000244e+03 1.0706999512e+03 1.0709000244e+03 1.0711999512e+03 1.0713000488e+03 1.0715999756e+03 1.0716999512e+03 1.0718000488e+03 1.0719000244e+03 1.0721999512e+03 1.0723000488e+03 1.0724000244e+03 1.0725999756e+03 1.0728000488e+03 1.0729000244e+03 1.0730000000e+03 1.0731999512e+03 1.0735000000e+03 1.0738000488e+03 1.0740000000e+03 1.0743000488e+03 1.0745999756e+03 1.0748000488e+03 1.0750999756e+03 1.0754000244e+03 1.0755999756e+03 1.0759000244e+03 1.0763000488e+03 1.0768000488e+03 1.0771999512e+03 1.0775999756e+03 1.0780999756e+03 1.0788000488e+03 1.0794000244e+03 1.0796999512e+03 1.0801999512e+03
1.0675999756e+03 1.0679000244e+03 1.0680999756e+03 1.0683000488e+03 1.0685000000e+03 1.0686999512e+03 1.0689000244e+03 1.0691999512e+03 1.0694000244e+03 1.0696999512e+03 1.0700000000e+03 1.0701999512e+03 1.0704000244e+03 1.0705999756e+03 1.0708000488e+03 1.0710000000e+03 1.0711999512e+03 1.0713000488e+03 1.0714000244e+03 1.0716999512e+03 1.0718000488e+03 1.0719000244e+03 1.0720999756e+03 1.0721999512e+03 1.0724000244e+03 1.0725000000e+03 1.0726999512e+03 1.0730000000e+03 1.0731999512e+03 1.0735000000e+03 1.0738000488e+03 1.0740000000e+03 1.0743000488e+03 1.0745999756e+03 1.0749000244e+03 1.0750999756e+03 1.0754000244e+03 1.0758000488e+03 1.0763000488e+03 1.0766999512e+03 1.0770999756e+03 1.0775999756e+03 1.0781999512e+03 1.0788000488e+03 1.0791999512e+03 1.0795000000e+03
1.0670000000e+03 1.0673000488e+03 1.0675999756e+03 1.0678000488e+03 1.0680000000e+03 1.0681999512e+03 1.0684000244e+03 1.0685999756e+03 1.0689000244e+03 1.0691999512e+03 1.0695000000e+03 1.0696999512e+03 1.0699000244e+03 1.0700999756e+03 1.0703000488e+03 1.0705000000e+03 1.0706999512e+03 1.0709000244e+03 1.0710000000e+03 1.0711999512e+03 1.0713000488e+03 1.0714000244e+03 1.0715999756e+03 1.0718000488e+03 1.0719000244e+03 1.0720000000e+03 1.0721999512e+03 1.0724000244e+03 1.0726999512e+03 1.0730000000e+03 1.0733000488e+03 1.0735000000e+03 1.0738000488e+03 1.0740999756e+03 1.0743000488e+03 1.0745999756e+03 1.0749000244e+03 1.0754000244e+03 1.0758000488e+03 1.0761999512e+03 1.0766999512e+03 1.0770999756e+03 1.0775000000e+03 1.0780000000e+03 1.0785000000e+03 1.0789000244e+03
1.0665000000e+03 1.0666999512e+03 1.0669000244e+03 1.0671999512e+03 1.0675000000e+03 1.0676999512e+03 1.0679000244e+03 1.0681999512e+03 1.0685000000e+03 1.0686999512e+03 1.0690000000e+03 1.0691999512e+03 1.0694000244e+03 1.0695999756e+03 1.0698000488e+03 1.0700000000e+03 1.0701999512e+03 1.0704000244e+03 1.0705000000e+03 1.0705999756e+03 1.0708000488e+03 1.0710000000e+03 1.0710999756e+03 1.0711999512e+03 1.0714000244e+03 1.0715000000e+03 1.0716999512e+03 1.0719000244e+03 1.0721999512e+03 1.0724000244e+03 1.0725999756e+03 1.0730000000e+03 1.0731999512e+03 1.0735000000e+03 1.0738000488e+03 1.0740999756e+03 1.0745000000e+03 1.0749000244e+03 1.0753000488e+03 1.0756999512e+03 1.0761999512e+03 1.0765999756e+03 1.0769000244e+03 1.0774000244e+03 1.0778000488e+03 1.0781999512e+03
1.0658000488e+03 1.0660999756e+03 1.0663000488e+03 1.0665999756e+03 1.0669000244e+03 1.0671999512e+03 1.0675000000e+03 1.0676999512e+03 1.0680000000e+03 1.0683000488e+03 1.0685999756e+03 1.0688000488e+03 1.0690000000e+03 1.0691999512e+03 1.0694000244e+03 1.0695000000e+03 1.0696999512e+03 1.0699000244e+03 1.0700000000e+03 1.0700999756e+03 1.0703000488e+03 1.0705000000e+03 1.0705999756e+03 1.0708000488e+03 1.0709000244e+03 1.0711999512e+03 1.0713000488e+03 1.0715000000e+03 1.0716999512e+03 1.0719000244e+03 1.0720999756e+03 1.0724000244e+03 1.0726999512e+03 1.0730000000e+03 1.0733000488e+03 1.0735999756e+03 1.0740000000e+03 1.0744000244e+03 1.0746999512e+03 1.0750000000e+03 1.0755000000e+03 1.0760000000e+03 1.0763000488e+03 1.0766999512e+03 1.0771999512e+03 1.0775999756e+03
1.0651999512e+03 1.0655000000e+03 1.0656999512e+03 1.0660000000e+03 1.0664000244e+03 1.0666999512e+03 1.0670000000e+03 1.0673000488e+03 1.0675999756e+03 1.0679000244e+03 1.0680999756e+03 1.0684000244e+03 1.0685999756e+03 1.0688000488e+03 1.0689000244e+03 1.0690000000e+03 1.0690999756e+03 1.0693000488e+03 1.0694000244e+03 1.0695999756e+03 1.0698000488e+03 1.0700000000e+03 1.0700999756e+03 1.0703000488e+03 1.0705000000e+03 1.0706999512e+03 1.0709000244e+03 1.0710999756e+03 1.0713000488e+03 1.0715000000e+03 1.0716999512e+03 1.0720000000e+03 1.0723000488e+03 1.0725999756e+03 1.0728000488e+03 1.0730999756e+03 1.0735000000e+03 1.0739000244e+03 1.0741999512e+03 1.0745000000e+03 1.0749000244e+03 1.0753000488e+03 1.0756999512e+03 1.0761999512e+03 1.0766999512e+03 1.0770999756e+03
1.0646999512e+03 1.0649000244e+03 1.0653000488e+03 1.0655999756e+03 1.0659000244e+03 1.0660999756e+03 1.0664000244e+03 1.0668000488e+03 1.0671999512e+03 1.0674000244e+03 1.0675999756e+03 1.0678000488e+03 1.0680999756e+03 1.0683000488e+03 1.0684000244e+03 1.0685000000e+03 1.0685999756e+03 1.0688000488e+03 1.0690000000e+03 1.0690999756e+03 1.0691999512e+03 1.0694000244e+03 1.0695999756e+03 1.0698000488e+03 1.0699000244e+03 1.0701999512e+03 1.0704000244e+03 1.0705999756e+03 1.0709000244e+03 1.0710000000e+03 1.0713000488e+03 1.0715999756e+03 1.0718000488e+03 1.0720999756e+03 1.0724000244e+03 1.0725999756e+03 1.0730000000e+03 1.0733000488e+03 1.0736999512e+03 1.0739000244e+03 1.0743000488e+03 1.0746999512e+03 1.0751999512e+03 1.0756999512e+03 1.0760999756e+03 1.0765999756e+03
1.0641999512e+03 1.0645000000e+03 1.0648000488e+03 1.0650999756e+03 1.0654000244e+03 1.0656999512e+03 1.0660000000e+03 1.0664000244e+03 1.0666999512e+03 1.0670000000e+03 1.0671999512e+03 1.0673000488e+03 1.0675999756e+03 1.0678000488e+03 1.0679000244e+03 1.0680000000e+03 1.0681999512e+03 1.0683000488e+03 1.0685000000e+03 1.0685999756e+03 1.0685999756e+03 1.0688000488e+03 1.0690000000e+03 1.0693000488e+03 1.0694000244e+03 1.0696999512e+03 1.0699000244e+03 1.0701999512e+03 1.0704000244e+03 1.0705999756e+03 1.0708000488e+03 1.0710999756e+03 1.0713000488e+03 1.0715999756e+03 1.0719000244e+03 1.0721999512e+03 1.0725000000e+03 1.0729000244e+03 1.0731999512e+03 1.0735000000e+03 1.0738000488e+03 1.0740999756e+03 1.0745000000e+03 1.0750000000e+03 1.0755000000e+03 1.0760000000e+03
1.0636999512e+03 1.0640000000e+03 1.0643000488e+03 1.0645000000e+03 1.0648000488e+03 1.0651999512e+03 1.0655999756e+03 1.0660000000e+03 1.0663000488e+03 1.0665999756e+03 1.0668000488e+03 1.0669000244e+03 1.0670999756e+03 1.0673000488e+03 1.0674000244e+03 1.0675999756e+03 1.0676999512e+03 1.0678000488e+03 1.0679000244e+03 1.0680999756e+03 1.0681999512e+03 1.0683000488e+03 1.0685000000e+03 1.0686999512e+03 1.0689000244e+03 1.0690999756e+03 1.0694000244e+03 1.0695999756e+03 1.0699000244e+03 1.0700999756e+03 1.0704000244e+03 1.0705999756e+03 1.0709000244e+03 1.0711999512e+03 1.0715000000e+03 1.0719000244e+03 1.0721999512e+03 1.0724000244e+03 1.0726999512e+03 1.0730000000e+03 1.0733000488e+03 1.0735999756e+03 1.0740000000e+03 1.0744000244e+03 1.0749000244e+03 1.0754000244e+03
1.0631999512e+03 1.0635000000e+03 1.0636999512e+03 1.0640000000e+03 1.0643000488e+03 1.0646999512e+03 1.0650999756e+03 1.0655000000e+03 1.0658000488e+03 1.0660999756e+03 1.0661999512e+03 1.0663000488e+03 1.0665999756e+03 1.0666999512e+03 1.0668000488e+03 1.0670000000e+03 1.0670999756e+03 1.0671999512e+03 1.0674000244e+03 1.0675999756e+03 1.0676999512e+03 1.0678000488e+03 1.0680000000e+03 1.0681999512e+03 1.0684000244e+03 1.0686999512e+03 1.0690000000e+03 1.0691999512e+03 1.0694000244e+03 1.0696999512e+03 1.0699000244e+03 1.0700999756e+03 1.0704000244e+03 1.0706999512e+03 1.0710999756e+03 1.0715000000e+03 1.0718000488e+03 1.0720000000e+03 1.0723000488e+03 1.0725000000e+03 1.0728000488e+03 1.0731999512e+03 1.0735000000e+03 1.0738000488e+03 1.0743000488e+03 1.0748000488e+03
1.0626999512e+03 1.0629000244e+03 1.0631999512e+03 1.0635000000e+03 1.0638000488e+03 1.0641999512e+03 1.0645999756e+03 1.0650000000e+03 1.0653000488e+03 1.0655999756e+03 1.0656999512e+03 1.0658000488e+03 1.0660000000e+03 1.0661999512e+03 1.0663000488e+03 1.0665000000e+03 1.0665000000e+03 1.0665999756e+03 1.0668000488e+03 1.0670000000e+03 1.0673000488e+03 1.0674000244e+03 1.0675000000e+03 1.0676999512e+03 1.0680000000e+03 1.0683000488e+03 1.0685000000e+03 1.0686999512e+03 1.0689000244e+03 1.0690999756e+03 1.0694000244e+03 1.0695999756e+03 1.0699000244e+03 1.0701999512e+03 1.0705999756e+03 1.0709000244e+03 1.0713000488e+03 1.0715999756e+03 1.0719000244e+03 1.0720999756e+03 1.0724000244e+03 1.0726999512e+03 1.0730000000e+03 1.0734000244e+03 1.0738000488e+03 1.0743000488e+03
1.0621999512e+03 1.0624000244e+03 1.0626999512e+03 1.0630000000e+03 1.0634000244e+03 1.0636999512e+03 1.0640999756e+03 1.0645000000e+03 1.0648000488e+03 1.0650000000e+03 1.0651999512e+03 1.0653000488e+03 1.0654000244e+03 1.0655999756e+03 1.0656999512e+03 1.0658000488e+03 1.0660000000e+03 1.0660999756e+03 1.0663000488e+03 1.0665000000e+03 1.0668000488e+03 1.0669000244e+03 1.0670999756e+03 1.0673000488e+03 1.0675999756e+03 1.0678000488e+03 1.0680000000e+03 1.0681999512e+03 1.0684000244e+03 1.0685999756e+03 1.0688000488e+03 1.0690999756e+03 1.0694000244e+03 1.0696999512e+03 1.0700999756e+03 1.0704000244e+03 1.0708000488e+03 1.0711999512e+03 1.0715000000e+03 1.0718000488e+03 1.0720000000e+03 1.0723000488e+03 1.0725000000e+03 1.0729000244e+03 1.0734000244e+03 1.0738000488e+03
1.0615999756e+03 1.0620000000e+03 1.0621999512e+03 1.0625000000e+03 1.0628000488e+03 1.0631999512e+03 1.0635999756e+03 1.0639000244e+03 1.0641999512e+03 1.0644000244e+03 1.0645999756e+03 1.0646999512e+03 1.0648000488e+03 1.0649000244e+03 1.0650999756e+03 1.0651999512e+03 1.0653000488e+03 1.0655999756e+03 1.0658000488e+03 1.0660999756e+03 1.0663000488e+03 1.0665000000e+03 1.0665999756e+03 1.0668000488e+03 1.0670000000e+03 1.0671999512e+03 1.0674000244e+03 1.0676999512e+03 1.0679000244e+03 1.0680999756e+03 1.0683000488e+03 1.0685999756e+03 1.0688000488e+03 1.0691999512e+03 1.0695999756e+03 1.0699000244e+03 1.0703000488e+03 1.0706999512e+03 1.0710000000e+03 1.0713000488e+03 1.0715000000e+03 1.0718000488e+03 1.0720000000e+03 1.0724000244e+03 1.0728000488e+03 1.0731999512e+03
1.0610999756e+03 1.0614000244e+03 1.0616999512e+03 1.0620000000e+03 1.0623000488e+03 1.0625999756e+03 1.0630000000e+03 1.0633000488e+03 1.0635999756e+03 1.0638000488e+03 1.0640000000e+03 1.0640000000e+03 1.0641999512e+03 1.0643000488e+03 1.0644000244e+03 1.0645999756e+03 1.0648000488e+03 1.0650999756e+03 1.0654000244e+03 1.0655999756e+03 1.0658000488e+03 1.0660000000e+03 1.0660999756e+03 1.0661999512e+03 1.0664000244e+03 1.0665999756e+03 1.0669000244e+03 1.0671999512e+03 1.0674000244e+03 1.0676999512e+03 1.0679000244e+03 1.0680999756e+03 1.0684000244e+03 1.0686999512e+03 1.0691999512e+03 1.0694000244e+03 1.0698000488e+03 1.0701999512e+03 1.0705000000e+03 1.0708000488e+03 1.0710999756e+03 1.0714000244e+03 1.0715999756e+03 1.0720000000e+03 1.0723000488e+03 1.0726999512e+03
1.0605999756e+03 1.0608000488e+03 1.0610999756e+03 1.0615000000e+03 1.0616999512e+03 1.0619000244e+03 1.0623000488e+03 1.0625999756e+03 1.0629000244e+03 1.0630999756e+03 1.0633000488e+03 1.0634000244e+03 1.0635999756e+03 1.0638000488e+03 1.0639000244e+03 1.0640999756e+03 1.0643000488e+03 1.0645999756e+03 1.0648000488e+03 1.0650999756e+03 1.0654000244e+03 1.0655000000e+03 1.0656999512e+03 1.0656999512e+03 1.0659000244e+03 1.0660999756e+03 1.0664000244e+03 1.0666999512e+03 1.0669000244e+03 1.0671999512e+03 1.0674000244e+03 1.0676999512e+03 1.0679000244e+03 1.0683000488e+03 1.0686999512e+03 1.0690000000e+03 1.0694000244e+03 1.0695999756e+03 1.0700000000e+03 1.0704000244e+03 1.0706999512e+03 1.0709000244e+03 1.0711999512e+03 1.0715999756e+03 1.0719000244e+03 1.0723000488e+03
1.0600999756e+03 1.0603000488e+03 1.0605999756e+03 1.0609000244e+03 1.0610999756e+03 1.0614000244e+03 1.0616999512e+03 1.0619000244e+03 1.0621999512e+03 1.0624000244e+03 1.0625999756e+03 1.0629000244e+03 1.0630999756e+03 1.0633000488e+03 1.0634000244e+03 1.0635999756e+03 1.0638000488e+03 1.0640999756e+03 1.0643000488e+03 1.0645999756e+03 1.0649000244e+03 1.0651999512e+03 1.0653000488e+03 1.0654000244e+03 1.0654000244e+03 1.0655999756e+03 1.0659000244e+03 1.0661999512e+03 1.0664000244e+03 1.0666999512e+03 1.0670000000e+03 1.0671999512e+03 1.0675000000e+03 1.0678000488e+03 1.0681999512e+03 1.0685999756e+03 1.0689000244e+03 1.0691999512e+03 1.0695999756e+03 1.0699000244e+03 1.0701999512e+03 1.0704000244e+03 1.0708000488e+03 1.0710999756e+03 1.0714000244e+03 1.0718000488e+03
1.0595000000e+03 1.0598000488e+03 1.0600999756e+03 1.0604000244e+03 1.0606999512e+03 1.0609000244e+03 1.0610999756e+03 1.0613000488e+03 1.0615000000e+03 1.0618000488e+03 1.0620999756e+03 1.0624000244e+03 1.0625999756e+03 1.0628000488e+03 1.0629000244e+03 1.0630999756e+03 1.0633000488e+03 1.0635000000e+03 1.0638000488e+03 1.0640000000e+03 1.0643000488e+03 1.0645999756e+03 1.0648000488e+03 1.0650000000e+03 1.0650999756e+03 1.0653000488e+03 1.0655000000e+03 1.0656999512e+03 1.0659000244e+03 1.0661999512e+03 1.0665000000e+03 1.0668000488e+03 1.0670999756e+03 1.0674000244e+03 1.0678000488e+03 1.0680999756e+03 1.0684000244e+03 1.0688000488e+03 1.0690999756e+03 1.0694000244e+03 1.0698000488e+03 1.0700000000e+03 1.0703000488e+03 1.0706999512e+03 1.0710000000e+03 1.0713000488e+03
1.0590000000e+03 1.0591999512e+03 1.0595000000e+03 1.0598000488e+03 1.0600999756e+03 1.0603000488e+03 1.0605000000e+03 1.0608000488e+03 1.0610000000e+03 1.0613000488e+03 1.0615000000e+03 1.0618000488e+03 1.0620000000e+03 1.0623000488e+03 1.0625000000e+03 1.0625999756e+03 1.0626999512e+03 1.0629000244e+03 1.0631999512e+03 1.0635000000e+03 1.0638000488e+03 1.0640999756e+03 1.0643000488e+03 1.0645999756e+03 1.0648000488e+03 1.0650000000e+03 1.0650999756e+03 1.0651999512e+03 1.0654000244e+03 1.0656999512e+03 1.0660000000e+03 1.0663000488e+03 1.0665999756e+03 1.0669000244e+03 1.0673000488e+03 1.0676999512e+03 1.0680000000e+03 1.0683000488e+03 1.0686999512e+03 1.0690000000e+03 1.0693000488e+03 1.0695999756e+03 1.0699000244e+03 1.0701999512e+03 1.0704000244e+03 1.0706999512e+03
