DGM_1M_UPPER_AUSTRIA/13/20.asc
NCOLS 100
NROWS 100
XLLCORNER 6.1450500000e+04
YLLCORNER 2.9328850000e+05
CELLSIZE 1.0000000000e+00
NODATA_VALUE -9.9990000000e+03
[rows 80 to 99 of 100, columns 0 to 45 of 100]
8.9929998779e+02 8.9879998779e+02 8.9820001221e+02 8.9759997559e+02 8.9679998779e+02 8.9600000000e+02 8.9520001221e+02 8.9440002441e+02 8.9350000000e+02 8.9270001221e+02 8.9190002441e+02 8.9109997559e+02 8.9029998779e+02 8.8950000000e+02 8.8870001221e+02 8.8790002441e+02 8.8700000000e+02 8.8620001221e+02 8.8529998779e+02 8.8450000000e+02 8.8370001221e+02 8.8279998779e+02 8.8209997559e+02 8.8140002441e+02 8.8059997559e+02 8.7970001221e+02 8.7890002441e+02 8.7809997559e+02 8.7729998779e+02 8.7640002441e+02 8.7559997559e+02 8.7470001221e+02 8.7390002441e+02 8.7309997559e+02 8.7240002441e+02 8.7170001221e+02 8.7079998779e+02 8.7000000000e+02 8.6920001221e+02 8.6850000000e+02 8.6770001221e+02 8.6700000000e+02 8.6629998779e+02 8.6559997559e+02 8.6479998779e+02 8.6400000000e+02
8.9909997559e+02 8.9879998779e+02 8.9840002441e+02 8.9790002441e+02 8.9720001221e+02 8.9640002441e+02 8.9550000000e+02 8.9459997559e+02 8.9359997559e+02 8.9279998779e+02 8.9200000000e+02 8.9120001221e+02 8.9040002441e+02 8.8959997559e+02 8.8879998779e+02 8.8790002441e+02 8.8709997559e+02 8.8620001221e+02 8.8540002441e+02 8.8450000000e+02 8.8370001221e+02 8.8279998779e+02 8.8209997559e+02 8.8140002441e+02 8.8050000000e+02 8.7970001221e+02 8.7879998779e+02 8.7800000000e+02 8.7720001221e+02 8.7629998779e+02 8.7540002441e+02 8.7450000000e+02 8.7370001221e+02 8.7290002441e+02 8.7220001221e+02 8.7140002441e+02 8.7070001221e+02 8.6990002441e+02 8.6900000000e+02 8.6820001221e+02 8.6740002441e+02 8.6670001221e+02 8.6590002441e+02 8.6520001221e+02 8.6440002441e+02 8.6350000000e+02
8.9890002441e+02 8.9870001221e+02 8.9840002441e+02 8.9800000000e+02 8.9740002441e+02 8.9670001221e+02 8.9570001221e+02 8.9479998779e+02 8.9379998779e+02 8.9300000000e+02 8.9220001221e+02 8.9140002441e+02 8.9059997559e+02 8.8979998779e+02 8.8900000000e+02 8.8809997559e+02 8.8720001221e+02 8.8629998779e+02 8.8540002441e+02 8.8459997559e+02 8.8370001221e+02 8.8290002441e+02 8.8209997559e+02 8.8140002441e+02 8.8050000000e+02 8.7970001221e+02 8.7879998779e+02 8.7800000000e+02 8.7720001221e+02 8.7629998779e+02 8.7540002441e+02 8.7440002441e+02 8.7359997559e+02 8.7279998779e+02 8.7200000000e+02 8.7129998779e+02 8.7070001221e+02 8.6990002441e+02 8.6909997559e+02 8.6820001221e+02 8.6740002441e+02 8.6650000000e+02 8.6579998779e+02 8.6500000000e+02 8.6420001221e+02 8.6340002441e+02
8.9859997559e+02 8.9840002441e+02 8.9820001221e+02 8.9779998779e+02 8.9729998779e+02 8.9659997559e+02 8.9579998779e+02 8.9479998779e+02 8.9390002441e+02 8.9309997559e+02 8.9220001221e+02 8.9140002441e+02 8.9070001221e+02 8.8990002441e+02 8.8920001221e+02 8.8829998779e+02 8.8740002441e+02 8.8640002441e+02 8.8559997559e+02 8.8470001221e+02 8.8379998779e+02 8.8300000000e+02 8.8220001221e+02 8.8140002441e+02 8.8059997559e+02 8.7970001221e+02 8.7890002441e+02 8.7809997559e+02 8.7729998779e+02 8.7640002441e+02 8.7540002441e+02 8.7450000000e+02 8.7370001221e+02 8.7279998779e+02 8.7209997559e+02 8.7140002441e+02 8.7079998779e+02 8.7009997559e+02 8.6929998779e+02 8.6850000000e+02 8.6759997559e+02 8.6659997559e+02 8.6579998779e+02 8.6500000000e+02 8.6409997559e+02 8.6329998779e+02
8.9809997559e+02 8.9790002441e+02 8.9770001221e+02 8.9740002441e+02 8.9679998779e+02 8.9620001221e+02 8.9550000000e+02 8.9479998779e+02 8.9390002441e+02 8.9309997559e+02 8.9220001221e+02 8.9150000000e+02 8.9070001221e+02 8.9000000000e+02 8.8940002441e+02 8.8850000000e+02 8.8759997559e+02 8.8659997559e+02 8.8570001221e+02 8.8479998779e+02 8.8390002441e+02 8.8309997559e+02 8.8229998779e+02 8.8150000000e+02 8.8070001221e+02 8.7979998779e+02 8.7900000000e+02 8.7829998779e+02 8.7740002441e+02 8.7650000000e+02 8.7559997559e+02 8.7470001221e+02 8.7379998779e+02 8.7300000000e+02 8.7220001221e+02 8.7150000000e+02 8.7090002441e+02 8.7029998779e+02 8.6959997559e+02 8.6879998779e+02 8.6790002441e+02 8.6690002441e+02 8.6590002441e+02 8.6500000000e+02 8.6420001221e+02 8.6329998779e+02
8.9759997559e+02 8.9729998779e+02 8.9709997559e+02 8.9679998779e+02 8.9629998779e+02 8.9570001221e+02 8.9520001221e+02 8.9450000000e+02 8.9379998779e+02 8.9300000000e+02 8.9220001221e+02 8.9150000000e+02 8.9079998779e+02 8.9009997559e+02 8.8950000000e+02 8.8870001221e+02 8.8779998779e+02 8.8690002441e+02 8.8590002441e+02 8.8500000000e+02 8.8400000000e+02 8.8320001221e+02 8.8240002441e+02 8.8159997559e+02 8.8079998779e+02 8.7990002441e+02 8.7909997559e+02 8.7840002441e+02 8.7759997559e+02 8.7670001221e+02 8.7579998779e+02 8.7490002441e+02 8.7400000000e+02 8.7320001221e+02 8.7240002441e+02 8.7170001221e+02 8.7109997559e+02 8.7050000000e+02 8.6970001221e+02 8.6890002441e+02 8.6800000000e+02 8.6709997559e+02 8.6609997559e+02 8.6520001221e+02 8.6429998779e+02 8.6340002441e+02
8.9700000000e+02 8.9670001221e+02 8.9650000000e+02 8.9609997559e+02 8.9570001221e+02 8.9529998779e+02 8.9479998779e+02 8.9420001221e+02 8.9350000000e+02 8.9279998779e+02 8.9209997559e+02 8.9150000000e+02 8.9079998779e+02 8.9009997559e+02 8.8950000000e+02 8.8870001221e+02 8.8790002441e+02 8.8709997559e+02 8.8620001221e+02 8.8529998779e+02 8.8429998779e+02 8.8340002441e+02 8.8259997559e+02 8.8179998779e+02 8.8090002441e+02 8.8009997559e+02 8.7929998779e+02 8.7850000000e+02 8.7759997559e+02 8.7679998779e+02 8.7590002441e+02 8.7509997559e+02 8.7420001221e+02 8.7329998779e+02 8.7259997559e+02 8.7190002441e+02 8.7120001221e+02 8.7050000000e+02 8.6970001221e+02 8.6890002441e+02 8.6800000000e+02 8.6709997559e+02 8.6629998779e+02 8.6540002441e+02 8.6450000000e+02 8.6359997559e+02
8.9640002441e+02 8.9620001221e+02 8.9590002441e+02 8.9550000000e+02 8.9520001221e+02 8.9479998779e+02 8.9429998779e+02 8.9379998779e+02 8.9320001221e+02 8.9250000000e+02 8.9190002441e+02 8.9140002441e+02 8.9070001221e+02 8.9000000000e+02 8.8950000000e+02 8.8870001221e+02 8.8790002441e+02 8.8709997559e+02 8.8640002441e+02 8.8550000000e+02 8.8459997559e+02 8.8370001221e+02 8.8279998779e+02 8.8200000000e+02 8.8109997559e+02 8.8029998779e+02 8.7940002441e+02 8.7859997559e+02 8.7770001221e+02 8.7679998779e+02 8.7600000000e+02 8.7509997559e+02 8.7429998779e+02 8.7350000000e+02 8.7270001221e+02 8.7190002441e+02 8.7120001221e+02 8.7059997559e+02 8.6979998779e+02 8.6900000000e+02 8.6809997559e+02 8.6729998779e+02 8.6640002441e+02 8.6550000000e+02 8.6470001221e+02 8.6379998779e+02
8.9600000000e+02 8.9570001221e+02 8.9540002441e+02 8.9509997559e+02 8.9470001221e+02 8.9429998779e+02 8.9379998779e+02 8.9329998779e+02 8.9270001221e+02 8.9209997559e+02 8.9159997559e+02 8.9109997559e+02 8.9040002441e+02 8.8990002441e+02 8.8929998779e+02 8.8850000000e+02 8.8779998779e+02 8.8709997559e+02 8.8640002441e+02 8.8570001221e+02 8.8470001221e+02 8.8390002441e+02 8.8309997559e+02 8.8220001221e+02 8.8129998779e+02 8.8050000000e+02 8.7959997559e+02 8.7870001221e+02 8.7779998779e+02 8.7700000000e+02 8.7609997559e+02 8.7529998779e+02 8.7440002441e+02 8.7359997559e+02 8.7279998779e+02 8.7209997559e+02 8.7140002441e+02 8.7059997559e+02 8.6979998779e+02 8.6900000000e+02 8.6820001221e+02 8.6729998779e+02 8.6650000000e+02 8.6570001221e+02 8.6490002441e+02 8.6400000000e+02
8.9540002441e+02 8.9520001221e+02 8.9490002441e+02 8.9459997559e+02 8.9420001221e+02 8.9379998779e+02 8.9340002441e+02 8.9290002441e+02 8.9240002441e+02 8.9179998779e+02 8.9129998779e+02 8.9070001221e+02 8.9020001221e+02 8.8970001221e+02 8.8909997559e+02 8.8840002441e+02 8.8770001221e+02 8.8700000000e+02 8.8640002441e+02 8.8570001221e+02 8.8479998779e+02 8.8400000000e+02 8.8329998779e+02 8.8240002441e+02 8.8159997559e+02 8.8079998779e+02 8.7990002441e+02 8.7900000000e+02 8.7809997559e+02 8.7720001221e+02 8.7629998779e+02 8.7540002441e+02 8.7459997559e+02 8.7370001221e+02 8.7300000000e+02 8.7220001221e+02 8.7150000000e+02 8.7079998779e+02 8.7000000000e+02 8.6909997559e+02 8.6829998779e+02 8.6750000000e+02 8.6670001221e+02 8.6590002441e+02 8.6520001221e+02 8.6420001221e+02
8.9490002441e+02 8.9459997559e+02 8.9440002441e+02 8.9409997559e+02 8.9370001221e+02 8.9340002441e+02 8.9300000000e+02 8.9259997559e+02 8.9200000000e+02 8.9140002441e+02 8.9090002441e+02 8.9050000000e+02 8.8990002441e+02 8.8940002441e+02 8.8890002441e+02 8.8820001221e+02 8.8750000000e+02 8.8690002441e+02 8.8629998779e+02 8.8559997559e+02 8.8479998779e+02 8.8409997559e+02 8.8340002441e+02 8.8259997559e+02 8.8179998779e+02 8.8109997559e+02 8.8020001221e+02 8.7920001221e+02 8.7829998779e+02 8.7740002441e+02 8.7640002441e+02 8.7559997559e+02 8.7459997559e+02 8.7390002441e+02 8.7309997559e+02 8.7229998779e+02 8.7150000000e+02 8.7079998779e+02 8.7009997559e+02 8.6929998779e+02 8.6850000000e+02 8.6770001221e+02 8.6700000000e+02 8.6620001221e+02 8.6540002441e+02 8.6450000000e+02
8.9440002441e+02 8.9409997559e+02 8.9390002441e+02 8.9359997559e+02 8.9329998779e+02 8.9290002441e+02 8.9250000000e+02 8.9209997559e+02 8.9159997559e+02 8.9109997559e+02 8.9059997559e+02 8.9009997559e+02 8.8950000000e+02 8.8900000000e+02 8.8850000000e+02 8.8800000000e+02 8.8740002441e+02 8.8679998779e+02 8.8609997559e+02 8.8550000000e+02 8.8479998779e+02 8.8409997559e+02 8.8340002441e+02 8.8270001221e+02 8.8200000000e+02 8.8120001221e+02 8.8029998779e+02 8.7929998779e+02 8.7840002441e+02 8.7740002441e+02 8.7659997559e+02 8.7570001221e+02 8.7479998779e+02 8.7400000000e+02 8.7320001221e+02 8.7229998779e+02 8.7159997559e+02 8.7079998779e+02 8.7009997559e+02 8.6929998779e+02 8.6850000000e+02 8.6770001221e+02 8.6709997559e+02 8.6640002441e+02 8.6550000000e+02 8.6459997559e+02
8.9379998779e+02 8.9359997559e+02 8.9340002441e+02 8.9320001221e+02 8.9279998779e+02 8.9250000000e+02 8.9200000000e+02 8.9159997559e+02 8.9109997559e+02 8.9070001221e+02 8.9020001221e+02 8.8959997559e+02 8.8909997559e+02 8.8859997559e+02 8.8809997559e+02 8.8759997559e+02 8.8709997559e+02 8.8650000000e+02 8.8590002441e+02 8.8529998779e+02 8.8470001221e+02 8.8400000000e+02 8.8340002441e+02 8.8270001221e+02 8.8200000000e+02 8.8120001221e+02 8.8029998779e+02 8.7940002441e+02 8.7840002441e+02 8.7750000000e+02 8.7659997559e+02 8.7570001221e+02 8.7490002441e+02 8.7400000000e+02 8.7320001221e+02 8.7240002441e+02 8.7159997559e+02 8.7079998779e+02 8.7020001221e+02 8.6940002441e+02 8.6840002441e+02 8.6770001221e+02 8.6709997559e+02 8.6640002441e+02 8.6559997559e+02 8.6470001221e+02
8.9340002441e+02 8.9309997559e+02 8.9290002441e+02 8.9270001221e+02 8.9229998779e+02 8.9190002441e+02 8.9150000000e+02 8.9109997559e+02 8.9070001221e+02 8.9020001221e+02 8.8979998779e+02 8.8920001221e+02 8.8879998779e+02 8.8829998779e+02 8.8779998779e+02 8.8729998779e+02 8.8679998779e+02 8.8620001221e+02 8.8570001221e+02 8.8509997559e+02 8.8450000000e+02 8.8390002441e+02 8.8329998779e+02 8.8259997559e+02 8.8190002441e+02 8.8109997559e+02 8.8020001221e+02 8.7929998779e+02 8.7840002441e+02 8.7750000000e+02 8.7659997559e+02 8.7579998779e+02 8.7490002441e+02 8.7409997559e+02 8.7320001221e+02 8.7240002441e+02 8.7150000000e+02 8.7070001221e+02 8.7009997559e+02 8.6940002441e+02 8.6840002441e+02 8.6770001221e+02 8.6700000000e+02 8.6629998779e+02 8.6550000000e+02 8.6479998779e+02
8.9290002441e+02 8.9270001221e+02 8.9240002441e+02 8.9209997559e+02 8.9179998779e+02 8.9140002441e+02 8.9100000000e+02 8.9070001221e+02 8.9029998779e+02 8.8979998779e+02 8.8929998779e+02 8.8879998779e+02 8.8829998779e+02 8.8779998779e+02 8.8729998779e+02 8.8690002441e+02 8.8640002441e+02 8.8590002441e+02 8.8550000000e+02 8.8500000000e+02 8.8429998779e+02 8.8370001221e+02 8.8320001221e+02 8.8250000000e+02 8.8170001221e+02 8.8090002441e+02 8.8000000000e+02 8.7920001221e+02 8.7829998779e+02 8.7740002441e+02 8.7659997559e+02 8.7579998779e+02 8.7490002441e+02 8.7409997559e+02 8.7320001221e+02 8.7240002441e+02 8.7150000000e+02 8.7070001221e+02 8.7000000000e+02 8.6920001221e+02 8.6850000000e+02 8.6770001221e+02 8.6700000000e+02 8.6620001221e+02 8.6540002441e+02 8.6470001221e+02
8.9240002441e+02 8.9209997559e+02 8.9190002441e+02 8.9150000000e+02 8.9120001221e+02 8.9090002441e+02 8.9059997559e+02 8.9020001221e+02 8.8979998779e+02 8.8940002441e+02 8.8890002441e+02 8.8840002441e+02 8.8790002441e+02 8.8750000000e+02 8.8700000000e+02 8.8650000000e+02 8.8609997559e+02 8.8570001221e+02 8.8529998779e+02 8.8479998779e+02 8.8420001221e+02 8.8359997559e+02 8.8300000000e+02 8.8229998779e+02 8.8150000000e+02 8.8070001221e+02 8.7979998779e+02 8.7900000000e+02 8.7820001221e+02 8.7729998779e+02 8.7650000000e+02 8.7570001221e+02 8.7490002441e+02 8.7400000000e+02 8.7320001221e+02 8.7240002441e+02 8.7159997559e+02 8.7079998779e+02 8.6990002441e+02 8.6920001221e+02 8.6850000000e+02 8.6779998779e+02 8.6690002441e+02 8.6609997559e+02 8.6529998779e+02 8.6450000000e+02
8.9179998779e+02 8.9159997559e+02 8.9129998779e+02 8.9100000000e+02 8.9079998779e+02 8.9050000000e+02 8.9020001221e+02 8.8979998779e+02 8.8950000000e+02 8.8900000000e+02 8.8850000000e+02 8.8800000000e+02 8.8750000000e+02 8.8709997559e+02 8.8659997559e+02 8.8620001221e+02 8.8570001221e+02 8.8540002441e+02 8.8500000000e+02 8.8459997559e+02 8.8400000000e+02 8.8340002441e+02 8.8290002441e+02 8.8209997559e+02 8.8129998779e+02 8.8050000000e+02 8.7970001221e+02 8.7879998779e+02 8.7800000000e+02 8.7729998779e+02 8.7650000000e+02 8.7570001221e+02 8.7490002441e+02 8.7400000000e+02 8.7320001221e+02 8.7240002441e+02 8.7159997559e+02 8.7079998779e+02 8.6990002441e+02 8.6909997559e+02 8.6850000000e+02 8.6770001221e+02 8.6690002441e+02 8.6600000000e+02 8.6520001221e+02 8.6440002441e+02
8.9120001221e+02 8.9100000000e+02 8.9079998779e+02 8.9050000000e+02 8.9029998779e+02 8.9009997559e+02 8.8979998779e+02 8.8940002441e+02 8.8900000000e+02 8.8850000000e+02 8.8809997559e+02 8.8759997559e+02 8.8709997559e+02 8.8670001221e+02 8.8620001221e+02 8.8579998779e+02 8.8540002441e+02 8.8509997559e+02 8.8470001221e+02 8.8429998779e+02 8.8370001221e+02 8.8320001221e+02 8.8270001221e+02 8.8190002441e+02 8.8120001221e+02 8.8029998779e+02 8.7950000000e+02 8.7870001221e+02 8.7790002441e+02 8.7720001221e+02 8.7640002441e+02 8.7559997559e+02 8.7479998779e+02 8.7390002441e+02 8.7309997559e+02 8.7229998779e+02 8.7159997559e+02 8.7079998779e+02 8.6990002441e+02 8.6900000000e+02 8.6829998779e+02 8.6759997559e+02 8.6679998779e+02 8.6590002441e+02 8.6509997559e+02 8.6429998779e+02
8.9059997559e+02 8.9040002441e+02 8.9020001221e+02 8.9000000000e+02 8.8979998779e+02 8.8959997559e+02 8.8929998779e+02 8.8900000000e+02 8.8859997559e+02 8.8809997559e+02 8.8759997559e+02 8.8709997559e+02 8.8670001221e+02 8.8620001221e+02 8.8579998779e+02 8.8540002441e+02 8.8500000000e+02 8.8470001221e+02 8.8440002441e+02 8.8400000000e+02 8.8340002441e+02 8.8300000000e+02 8.8240002441e+02 8.8170001221e+02 8.8100000000e+02 8.8020001221e+02 8.7940002441e+02 8.7859997559e+02 8.7779998779e+02 8.7709997559e+02 8.7640002441e+02 8.7550000000e+02 8.7470001221e+02 8.7390002441e+02 8.7309997559e+02 8.7229998779e+02 8.7150000000e+02 8.7070001221e+02 8.6979998779e+02 8.6890002441e+02 8.6809997559e+02 8.6740002441e+02 8.6670001221e+02 8.6579998779e+02 8.6490002441e+02 8.6409997559e+02
8.9000000000e+02 8.8990002441e+02 8.8970001221e+02 8.8950000000e+02 8.8929998779e+02 8.8900000000e+02 8.8879998779e+02 8.8859997559e+02 8.8820001221e+02 8.8779998779e+02 8.8729998779e+02 8.8670001221e+02 8.8620001221e+02 8.8579998779e+02 8.8540002441e+02 8.8500000000e+02 8.8459997559e+02 8.8429998779e+02 8.8390002441e+02 8.8359997559e+02 8.8320001221e+02 8.8270001221e+02 8.8209997559e+02 8.8150000000e+02 8.8079998779e+02 8.8000000000e+02 8.7920001221e+02 8.7840002441e+02 8.7770001221e+02 8.7700000000e+02 8.7620001221e+02 8.7540002441e+02 8.7459997559e+02 8.7390002441e+02 8.7309997559e+02 8.7229998779e+02 8.7150000000e+02 8.7059997559e+02 8.6970001221e+02 8.6890002441e+02 8.6809997559e+02 8.6729998779e+02 8.6650000000e+02 8.6570001221e+02 8.6479998779e+02 8.6400000000e+02
