DGM_1M_UPPER_AUSTRIA/13/20.asc
NCOLS 100
NROWS 100
XLLCORNER 6.1450500000e+04
YLLCORNER 2.9328850000e+05
CELLSIZE 1.0000000000e+00
NODATA_VALUE -9.9990000000e+03
[rows 60 to 79 of 100, columns 46 to 91 of 100]
8.6859997559e+02 8.6779998779e+02 8.6700000000e+02 8.6620001221e+02 8.6540002441e+02 8.6470001221e+02 8.6390002441e+02 8.6320001221e+02 8.6240002441e+02 8.6170001221e+02 8.6090002441e+02 8.6020001221e+02 8.5950000000e+02 8.5879998779e+02 8.5800000000e+02 8.5740002441e+02 8.5679998779e+02 8.5609997559e+02 8.5540002441e+02 8.5470001221e+02 8.5409997559e+02 8.5350000000e+02 8.5300000000e+02 8.5240002441e+02 8.5179998779e+02 8.5109997559e+02 8.5050000000e+02 8.4990002441e+02 8.4929998779e+02 8.4870001221e+02 8.4809997559e+02 8.4750000000e+02 8.4690002441e+02 8.4640002441e+02 8.4570001221e+02 8.4520001221e+02 8.4459997559e+02 8.4409997559e+02 8.4370001221e+02 8.4329998779e+02 8.4279998779e+02 8.4240002441e+02 8.4209997559e+02 8.4170001221e+02 8.4129998779e+02 8.4100000000e+02
8.6900000000e+02 8.6809997559e+02 8.6729998779e+02 8.6640002441e+02 8.6559997559e+02 8.6479998779e+02 8.6390002441e+02 8.6309997559e+02 8.6229998779e+02 8.6150000000e+02 8.6059997559e+02 8.5979998779e+02 8.5900000000e+02 8.5829998779e+02 8.5759997559e+02 8.5700000000e+02 8.5640002441e+02 8.5570001221e+02 8.5500000000e+02 8.5429998779e+02 8.5370001221e+02 8.5309997559e+02 8.5250000000e+02 8.5179998779e+02 8.5120001221e+02 8.5059997559e+02 8.5009997559e+02 8.4940002441e+02 8.4879998779e+02 8.4820001221e+02 8.4750000000e+02 8.4700000000e+02 8.4640002441e+02 8.4579998779e+02 8.4520001221e+02 8.4459997559e+02 8.4409997559e+02 8.4359997559e+02 8.4309997559e+02 8.4270001221e+02 8.4229998779e+02 8.4190002441e+02 8.4150000000e+02 8.4109997559e+02 8.4070001221e+02 8.4040002441e+02
8.6959997559e+02 8.6859997559e+02 8.6779998779e+02 8.6690002441e+02 8.6600000000e+02 8.6509997559e+02 8.6409997559e+02 8.6320001221e+02 8.6229998779e+02 8.6140002441e+02 8.6050000000e+02 8.5959997559e+02 8.5870001221e+02 8.5800000000e+02 8.5729998779e+02 8.5659997559e+02 8.5600000000e+02 8.5540002441e+02 8.5470001221e+02 8.5400000000e+02 8.5340002441e+02 8.5270001221e+02 8.5200000000e+02 8.5129998779e+02 8.5070001221e+02 8.5009997559e+02 8.4959997559e+02 8.4900000000e+02 8.4829998779e+02 8.4770001221e+02 8.4700000000e+02 8.4640002441e+02 8.4579998779e+02 8.4529998779e+02 8.4470001221e+02 8.4409997559e+02 8.4359997559e+02 8.4309997559e+02 8.4259997559e+02 8.4220001221e+02 8.4179998779e+02 8.4129998779e+02 8.4090002441e+02 8.4050000000e+02 8.4009997559e+02 8.3979998779e+02
8.7040002441e+02 8.6920001221e+02 8.6829998779e+02 8.6740002441e+02 8.6640002441e+02 8.6540002441e+02 8.6440002441e+02 8.6340002441e+02 8.6240002441e+02 8.6140002441e+02 8.6050000000e+02 8.5950000000e+02 8.5850000000e+02 8.5770001221e+02 8.5690002441e+02 8.5629998779e+02 8.5559997559e+02 8.5500000000e+02 8.5440002441e+02 8.5370001221e+02 8.5300000000e+02 8.5240002441e+02 8.5170001221e+02 8.5100000000e+02 8.5029998779e+02 8.4970001221e+02 8.4909997559e+02 8.4840002441e+02 8.4779998779e+02 8.4720001221e+02 8.4650000000e+02 8.4579998779e+02 8.4540002441e+02 8.4490002441e+02 8.4429998779e+02 8.4359997559e+02 8.4309997559e+02 8.4259997559e+02 8.4209997559e+02 8.4159997559e+02 8.4120001221e+02 8.4079998779e+02 8.4029998779e+02 8.3990002441e+02 8.3950000000e+02 8.3920001221e+02
8.7090002441e+02 8.6979998779e+02 8.6890002441e+02 8.6779998779e+02 8.6670001221e+02 8.6559997559e+02 8.6459997559e+02 8.6350000000e+02 8.6240002441e+02 8.6140002441e+02 8.6040002441e+02 8.5940002441e+02 8.5840002441e+02 8.5750000000e+02 8.5670001221e+02 8.5590002441e+02 8.5529998779e+02 8.5470001221e+02 8.5400000000e+02 8.5329998779e+02 8.5259997559e+02 8.5200000000e+02 8.5129998779e+02 8.5059997559e+02 8.4990002441e+02 8.4920001221e+02 8.4859997559e+02 8.4800000000e+02 8.4729998779e+02 8.4659997559e+02 8.4600000000e+02 8.4540002441e+02 8.4490002441e+02 8.4440002441e+02 8.4390002441e+02 8.4320001221e+02 8.4259997559e+02 8.4209997559e+02 8.4159997559e+02 8.4109997559e+02 8.4059997559e+02 8.4020001221e+02 8.3979998779e+02 8.3929998779e+02 8.3890002441e+02 8.3859997559e+02
8.7120001221e+02 8.7029998779e+02 8.6929998779e+02 8.6809997559e+02 8.6690002441e+02 8.6570001221e+02 8.6450000000e+02 8.6340002441e+02 8.6229998779e+02 8.6129998779e+02 8.6029998779e+02 8.5929998779e+02 8.5820001221e+02 8.5729998779e+02 8.5640002441e+02 8.5570001221e+02 8.5500000000e+02 8.5429998779e+02 8.5359997559e+02 8.5300000000e+02 8.5229998779e+02 8.5170001221e+02 8.5090002441e+02 8.5020001221e+02 8.4940002441e+02 8.4870001221e+02 8.4809997559e+02 8.4750000000e+02 8.4679998779e+02 8.4609997559e+02 8.4540002441e+02 8.4490002441e+02 8.4440002441e+02 8.4390002441e+02 8.4340002441e+02 8.4279998779e+02 8.4220001221e+02 8.4159997559e+02 8.4109997559e+02 8.4050000000e+02 8.4009997559e+02 8.3970001221e+02 8.3920001221e+02 8.3870001221e+02 8.3829998779e+02 8.3800000000e+02
8.7109997559e+02 8.7029998779e+02 8.6929998779e+02 8.6820001221e+02 8.6700000000e+02 8.6579998779e+02 8.6440002441e+02 8.6320001221e+02 8.6209997559e+02 8.6109997559e+02 8.6020001221e+02 8.5909997559e+02 8.5809997559e+02 8.5709997559e+02 8.5629998779e+02 8.5559997559e+02 8.5470001221e+02 8.5390002441e+02 8.5329998779e+02 8.5270001221e+02 8.5209997559e+02 8.5150000000e+02 8.5070001221e+02 8.4979998779e+02 8.4900000000e+02 8.4820001221e+02 8.4759997559e+02 8.4700000000e+02 8.4640002441e+02 8.4570001221e+02 8.4500000000e+02 8.4429998779e+02 8.4379998779e+02 8.4329998779e+02 8.4290002441e+02 8.4229998779e+02 8.4170001221e+02 8.4120001221e+02 8.4059997559e+02 8.4000000000e+02 8.3959997559e+02 8.3920001221e+02 8.3870001221e+02 8.3820001221e+02 8.3779998779e+02 8.3740002441e+02
8.7070001221e+02 8.6979998779e+02 8.6879998779e+02 8.6770001221e+02 8.6670001221e+02 8.6559997559e+02 8.6420001221e+02 8.6290002441e+02 8.6170001221e+02 8.6070001221e+02 8.5979998779e+02 8.5890002441e+02 8.5790002441e+02 8.5700000000e+02 8.5609997559e+02 8.5540002441e+02 8.5450000000e+02 8.5359997559e+02 8.5309997559e+02 8.5250000000e+02 8.5190002441e+02 8.5120001221e+02 8.5050000000e+02 8.4959997559e+02 8.4870001221e+02 8.4790002441e+02 8.4720001221e+02 8.4659997559e+02 8.4590002441e+02 8.4529998779e+02 8.4459997559e+02 8.4400000000e+02 8.4340002441e+02 8.4290002441e+02 8.4240002441e+02 8.4190002441e+02 8.4129998779e+02 8.4079998779e+02 8.4020001221e+02 8.3970001221e+02 8.3909997559e+02 8.3870001221e+02 8.3820001221e+02 8.3770001221e+02 8.3729998779e+02 8.3679998779e+02
8.6990002441e+02 8.6900000000e+02 8.6809997559e+02 8.6700000000e+02 8.6600000000e+02 8.6500000000e+02 8.6390002441e+02 8.6259997559e+02 8.6140002441e+02 8.6040002441e+02 8.5940002441e+02 8.5850000000e+02 8.5770001221e+02 8.5679998779e+02 8.5600000000e+02 8.5520001221e+02 8.5429998779e+02 8.5340002441e+02 8.5290002441e+02 8.5229998779e+02 8.5159997559e+02 8.5090002441e+02 8.5020001221e+02 8.4940002441e+02 8.4859997559e+02 8.4779998779e+02 8.4700000000e+02 8.4629998779e+02 8.4559997559e+02 8.4500000000e+02 8.4429998779e+02 8.4359997559e+02 8.4300000000e+02 8.4250000000e+02 8.4200000000e+02 8.4140002441e+02 8.4090002441e+02 8.4040002441e+02 8.3979998779e+02 8.3929998779e+02 8.3870001221e+02 8.3820001221e+02 8.3770001221e+02 8.3720001221e+02 8.3670001221e+02 8.3629998779e+02
8.6909997559e+02 8.6820001221e+02 8.6720001221e+02 8.6629998779e+02 8.6529998779e+02 8.6440002441e+02 8.6340002441e+02 8.6229998779e+02 8.6120001221e+02 8.6009997559e+02 8.5920001221e+02 8.5829998779e+02 8.5740002441e+02 8.5659997559e+02 8.5570001221e+02 8.5490002441e+02 8.5409997559e+02 8.5329998779e+02 8.5279998779e+02 8.5209997559e+02 8.5140002441e+02 8.5070001221e+02 8.5000000000e+02 8.4920001221e+02 8.4850000000e+02 8.4770001221e+02 8.4700000000e+02 8.4620001221e+02 8.4550000000e+02 8.4479998779e+02 8.4409997559e+02 8.4340002441e+02 8.4279998779e+02 8.4220001221e+02 8.4159997559e+02 8.4100000000e+02 8.4050000000e+02 8.3990002441e+02 8.3940002441e+02 8.3879998779e+02 8.3829998779e+02 8.3779998779e+02 8.3720001221e+02 8.3679998779e+02 8.3629998779e+02 8.3579998779e+02
8.6850000000e+02 8.6750000000e+02 8.6650000000e+02 8.6559997559e+02 8.6470001221e+02 8.6370001221e+02 8.6290002441e+02 8.6190002441e+02 8.6090002441e+02 8.5990002441e+02 8.5900000000e+02 8.5809997559e+02 8.5720001221e+02 8.5640002441e+02 8.5559997559e+02 8.5470001221e+02 8.5390002441e+02 8.5320001221e+02 8.5250000000e+02 8.5179998779e+02 8.5109997559e+02 8.5050000000e+02 8.4979998779e+02 8.4909997559e+02 8.4840002441e+02 8.4759997559e+02 8.4690002441e+02 8.4609997559e+02 8.4540002441e+02 8.4459997559e+02 8.4379998779e+02 8.4320001221e+02 8.4259997559e+02 8.4190002441e+02 8.4129998779e+02 8.4070001221e+02 8.4009997559e+02 8.3950000000e+02 8.3900000000e+02 8.3840002441e+02 8.3779998779e+02 8.3729998779e+02 8.3679998779e+02 8.3629998779e+02 8.3579998779e+02 8.3529998779e+02
8.6800000000e+02 8.6700000000e+02 8.6600000000e+02 8.6509997559e+02 8.6409997559e+02 8.6320001221e+02 8.6229998779e+02 8.6140002441e+02 8.6059997559e+02 8.5959997559e+02 8.5879998779e+02 8.5790002441e+02 8.5709997559e+02 8.5620001221e+02 8.5540002441e+02 8.5459997559e+02 8.5379998779e+02 8.5300000000e+02 8.5229998779e+02 8.5159997559e+02 8.5090002441e+02 8.5020001221e+02 8.4959997559e+02 8.4890002441e+02 8.4820001221e+02 8.4750000000e+02 8.4679998779e+02 8.4609997559e+02 8.4520001221e+02 8.4440002441e+02 8.4359997559e+02 8.4300000000e+02 8.4229998779e+02 8.4170001221e+02 8.4100000000e+02 8.4050000000e+02 8.3979998779e+02 8.3920001221e+02 8.3859997559e+02 8.3800000000e+02 8.3750000000e+02 8.3690002441e+02 8.3629998779e+02 8.3579998779e+02 8.3529998779e+02 8.3479998779e+02
8.6770001221e+02 8.6659997559e+02 8.6559997559e+02 8.6459997559e+02 8.6359997559e+02 8.6270001221e+02 8.6179998779e+02 8.6100000000e+02 8.6020001221e+02 8.5929998779e+02 8.5840002441e+02 8.5759997559e+02 8.5679998779e+02 8.5600000000e+02 8.5509997559e+02 8.5440002441e+02 8.5359997559e+02 8.5279998779e+02 8.5209997559e+02 8.5140002441e+02 8.5070001221e+02 8.5000000000e+02 8.4929998779e+02 8.4859997559e+02 8.4790002441e+02 8.4729998779e+02 8.4659997559e+02 8.4590002441e+02 8.4520001221e+02 8.4429998779e+02 8.4350000000e+02 8.4279998779e+02 8.4209997559e+02 8.4150000000e+02 8.4079998779e+02 8.4020001221e+02 8.3959997559e+02 8.3890002441e+02 8.3829998779e+02 8.3770001221e+02 8.3709997559e+02 8.3650000000e+02 8.3590002441e+02 8.3540002441e+02 8.3490002441e+02 8.3440002441e+02
8.6729998779e+02 8.6629998779e+02 8.6509997559e+02 8.6409997559e+02 8.6320001221e+02 8.6229998779e+02 8.6150000000e+02 8.6059997559e+02 8.5979998779e+02 8.5900000000e+02 8.5820001221e+02 8.5729998779e+02 8.5650000000e+02 8.5570001221e+02 8.5490002441e+02 8.5409997559e+02 8.5329998779e+02 8.5259997559e+02 8.5190002441e+02 8.5109997559e+02 8.5040002441e+02 8.4970001221e+02 8.4900000000e+02 8.4829998779e+02 8.4759997559e+02 8.4700000000e+02 8.4640002441e+02 8.4570001221e+02 8.4500000000e+02 8.4420001221e+02 8.4350000000e+02 8.4270001221e+02 8.4200000000e+02 8.4129998779e+02 8.4059997559e+02 8.4000000000e+02 8.3929998779e+02 8.3859997559e+02 8.3800000000e+02 8.3740002441e+02 8.3670001221e+02 8.3609997559e+02 8.3550000000e+02 8.3500000000e+02 8.3450000000e+02 8.3390002441e+02
8.6670001221e+02 8.6570001221e+02 8.6470001221e+02 8.6370001221e+02 8.6279998779e+02 8.6200000000e+02 8.6109997559e+02 8.6029998779e+02 8.5940002441e+02 8.5859997559e+02 8.5779998779e+02 8.5700000000e+02 8.5629998779e+02 8.5550000000e+02 8.5470001221e+02 8.5390002441e+02 8.5309997559e+02 8.5229998779e+02 8.5159997559e+02 8.5090002441e+02 8.5020001221e+02 8.4950000000e+02 8.4870001221e+02 8.4790002441e+02 8.4729998779e+02 8.4670001221e+02 8.4600000000e+02 8.4540002441e+02 8.4479998779e+02 8.4409997559e+02 8.4340002441e+02 8.4259997559e+02 8.4179998779e+02 8.4109997559e+02 8.4040002441e+02 8.3970001221e+02 8.3909997559e+02 8.3840002441e+02 8.3770001221e+02 8.3709997559e+02 8.3640002441e+02 8.3579998779e+02 8.3509997559e+02 8.3459997559e+02 8.3409997559e+02 8.3350000000e+02
8.6590002441e+02 8.6509997559e+02 8.6420001221e+02 8.6329998779e+02 8.6250000000e+02 8.6159997559e+02 8.6070001221e+02 8.5990002441e+02 8.5909997559e+02 8.5820001221e+02 8.5740002441e+02 8.5670001221e+02 8.5600000000e+02 8.5520001221e+02 8.5440002441e+02 8.5370001221e+02 8.5290002441e+02 8.5209997559e+02 8.5129998779e+02 8.5059997559e+02 8.5000000000e+02 8.4920001221e+02 8.4840002441e+02 8.4770001221e+02 8.4700000000e+02 8.4640002441e+02 8.4570001221e+02 8.4509997559e+02 8.4440002441e+02 8.4379998779e+02 8.4309997559e+02 8.4240002441e+02 8.4159997559e+02 8.4090002441e+02 8.4020001221e+02 8.3950000000e+02 8.3879998779e+02 8.3809997559e+02 8.3740002441e+02 8.3670001221e+02 8.3600000000e+02 8.3540002441e+02 8.3479998779e+02 8.3420001221e+02 8.3359997559e+02 8.3300000000e+02
8.6520001221e+02 8.6450000000e+02 8.6370001221e+02 8.6290002441e+02 8.6200000000e+02 8.6109997559e+02 8.6029998779e+02 8.5950000000e+02 8.5879998779e+02 8.5790002441e+02 8.5709997559e+02 8.5640002441e+02 8.5570001221e+02 8.5490002441e+02 8.5420001221e+02 8.5340002441e+02 8.5259997559e+02 8.5190002441e+02 8.5109997559e+02 8.5040002441e+02 8.4959997559e+02 8.4890002441e+02 8.4820001221e+02 8.4750000000e+02 8.4679998779e+02 8.4609997559e+02 8.4540002441e+02 8.4470001221e+02 8.4409997559e+02 8.4340002441e+02 8.4270001221e+02 8.4200000000e+02 8.4129998779e+02 8.4070001221e+02 8.4000000000e+02 8.3929998779e+02 8.3850000000e+02 8.3779998779e+02 8.3709997559e+02 8.3640002441e+02 8.3579998779e+02 8.3509997559e+02 8.3450000000e+02 8.3379998779e+02 8.3320001221e+02 8.3259997559e+02
8.6470001221e+02 8.6400000000e+02 8.6320001221e+02 8.6240002441e+02 8.6150000000e+02 8.6059997559e+02 8.5979998779e+02 8.5909997559e+02 8.5840002441e+02 8.5770001221e+02 8.5690002441e+02 8.5609997559e+02 8.5529998779e+02 8.5459997559e+02 8.5379998779e+02 8.5309997559e+02 8.5240002441e+02 8.5159997559e+02 8.5090002441e+02 8.5009997559e+02 8.4940002441e+02 8.4870001221e+02 8.4790002441e+02 8.4720001221e+02 8.4650000000e+02 8.4579998779e+02 8.4509997559e+02 8.4440002441e+02 8.4379998779e+02 8.4309997559e+02 8.4240002441e+02 8.4170001221e+02 8.4100000000e+02 8.4040002441e+02 8.3970001221e+02 8.3900000000e+02 8.3820001221e+02 8.3750000000e+02 8.3679998779e+02 8.3609997559e+02 8.3540002441e+02 8.3479998779e+02 8.3409997559e+02 8.3350000000e+02 8.3279998779e+02 8.3209997559e+02
8.6420001221e+02 8.6350000000e+02 8.6279998779e+02 8.6190002441e+02 8.6100000000e+02 8.6020001221e+02 8.5940002441e+02 8.5870001221e+02 8.5800000000e+02 8.5729998779e+02 8.5659997559e+02 8.5579998779e+02 8.5500000000e+02 8.5420001221e+02 8.5350000000e+02 8.5279998779e+02 8.5209997559e+02 8.5140002441e+02 8.5059997559e+02 8.4979998779e+02 8.4909997559e+02 8.4840002441e+02 8.4770001221e+02 8.4690002441e+02 8.4629998779e+02 8.4559997559e+02 8.4490002441e+02 8.4420001221e+02 8.4350000000e+02 8.4270001221e+02 8.4200000000e+02 8.4129998779e+02 8.4070001221e+02 8.4009997559e+02 8.3940002441e+02 8.3870001221e+02 8.3790002441e+02 8.3720001221e+02 8.3659997559e+02 8.3590002441e+02 8.3509997559e+02 8.3450000000e+02 8.3379998779e+02 8.3309997559e+02 8.3240002441e+02 8.3179998779e+02
8.6379998779e+02 8.6300000000e+02 8.6229998779e+02 8.6140002441e+02 8.6059997559e+02 8.5990002441e+02 8.5909997559e+02 8.5840002441e+02 8.5759997559e+02 8.5690002441e+02 8.5620001221e+02 8.5540002441e+02 8.5470001221e+02 8.5390002441e+02 8.5309997559e+02 8.5240002441e+02 8.5170001221e+02 8.5100000000e+02 8.5029998779e+02 8.4950000000e+02 8.4879998779e+02 8.4809997559e+02 8.4740002441e+02 8.4670001221e+02 8.4600000000e+02 8.4529998779e+02 8.4459997559e+02 8.4390002441e+02 8.4320001221e+02 8.4240002441e+02 8.4170001221e+02 8.4100000000e+02 8.4040002441e+02 8.3970001221e+02 8.3900000000e+02 8.3820001221e+02 8.3759997559e+02 8.3690002441e+02 8.3620001221e+02 8.3559997559e+02 8.3490002441e+02 8.3420001221e+02 8.3359997559e+02 8.3279998779e+02 8.3209997559e+02 8.3140002441e+02
