DGM_1M_UPPER_AUSTRIA/13/25.asc
NCOLS 100
NROWS 100
XLLCORNER 6.1450500000e+04
YLLCORNER 2.9278850000e+05
CELLSIZE 1.0000000000e+00
NODATA_VALUE -9.9990000000e+03
[rows 60 to 79 of 100, columns 0 to 45 of 100]
9.6459997559e+02 9.6470001221e+02 9.6490002441e+02 9.6509997559e+02 9.6540002441e+02 9.6570001221e+02 9.6609997559e+02 9.6640002441e+02 9.6650000000e+02 9.6659997559e+02 9.6659997559e+02 9.6670001221e+02 9.6679998779e+02 9.6679998779e+02 9.6700000000e+02 9.6720001221e+02 9.6750000000e+02 9.6790002441e+02 9.6829998779e+02 9.6850000000e+02 9.6870001221e+02 9.6879998779e+02 9.6900000000e+02 9.6920001221e+02 9.6940002441e+02 9.6959997559e+02 9.6979998779e+02 9.7000000000e+02 9.7009997559e+02 9.7020001221e+02 9.7050000000e+02 9.7070001221e+02 9.7100000000e+02 9.7120001221e+02 9.7129998779e+02 9.7140002441e+02 9.7159997559e+02 9.7170001221e+02 9.7190002441e+02 9.7200000000e+02 9.7220001221e+02 9.7250000000e+02 9.7270001221e+02 9.7279998779e+02 9.7300000000e+02 9.7320001221e+02
9.6450000000e+02 9.6459997559e+02 9.6479998779e+02 9.6509997559e+02 9.6529998779e+02 9.6559997559e+02 9.6590002441e+02 9.6620001221e+02 9.6650000000e+02 9.6659997559e+02 9.6670001221e+02 9.6679998779e+02 9.6679998779e+02 9.6690002441e+02 9.6700000000e+02 9.6700000000e+02 9.6729998779e+02 9.6759997559e+02 9.6800000000e+02 9.6829998779e+02 9.6850000000e+02 9.6870001221e+02 9.6890002441e+02 9.6900000000e+02 9.6920001221e+02 9.6950000000e+02 9.6970001221e+02 9.6990002441e+02 9.7000000000e+02 9.7009997559e+02 9.7029998779e+02 9.7050000000e+02 9.7070001221e+02 9.7090002441e+02 9.7109997559e+02 9.7120001221e+02 9.7140002441e+02 9.7150000000e+02 9.7170001221e+02 9.7190002441e+02 9.7209997559e+02 9.7229998779e+02 9.7250000000e+02 9.7270001221e+02 9.7290002441e+02 9.7300000000e+02
9.6429998779e+02 9.6450000000e+02 9.6470001221e+02 9.6490002441e+02 9.6529998779e+02 9.6559997559e+02 9.6570001221e+02 9.6600000000e+02 9.6640002441e+02 9.6659997559e+02 9.6670001221e+02 9.6679998779e+02 9.6679998779e+02 9.6690002441e+02 9.6700000000e+02 9.6700000000e+02 9.6709997559e+02 9.6729998779e+02 9.6759997559e+02 9.6800000000e+02 9.6829998779e+02 9.6850000000e+02 9.6870001221e+02 9.6890002441e+02 9.6909997559e+02 9.6929998779e+02 9.6950000000e+02 9.6970001221e+02 9.6979998779e+02 9.6990002441e+02 9.7020001221e+02 9.7040002441e+02 9.7050000000e+02 9.7070001221e+02 9.7090002441e+02 9.7100000000e+02 9.7120001221e+02 9.7140002441e+02 9.7159997559e+02 9.7179998779e+02 9.7200000000e+02 9.7220001221e+02 9.7240002441e+02 9.7259997559e+02 9.7279998779e+02 9.7290002441e+02
9.6420001221e+02 9.6440002441e+02 9.6459997559e+02 9.6479998779e+02 9.6509997559e+02 9.6540002441e+02 9.6550000000e+02 9.6579998779e+02 9.6609997559e+02 9.6640002441e+02 9.6670001221e+02 9.6679998779e+02 9.6690002441e+02 9.6700000000e+02 9.6700000000e+02 9.6709997559e+02 9.6709997559e+02 9.6720001221e+02 9.6740002441e+02 9.6759997559e+02 9.6800000000e+02 9.6820001221e+02 9.6840002441e+02 9.6859997559e+02 9.6879998779e+02 9.6909997559e+02 9.6929998779e+02 9.6950000000e+02 9.6959997559e+02 9.6979998779e+02 9.7000000000e+02 9.7009997559e+02 9.7040002441e+02 9.7050000000e+02 9.7070001221e+02 9.7090002441e+02 9.7100000000e+02 9.7120001221e+02 9.7150000000e+02 9.7170001221e+02 9.7190002441e+02 9.7200000000e+02 9.7220001221e+02 9.7240002441e+02 9.7270001221e+02 9.7279998779e+02
9.6420001221e+02 9.6429998779e+02 9.6450000000e+02 9.6459997559e+02 9.6479998779e+02 9.6509997559e+02 9.6540002441e+02 9.6559997559e+02 9.6579998779e+02 9.6620001221e+02 9.6650000000e+02 9.6670001221e+02 9.6679998779e+02 9.6700000000e+02 9.6709997559e+02 9.6709997559e+02 9.6720001221e+02 9.6729998779e+02 9.6729998779e+02 9.6750000000e+02 9.6770001221e+02 9.6790002441e+02 9.6809997559e+02 9.6840002441e+02 9.6859997559e+02 9.6879998779e+02 9.6900000000e+02 9.6920001221e+02 9.6940002441e+02 9.6959997559e+02 9.6979998779e+02 9.7000000000e+02 9.7020001221e+02 9.7040002441e+02 9.7050000000e+02 9.7070001221e+02 9.7090002441e+02 9.7109997559e+02 9.7140002441e+02 9.7150000000e+02 9.7170001221e+02 9.7190002441e+02 9.7209997559e+02 9.7229998779e+02 9.7250000000e+02 9.7270001221e+02
9.6409997559e+02 9.6429998779e+02 9.6429998779e+02 9.6440002441e+02 9.6470001221e+02 9.6490002441e+02 9.6520001221e+02 9.6540002441e+02 9.6570001221e+02 9.6600000000e+02 9.6629998779e+02 9.6650000000e+02 9.6670001221e+02 9.6690002441e+02 9.6700000000e+02 9.6709997559e+02 9.6720001221e+02 9.6729998779e+02 9.6729998779e+02 9.6750000000e+02 9.6750000000e+02 9.6770001221e+02 9.6790002441e+02 9.6809997559e+02 9.6840002441e+02 9.6859997559e+02 9.6890002441e+02 9.6900000000e+02 9.6920001221e+02 9.6950000000e+02 9.6970001221e+02 9.6979998779e+02 9.7000000000e+02 9.7020001221e+02 9.7040002441e+02 9.7059997559e+02 9.7079998779e+02 9.7100000000e+02 9.7120001221e+02 9.7140002441e+02 9.7159997559e+02 9.7179998779e+02 9.7200000000e+02 9.7220001221e+02 9.7240002441e+02 9.7250000000e+02
9.6400000000e+02 9.6420001221e+02 9.6429998779e+02 9.6440002441e+02 9.6459997559e+02 9.6479998779e+02 9.6500000000e+02 9.6520001221e+02 9.6550000000e+02 9.6579998779e+02 9.6609997559e+02 9.6629998779e+02 9.6650000000e+02 9.6670001221e+02 9.6690002441e+02 9.6709997559e+02 9.6720001221e+02 9.6729998779e+02 9.6740002441e+02 9.6750000000e+02 9.6750000000e+02 9.6770001221e+02 9.6779998779e+02 9.6790002441e+02 9.6820001221e+02 9.6840002441e+02 9.6870001221e+02 9.6890002441e+02 9.6909997559e+02 9.6929998779e+02 9.6950000000e+02 9.6970001221e+02 9.6990002441e+02 9.7009997559e+02 9.7029998779e+02 9.7050000000e+02 9.7070001221e+02 9.7090002441e+02 9.7100000000e+02 9.7120001221e+02 9.7140002441e+02 9.7170001221e+02 9.7190002441e+02 9.7200000000e+02 9.7220001221e+02 9.7240002441e+02
9.6379998779e+02 9.6400000000e+02 9.6420001221e+02 9.6429998779e+02 9.6450000000e+02 9.6470001221e+02 9.6490002441e+02 9.6509997559e+02 9.6529998779e+02 9.6550000000e+02 9.6579998779e+02 9.6600000000e+02 9.6620001221e+02 9.6640002441e+02 9.6659997559e+02 9.6690002441e+02 9.6720001221e+02 9.6729998779e+02 9.6740002441e+02 9.6750000000e+02 9.6750000000e+02 9.6759997559e+02 9.6770001221e+02 9.6790002441e+02 9.6809997559e+02 9.6829998779e+02 9.6850000000e+02 9.6870001221e+02 9.6890002441e+02 9.6920001221e+02 9.6940002441e+02 9.6950000000e+02 9.6970001221e+02 9.7000000000e+02 9.7020001221e+02 9.7040002441e+02 9.7050000000e+02 9.7070001221e+02 9.7090002441e+02 9.7109997559e+02 9.7129998779e+02 9.7150000000e+02 9.7170001221e+02 9.7190002441e+02 9.7209997559e+02 9.7220001221e+02
9.6359997559e+02 9.6379998779e+02 9.6400000000e+02 9.6420001221e+02 9.6440002441e+02 9.6459997559e+02 9.6470001221e+02 9.6490002441e+02 9.6509997559e+02 9.6529998779e+02 9.6550000000e+02 9.6579998779e+02 9.6600000000e+02 9.6620001221e+02 9.6640002441e+02 9.6670001221e+02 9.6690002441e+02 9.6720001221e+02 9.6740002441e+02 9.6750000000e+02 9.6759997559e+02 9.6759997559e+02 9.6770001221e+02 9.6779998779e+02 9.6800000000e+02 9.6820001221e+02 9.6840002441e+02 9.6859997559e+02 9.6879998779e+02 9.6900000000e+02 9.6920001221e+02 9.6940002441e+02 9.6959997559e+02 9.6979998779e+02 9.7000000000e+02 9.7020001221e+02 9.7040002441e+02 9.7050000000e+02 9.7070001221e+02 9.7090002441e+02 9.7109997559e+02 9.7140002441e+02 9.7150000000e+02 9.7170001221e+02 9.7190002441e+02 9.7209997559e+02
9.6340002441e+02 9.6359997559e+02 9.6370001221e+02 9.6390002441e+02 9.6409997559e+02 9.6440002441e+02 9.6450000000e+02 9.6470001221e+02 9.6490002441e+02 9.6509997559e+02 9.6529998779e+02 9.6559997559e+02 9.6590002441e+02 9.6609997559e+02 9.6620001221e+02 9.6650000000e+02 9.6670001221e+02 9.6700000000e+02 9.6729998779e+02 9.6750000000e+02 9.6759997559e+02 9.6759997559e+02 9.6770001221e+02 9.6779998779e+02 9.6790002441e+02 9.6809997559e+02 9.6829998779e+02 9.6850000000e+02 9.6870001221e+02 9.6890002441e+02 9.6909997559e+02 9.6929998779e+02 9.6950000000e+02 9.6970001221e+02 9.6990002441e+02 9.7000000000e+02 9.7020001221e+02 9.7040002441e+02 9.7059997559e+02 9.7079998779e+02 9.7100000000e+02 9.7120001221e+02 9.7140002441e+02 9.7159997559e+02 9.7179998779e+02 9.7190002441e+02
9.6320001221e+02 9.6340002441e+02 9.6359997559e+02 9.6370001221e+02 9.6379998779e+02 9.6409997559e+02 9.6429998779e+02 9.6450000000e+02 9.6470001221e+02 9.6490002441e+02 9.6520001221e+02 9.6550000000e+02 9.6579998779e+02 9.6600000000e+02 9.6620001221e+02 9.6629998779e+02 9.6659997559e+02 9.6679998779e+02 9.6709997559e+02 9.6740002441e+02 9.6750000000e+02 9.6759997559e+02 9.6759997559e+02 9.6770001221e+02 9.6790002441e+02 9.6800000000e+02 9.6820001221e+02 9.6840002441e+02 9.6850000000e+02 9.6870001221e+02 9.6890002441e+02 9.6909997559e+02 9.6929998779e+02 9.6950000000e+02 9.6970001221e+02 9.6990002441e+02 9.7009997559e+02 9.7020001221e+02 9.7040002441e+02 9.7059997559e+02 9.7090002441e+02 9.7100000000e+02 9.7120001221e+02 9.7140002441e+02 9.7159997559e+02 9.7179998779e+02
9.6309997559e+02 9.6329998779e+02 9.6340002441e+02 9.6359997559e+02 9.6370001221e+02 9.6400000000e+02 9.6420001221e+02 9.6440002441e+02 9.6450000000e+02 9.6479998779e+02 9.6500000000e+02 9.6529998779e+02 9.6559997559e+02 9.6590002441e+02 9.6600000000e+02 9.6620001221e+02 9.6640002441e+02 9.6670001221e+02 9.6690002441e+02 9.6720001221e+02 9.6740002441e+02 9.6750000000e+02 9.6759997559e+02 9.6770001221e+02 9.6779998779e+02 9.6790002441e+02 9.6809997559e+02 9.6820001221e+02 9.6840002441e+02 9.6850000000e+02 9.6870001221e+02 9.6900000000e+02 9.6920001221e+02 9.6940002441e+02 9.6950000000e+02 9.6970001221e+02 9.6990002441e+02 9.7009997559e+02 9.7029998779e+02 9.7050000000e+02 9.7070001221e+02 9.7090002441e+02 9.7109997559e+02 9.7120001221e+02 9.7140002441e+02 9.7159997559e+02
9.6290002441e+02 9.6320001221e+02 9.6329998779e+02 9.6350000000e+02 9.6359997559e+02 9.6379998779e+02 9.6409997559e+02 9.6429998779e+02 9.6450000000e+02 9.6459997559e+02 9.6479998779e+02 9.6520001221e+02 9.6550000000e+02 9.6570001221e+02 9.6590002441e+02 9.6609997559e+02 9.6640002441e+02 9.6659997559e+02 9.6679998779e+02 9.6709997559e+02 9.6729998779e+02 9.6750000000e+02 9.6750000000e+02 9.6759997559e+02 9.6770001221e+02 9.6779998779e+02 9.6800000000e+02 9.6809997559e+02 9.6820001221e+02 9.6840002441e+02 9.6859997559e+02 9.6879998779e+02 9.6900000000e+02 9.6920001221e+02 9.6940002441e+02 9.6959997559e+02 9.6979998779e+02 9.7000000000e+02 9.7020001221e+02 9.7040002441e+02 9.7050000000e+02 9.7070001221e+02 9.7090002441e+02 9.7109997559e+02 9.7129998779e+02 9.7140002441e+02
9.6279998779e+02 9.6309997559e+02 9.6320001221e+02 9.6329998779e+02 9.6340002441e+02 9.6359997559e+02 9.6379998779e+02 9.6409997559e+02 9.6429998779e+02 9.6450000000e+02 9.6470001221e+02 9.6500000000e+02 9.6529998779e+02 9.6559997559e+02 9.6579998779e+02 9.6600000000e+02 9.6620001221e+02 9.6650000000e+02 9.6670001221e+02 9.6690002441e+02 9.6709997559e+02 9.6729998779e+02 9.6750000000e+02 9.6750000000e+02 9.6759997559e+02 9.6770001221e+02 9.6779998779e+02 9.6800000000e+02 9.6809997559e+02 9.6829998779e+02 9.6850000000e+02 9.6870001221e+02 9.6890002441e+02 9.6900000000e+02 9.6920001221e+02 9.6940002441e+02 9.6959997559e+02 9.6979998779e+02 9.7000000000e+02 9.7020001221e+02 9.7040002441e+02 9.7059997559e+02 9.7079998779e+02 9.7100000000e+02 9.7109997559e+02 9.7129998779e+02
9.6270001221e+02 9.6290002441e+02 9.6300000000e+02 9.6309997559e+02 9.6320001221e+02 9.6340002441e+02 9.6370001221e+02 9.6390002441e+02 9.6409997559e+02 9.6429998779e+02 9.6459997559e+02 9.6490002441e+02 9.6509997559e+02 9.6540002441e+02 9.6559997559e+02 9.6579998779e+02 9.6609997559e+02 9.6640002441e+02 9.6659997559e+02 9.6679998779e+02 9.6700000000e+02 9.6720001221e+02 9.6729998779e+02 9.6750000000e+02 9.6759997559e+02 9.6770001221e+02 9.6779998779e+02 9.6790002441e+02 9.6800000000e+02 9.6820001221e+02 9.6840002441e+02 9.6850000000e+02 9.6870001221e+02 9.6890002441e+02 9.6909997559e+02 9.6929998779e+02 9.6940002441e+02 9.6959997559e+02 9.6990002441e+02 9.7000000000e+02 9.7020001221e+02 9.7040002441e+02 9.7059997559e+02 9.7079998779e+02 9.7100000000e+02 9.7120001221e+02
9.6240002441e+02 9.6270001221e+02 9.6279998779e+02 9.6290002441e+02 9.6309997559e+02 9.6329998779e+02 9.6350000000e+02 9.6370001221e+02 9.6390002441e+02 9.6400000000e+02 9.6429998779e+02 9.6470001221e+02 9.6500000000e+02 9.6520001221e+02 9.6540002441e+02 9.6570001221e+02 9.6600000000e+02 9.6629998779e+02 9.6650000000e+02 9.6670001221e+02 9.6700000000e+02 9.6709997559e+02 9.6720001221e+02 9.6729998779e+02 9.6750000000e+02 9.6759997559e+02 9.6770001221e+02 9.6779998779e+02 9.6800000000e+02 9.6809997559e+02 9.6820001221e+02 9.6840002441e+02 9.6859997559e+02 9.6879998779e+02 9.6890002441e+02 9.6909997559e+02 9.6929998779e+02 9.6950000000e+02 9.6970001221e+02 9.6990002441e+02 9.7009997559e+02 9.7029998779e+02 9.7050000000e+02 9.7070001221e+02 9.7079998779e+02 9.7100000000e+02
9.6229998779e+02 9.6250000000e+02 9.6259997559e+02 9.6270001221e+02 9.6290002441e+02 9.6309997559e+02 9.6329998779e+02 9.6350000000e+02 9.6359997559e+02 9.6390002441e+02 9.6420001221e+02 9.6450000000e+02 9.6479998779e+02 9.6509997559e+02 9.6529998779e+02 9.6559997559e+02 9.6590002441e+02 9.6629998779e+02 9.6650000000e+02 9.6670001221e+02 9.6690002441e+02 9.6700000000e+02 9.6709997559e+02 9.6720001221e+02 9.6729998779e+02 9.6750000000e+02 9.6759997559e+02 9.6770001221e+02 9.6779998779e+02 9.6800000000e+02 9.6809997559e+02 9.6829998779e+02 9.6840002441e+02 9.6859997559e+02 9.6879998779e+02 9.6890002441e+02 9.6909997559e+02 9.6929998779e+02 9.6950000000e+02 9.6970001221e+02 9.6990002441e+02 9.7009997559e+02 9.7029998779e+02 9.7050000000e+02 9.7070001221e+02 9.7090002441e+02
9.6209997559e+02 9.6229998779e+02 9.6250000000e+02 9.6259997559e+02 9.6270001221e+02 9.6279998779e+02 9.6309997559e+02 9.6329998779e+02 9.6350000000e+02 9.6370001221e+02 9.6400000000e+02 9.6429998779e+02 9.6459997559e+02 9.6490002441e+02 9.6509997559e+02 9.6540002441e+02 9.6579998779e+02 9.6609997559e+02 9.6640002441e+02 9.6670001221e+02 9.6679998779e+02 9.6700000000e+02 9.6709997559e+02 9.6709997559e+02 9.6720001221e+02 9.6729998779e+02 9.6750000000e+02 9.6759997559e+02 9.6770001221e+02 9.6779998779e+02 9.6800000000e+02 9.6809997559e+02 9.6829998779e+02 9.6840002441e+02 9.6859997559e+02 9.6879998779e+02 9.6890002441e+02 9.6909997559e+02 9.6929998779e+02 9.6950000000e+02 9.6970001221e+02 9.6990002441e+02 9.7009997559e+02 9.7029998779e+02 9.7050000000e+02 9.7070001221e+02
9.6190002441e+02 9.6209997559e+02 9.6229998779e+02 9.6240002441e+02 9.6250000000e+02 9.6270001221e+02 9.6290002441e+02 9.6309997559e+02 9.6340002441e+02 9.6359997559e+02 9.6390002441e+02 9.6409997559e+02 9.6440002441e+02 9.6470001221e+02 9.6490002441e+02 9.6520001221e+02 9.6550000000e+02 9.6579998779e+02 9.6609997559e+02 9.6650000000e+02 9.6670001221e+02 9.6690002441e+02 9.6709997559e+02 9.6709997559e+02 9.6720001221e+02 9.6729998779e+02 9.6729998779e+02 9.6750000000e+02 9.6759997559e+02 9.6770001221e+02 9.6779998779e+02 9.6800000000e+02 9.6820001221e+02 9.6829998779e+02 9.6840002441e+02 9.6859997559e+02 9.6870001221e+02 9.6890002441e+02 9.6909997559e+02 9.6940002441e+02 9.6959997559e+02 9.6979998779e+02 9.7000000000e+02 9.7020001221e+02 9.7040002441e+02 9.7050000000e+02
9.6170001221e+02 9.6190002441e+02 9.6209997559e+02 9.6220001221e+02 9.6240002441e+02 9.6250000000e+02 9.6270001221e+02 9.6290002441e+02 9.6320001221e+02 9.6340002441e+02 9.6370001221e+02 9.6390002441e+02 9.6420001221e+02 9.6440002441e+02 9.6459997559e+02 9.6490002441e+02 9.6520001221e+02 9.6550000000e+02 9.6590002441e+02 9.6629998779e+02 9.6659997559e+02 9.6690002441e+02 9.6720001221e+02 9.6729998779e+02 9.6720001221e+02 9.6720001221e+02 9.6729998779e+02 9.6729998779e+02 9.6750000000e+02 9.6759997559e+02 9.6770001221e+02 9.6779998779e+02 9.6800000000e+02 9.6809997559e+02 9.6829998779e+02 9.6840002441e+02 9.6859997559e+02 9.6870001221e+02 9.6900000000e+02 9.6920001221e+02 9.6940002441e+02 9.6959997559e+02 9.6979998779e+02 9.7000000000e+02 9.7020001221e+02 9.7040002441e+02
