DGM_1M_UPPER_AUSTRIA/13/25.asc
NCOLS 100
NROWS 100
XLLCORNER 6.1450500000e+04
YLLCORNER 2.9278850000e+05
CELLSIZE 1.0000000000e+00
NODATA_VALUE -9.9990000000e+03
[rows 60 to 79 of 100, columns 46 to 91 of 100]
9.7340002441e+02 9.7350000000e+02 9.7370001221e+02 9.7390002441e+02 9.7400000000e+02 9.7420001221e+02 9.7429998779e+02 9.7450000000e+02 9.7459997559e+02 9.7459997559e+02 9.7470001221e+02 9.7479998779e+02 9.7479998779e+02 9.7490002441e+02 9.7500000000e+02 9.7500000000e+02 9.7500000000e+02 9.7490002441e+02 9.7479998779e+02 9.7470001221e+02 9.7450000000e+02 9.7440002441e+02 9.7429998779e+02 9.7420001221e+02 9.7409997559e+02 9.7390002441e+02 9.7370001221e+02 9.7340002441e+02 9.7320001221e+02 9.7300000000e+02 9.7290002441e+02 9.7279998779e+02 9.7259997559e+02 9.7240002441e+02 9.7209997559e+02 9.7190002441e+02 9.7170001221e+02 9.7150000000e+02 9.7129998779e+02 9.7100000000e+02 9.7079998779e+02 9.7059997559e+02 9.7040002441e+02 9.7009997559e+02 9.6979998779e+02 9.6959997559e+02
9.7320001221e+02 9.7340002441e+02 9.7359997559e+02 9.7379998779e+02 9.7390002441e+02 9.7400000000e+02 9.7420001221e+02 9.7429998779e+02 9.7450000000e+02 9.7450000000e+02 9.7459997559e+02 9.7459997559e+02 9.7470001221e+02 9.7479998779e+02 9.7479998779e+02 9.7490002441e+02 9.7500000000e+02 9.7500000000e+02 9.7490002441e+02 9.7479998779e+02 9.7450000000e+02 9.7429998779e+02 9.7420001221e+02 9.7420001221e+02 9.7400000000e+02 9.7390002441e+02 9.7370001221e+02 9.7350000000e+02 9.7320001221e+02 9.7300000000e+02 9.7290002441e+02 9.7270001221e+02 9.7259997559e+02 9.7240002441e+02 9.7220001221e+02 9.7209997559e+02 9.7190002441e+02 9.7170001221e+02 9.7150000000e+02 9.7129998779e+02 9.7100000000e+02 9.7079998779e+02 9.7050000000e+02 9.7020001221e+02 9.6990002441e+02 9.6970001221e+02
9.7309997559e+02 9.7329998779e+02 9.7350000000e+02 9.7359997559e+02 9.7379998779e+02 9.7390002441e+02 9.7400000000e+02 9.7420001221e+02 9.7429998779e+02 9.7440002441e+02 9.7450000000e+02 9.7450000000e+02 9.7459997559e+02 9.7459997559e+02 9.7470001221e+02 9.7479998779e+02 9.7479998779e+02 9.7490002441e+02 9.7490002441e+02 9.7479998779e+02 9.7459997559e+02 9.7429998779e+02 9.7420001221e+02 9.7420001221e+02 9.7400000000e+02 9.7379998779e+02 9.7370001221e+02 9.7350000000e+02 9.7329998779e+02 9.7309997559e+02 9.7290002441e+02 9.7270001221e+02 9.7270001221e+02 9.7250000000e+02 9.7240002441e+02 9.7229998779e+02 9.7209997559e+02 9.7190002441e+02 9.7170001221e+02 9.7150000000e+02 9.7120001221e+02 9.7090002441e+02 9.7059997559e+02 9.7029998779e+02 9.7000000000e+02 9.6979998779e+02
9.7300000000e+02 9.7309997559e+02 9.7329998779e+02 9.7350000000e+02 9.7359997559e+02 9.7379998779e+02 9.7390002441e+02 9.7409997559e+02 9.7420001221e+02 9.7429998779e+02 9.7429998779e+02 9.7440002441e+02 9.7450000000e+02 9.7450000000e+02 9.7450000000e+02 9.7459997559e+02 9.7459997559e+02 9.7470001221e+02 9.7479998779e+02 9.7479998779e+02 9.7459997559e+02 9.7440002441e+02 9.7429998779e+02 9.7420001221e+02 9.7400000000e+02 9.7379998779e+02 9.7370001221e+02 9.7350000000e+02 9.7329998779e+02 9.7320001221e+02 9.7309997559e+02 9.7290002441e+02 9.7279998779e+02 9.7259997559e+02 9.7250000000e+02 9.7250000000e+02 9.7229998779e+02 9.7209997559e+02 9.7190002441e+02 9.7170001221e+02 9.7140002441e+02 9.7109997559e+02 9.7070001221e+02 9.7050000000e+02 9.7020001221e+02 9.6990002441e+02
9.7279998779e+02 9.7300000000e+02 9.7320001221e+02 9.7329998779e+02 9.7350000000e+02 9.7370001221e+02 9.7379998779e+02 9.7390002441e+02 9.7400000000e+02 9.7409997559e+02 9.7420001221e+02 9.7429998779e+02 9.7429998779e+02 9.7429998779e+02 9.7440002441e+02 9.7450000000e+02 9.7450000000e+02 9.7459997559e+02 9.7459997559e+02 9.7470001221e+02 9.7459997559e+02 9.7440002441e+02 9.7420001221e+02 9.7420001221e+02 9.7400000000e+02 9.7379998779e+02 9.7370001221e+02 9.7359997559e+02 9.7350000000e+02 9.7329998779e+02 9.7309997559e+02 9.7300000000e+02 9.7279998779e+02 9.7270001221e+02 9.7259997559e+02 9.7250000000e+02 9.7240002441e+02 9.7220001221e+02 9.7200000000e+02 9.7190002441e+02 9.7159997559e+02 9.7129998779e+02 9.7100000000e+02 9.7070001221e+02 9.7040002441e+02 9.7009997559e+02
9.7270001221e+02 9.7279998779e+02 9.7300000000e+02 9.7320001221e+02 9.7329998779e+02 9.7350000000e+02 9.7370001221e+02 9.7379998779e+02 9.7390002441e+02 9.7400000000e+02 9.7409997559e+02 9.7409997559e+02 9.7409997559e+02 9.7420001221e+02 9.7429998779e+02 9.7429998779e+02 9.7440002441e+02 9.7440002441e+02 9.7450000000e+02 9.7450000000e+02 9.7440002441e+02 9.7429998779e+02 9.7409997559e+02 9.7409997559e+02 9.7400000000e+02 9.7400000000e+02 9.7379998779e+02 9.7370001221e+02 9.7350000000e+02 9.7329998779e+02 9.7320001221e+02 9.7300000000e+02 9.7290002441e+02 9.7270001221e+02 9.7259997559e+02 9.7250000000e+02 9.7229998779e+02 9.7209997559e+02 9.7200000000e+02 9.7190002441e+02 9.7170001221e+02 9.7150000000e+02 9.7129998779e+02 9.7090002441e+02 9.7059997559e+02 9.7029998779e+02
9.7250000000e+02 9.7270001221e+02 9.7290002441e+02 9.7300000000e+02 9.7320001221e+02 9.7329998779e+02 9.7350000000e+02 9.7359997559e+02 9.7370001221e+02 9.7379998779e+02 9.7390002441e+02 9.7400000000e+02 9.7400000000e+02 9.7409997559e+02 9.7409997559e+02 9.7420001221e+02 9.7429998779e+02 9.7429998779e+02 9.7429998779e+02 9.7440002441e+02 9.7429998779e+02 9.7420001221e+02 9.7409997559e+02 9.7409997559e+02 9.7409997559e+02 9.7400000000e+02 9.7400000000e+02 9.7379998779e+02 9.7359997559e+02 9.7350000000e+02 9.7329998779e+02 9.7309997559e+02 9.7300000000e+02 9.7279998779e+02 9.7259997559e+02 9.7240002441e+02 9.7220001221e+02 9.7209997559e+02 9.7200000000e+02 9.7190002441e+02 9.7170001221e+02 9.7159997559e+02 9.7140002441e+02 9.7109997559e+02 9.7079998779e+02 9.7050000000e+02
9.7240002441e+02 9.7250000000e+02 9.7270001221e+02 9.7290002441e+02 9.7300000000e+02 9.7320001221e+02 9.7329998779e+02 9.7350000000e+02 9.7350000000e+02 9.7370001221e+02 9.7379998779e+02 9.7379998779e+02 9.7390002441e+02 9.7400000000e+02 9.7400000000e+02 9.7409997559e+02 9.7409997559e+02 9.7420001221e+02 9.7420001221e+02 9.7429998779e+02 9.7420001221e+02 9.7420001221e+02 9.7409997559e+02 9.7409997559e+02 9.7409997559e+02 9.7400000000e+02 9.7400000000e+02 9.7390002441e+02 9.7370001221e+02 9.7350000000e+02 9.7340002441e+02 9.7320001221e+02 9.7309997559e+02 9.7300000000e+02 9.7279998779e+02 9.7250000000e+02 9.7229998779e+02 9.7220001221e+02 9.7220001221e+02 9.7200000000e+02 9.7179998779e+02 9.7170001221e+02 9.7150000000e+02 9.7120001221e+02 9.7090002441e+02 9.7059997559e+02
9.7229998779e+02 9.7240002441e+02 9.7250000000e+02 9.7270001221e+02 9.7290002441e+02 9.7300000000e+02 9.7320001221e+02 9.7329998779e+02 9.7329998779e+02 9.7350000000e+02 9.7359997559e+02 9.7370001221e+02 9.7379998779e+02 9.7379998779e+02 9.7390002441e+02 9.7400000000e+02 9.7400000000e+02 9.7409997559e+02 9.7409997559e+02 9.7409997559e+02 9.7409997559e+02 9.7409997559e+02 9.7409997559e+02 9.7409997559e+02 9.7409997559e+02 9.7400000000e+02 9.7390002441e+02 9.7390002441e+02 9.7379998779e+02 9.7359997559e+02 9.7350000000e+02 9.7340002441e+02 9.7329998779e+02 9.7309997559e+02 9.7300000000e+02 9.7279998779e+02 9.7250000000e+02 9.7240002441e+02 9.7229998779e+02 9.7209997559e+02 9.7179998779e+02 9.7170001221e+02 9.7159997559e+02 9.7140002441e+02 9.7100000000e+02 9.7070001221e+02
9.7209997559e+02 9.7229998779e+02 9.7240002441e+02 9.7259997559e+02 9.7270001221e+02 9.7290002441e+02 9.7300000000e+02 9.7309997559e+02 9.7320001221e+02 9.7329998779e+02 9.7350000000e+02 9.7350000000e+02 9.7370001221e+02 9.7379998779e+02 9.7379998779e+02 9.7379998779e+02 9.7390002441e+02 9.7400000000e+02 9.7400000000e+02 9.7409997559e+02 9.7409997559e+02 9.7409997559e+02 9.7409997559e+02 9.7400000000e+02 9.7390002441e+02 9.7390002441e+02 9.7390002441e+02 9.7390002441e+02 9.7390002441e+02 9.7379998779e+02 9.7370001221e+02 9.7350000000e+02 9.7340002441e+02 9.7329998779e+02 9.7309997559e+02 9.7290002441e+02 9.7270001221e+02 9.7250000000e+02 9.7229998779e+02 9.7209997559e+02 9.7200000000e+02 9.7179998779e+02 9.7170001221e+02 9.7150000000e+02 9.7120001221e+02 9.7090002441e+02
9.7200000000e+02 9.7209997559e+02 9.7229998779e+02 9.7250000000e+02 9.7259997559e+02 9.7270001221e+02 9.7279998779e+02 9.7300000000e+02 9.7309997559e+02 9.7320001221e+02 9.7329998779e+02 9.7350000000e+02 9.7350000000e+02 9.7359997559e+02 9.7370001221e+02 9.7370001221e+02 9.7379998779e+02 9.7379998779e+02 9.7400000000e+02 9.7400000000e+02 9.7400000000e+02 9.7400000000e+02 9.7390002441e+02 9.7390002441e+02 9.7390002441e+02 9.7379998779e+02 9.7379998779e+02 9.7379998779e+02 9.7390002441e+02 9.7400000000e+02 9.7379998779e+02 9.7359997559e+02 9.7350000000e+02 9.7329998779e+02 9.7320001221e+02 9.7309997559e+02 9.7290002441e+02 9.7270001221e+02 9.7250000000e+02 9.7229998779e+02 9.7209997559e+02 9.7179998779e+02 9.7170001221e+02 9.7150000000e+02 9.7129998779e+02 9.7100000000e+02
9.7179998779e+02 9.7200000000e+02 9.7220001221e+02 9.7229998779e+02 9.7240002441e+02 9.7250000000e+02 9.7270001221e+02 9.7279998779e+02 9.7300000000e+02 9.7309997559e+02 9.7320001221e+02 9.7329998779e+02 9.7340002441e+02 9.7350000000e+02 9.7359997559e+02 9.7359997559e+02 9.7370001221e+02 9.7370001221e+02 9.7379998779e+02 9.7379998779e+02 9.7390002441e+02 9.7390002441e+02 9.7379998779e+02 9.7379998779e+02 9.7379998779e+02 9.7379998779e+02 9.7379998779e+02 9.7390002441e+02 9.7409997559e+02 9.7400000000e+02 9.7390002441e+02 9.7370001221e+02 9.7350000000e+02 9.7340002441e+02 9.7329998779e+02 9.7320001221e+02 9.7300000000e+02 9.7290002441e+02 9.7259997559e+02 9.7240002441e+02 9.7220001221e+02 9.7200000000e+02 9.7179998779e+02 9.7159997559e+02 9.7140002441e+02 9.7109997559e+02
9.7159997559e+02 9.7179998779e+02 9.7200000000e+02 9.7209997559e+02 9.7220001221e+02 9.7240002441e+02 9.7250000000e+02 9.7270001221e+02 9.7279998779e+02 9.7300000000e+02 9.7309997559e+02 9.7320001221e+02 9.7329998779e+02 9.7329998779e+02 9.7350000000e+02 9.7350000000e+02 9.7359997559e+02 9.7359997559e+02 9.7359997559e+02 9.7370001221e+02 9.7379998779e+02 9.7370001221e+02 9.7370001221e+02 9.7370001221e+02 9.7370001221e+02 9.7370001221e+02 9.7379998779e+02 9.7390002441e+02 9.7409997559e+02 9.7409997559e+02 9.7390002441e+02 9.7370001221e+02 9.7359997559e+02 9.7340002441e+02 9.7329998779e+02 9.7320001221e+02 9.7309997559e+02 9.7300000000e+02 9.7279998779e+02 9.7259997559e+02 9.7229998779e+02 9.7209997559e+02 9.7190002441e+02 9.7170001221e+02 9.7150000000e+02 9.7129998779e+02
9.7150000000e+02 9.7170001221e+02 9.7179998779e+02 9.7190002441e+02 9.7209997559e+02 9.7220001221e+02 9.7240002441e+02 9.7250000000e+02 9.7270001221e+02 9.7279998779e+02 9.7300000000e+02 9.7300000000e+02 9.7309997559e+02 9.7320001221e+02 9.7329998779e+02 9.7340002441e+02 9.7350000000e+02 9.7350000000e+02 9.7350000000e+02 9.7359997559e+02 9.7359997559e+02 9.7359997559e+02 9.7359997559e+02 9.7359997559e+02 9.7359997559e+02 9.7359997559e+02 9.7370001221e+02 9.7390002441e+02 9.7400000000e+02 9.7409997559e+02 9.7400000000e+02 9.7390002441e+02 9.7370001221e+02 9.7350000000e+02 9.7340002441e+02 9.7329998779e+02 9.7320001221e+02 9.7309997559e+02 9.7290002441e+02 9.7279998779e+02 9.7250000000e+02 9.7229998779e+02 9.7209997559e+02 9.7179998779e+02 9.7159997559e+02 9.7140002441e+02
9.7129998779e+02 9.7150000000e+02 9.7170001221e+02 9.7179998779e+02 9.7200000000e+02 9.7209997559e+02 9.7229998779e+02 9.7240002441e+02 9.7250000000e+02 9.7270001221e+02 9.7279998779e+02 9.7290002441e+02 9.7300000000e+02 9.7309997559e+02 9.7320001221e+02 9.7329998779e+02 9.7329998779e+02 9.7340002441e+02 9.7340002441e+02 9.7340002441e+02 9.7350000000e+02 9.7350000000e+02 9.7350000000e+02 9.7350000000e+02 9.7359997559e+02 9.7359997559e+02 9.7359997559e+02 9.7370001221e+02 9.7390002441e+02 9.7400000000e+02 9.7409997559e+02 9.7400000000e+02 9.7379998779e+02 9.7359997559e+02 9.7350000000e+02 9.7329998779e+02 9.7320001221e+02 9.7309997559e+02 9.7300000000e+02 9.7279998779e+02 9.7270001221e+02 9.7250000000e+02 9.7229998779e+02 9.7200000000e+02 9.7170001221e+02 9.7150000000e+02
9.7120001221e+02 9.7129998779e+02 9.7150000000e+02 9.7170001221e+02 9.7179998779e+02 9.7200000000e+02 9.7220001221e+02 9.7229998779e+02 9.7240002441e+02 9.7250000000e+02 9.7270001221e+02 9.7279998779e+02 9.7290002441e+02 9.7300000000e+02 9.7309997559e+02 9.7309997559e+02 9.7320001221e+02 9.7329998779e+02 9.7329998779e+02 9.7329998779e+02 9.7340002441e+02 9.7340002441e+02 9.7340002441e+02 9.7340002441e+02 9.7340002441e+02 9.7350000000e+02 9.7350000000e+02 9.7350000000e+02 9.7359997559e+02 9.7370001221e+02 9.7379998779e+02 9.7390002441e+02 9.7379998779e+02 9.7370001221e+02 9.7350000000e+02 9.7340002441e+02 9.7329998779e+02 9.7320001221e+02 9.7309997559e+02 9.7290002441e+02 9.7279998779e+02 9.7259997559e+02 9.7240002441e+02 9.7220001221e+02 9.7190002441e+02 9.7159997559e+02
9.7100000000e+02 9.7120001221e+02 9.7140002441e+02 9.7150000000e+02 9.7170001221e+02 9.7179998779e+02 9.7200000000e+02 9.7220001221e+02 9.7229998779e+02 9.7240002441e+02 9.7250000000e+02 9.7270001221e+02 9.7279998779e+02 9.7279998779e+02 9.7300000000e+02 9.7300000000e+02 9.7309997559e+02 9.7309997559e+02 9.7320001221e+02 9.7320001221e+02 9.7329998779e+02 9.7329998779e+02 9.7329998779e+02 9.7329998779e+02 9.7329998779e+02 9.7340002441e+02 9.7340002441e+02 9.7340002441e+02 9.7340002441e+02 9.7350000000e+02 9.7359997559e+02 9.7370001221e+02 9.7379998779e+02 9.7370001221e+02 9.7359997559e+02 9.7340002441e+02 9.7329998779e+02 9.7329998779e+02 9.7320001221e+02 9.7300000000e+02 9.7279998779e+02 9.7270001221e+02 9.7250000000e+02 9.7229998779e+02 9.7200000000e+02 9.7179998779e+02
9.7090002441e+02 9.7100000000e+02 9.7120001221e+02 9.7140002441e+02 9.7150000000e+02 9.7170001221e+02 9.7190002441e+02 9.7200000000e+02 9.7209997559e+02 9.7229998779e+02 9.7240002441e+02 9.7250000000e+02 9.7259997559e+02 9.7270001221e+02 9.7279998779e+02 9.7290002441e+02 9.7300000000e+02 9.7300000000e+02 9.7309997559e+02 9.7309997559e+02 9.7309997559e+02 9.7320001221e+02 9.7329998779e+02 9.7329998779e+02 9.7329998779e+02 9.7329998779e+02 9.7329998779e+02 9.7329998779e+02 9.7329998779e+02 9.7329998779e+02 9.7350000000e+02 9.7359997559e+02 9.7370001221e+02 9.7370001221e+02 9.7350000000e+02 9.7329998779e+02 9.7329998779e+02 9.7329998779e+02 9.7329998779e+02 9.7309997559e+02 9.7290002441e+02 9.7270001221e+02 9.7259997559e+02 9.7240002441e+02 9.7209997559e+02 9.7190002441e+02
9.7070001221e+02 9.7090002441e+02 9.7109997559e+02 9.7120001221e+02 9.7140002441e+02 9.7150000000e+02 9.7170001221e+02 9.7179998779e+02 9.7200000000e+02 9.7209997559e+02 9.7220001221e+02 9.7229998779e+02 9.7250000000e+02 9.7259997559e+02 9.7270001221e+02 9.7279998779e+02 9.7279998779e+02 9.7290002441e+02 9.7300000000e+02 9.7300000000e+02 9.7309997559e+02 9.7309997559e+02 9.7309997559e+02 9.7309997559e+02 9.7309997559e+02 9.7320001221e+02 9.7320001221e+02 9.7309997559e+02 9.7309997559e+02 9.7320001221e+02 9.7329998779e+02 9.7350000000e+02 9.7350000000e+02 9.7350000000e+02 9.7340002441e+02 9.7329998779e+02 9.7340002441e+02 9.7340002441e+02 9.7329998779e+02 9.7309997559e+02 9.7300000000e+02 9.7279998779e+02 9.7259997559e+02 9.7250000000e+02 9.7229998779e+02 9.7200000000e+02
9.7059997559e+02 9.7079998779e+02 9.7090002441e+02 9.7109997559e+02 9.7129998779e+02 9.7140002441e+02 9.7150000000e+02 9.7170001221e+02 9.7179998779e+02 9.7200000000e+02 9.7209997559e+02 9.7220001221e+02 9.7229998779e+02 9.7240002441e+02 9.7250000000e+02 9.7259997559e+02 9.7270001221e+02 9.7279998779e+02 9.7279998779e+02 9.7290002441e+02 9.7290002441e+02 9.7300000000e+02 9.7300000000e+02 9.7309997559e+02 9.7309997559e+02 9.7309997559e+02 9.7309997559e+02 9.7309997559e+02 9.7309997559e+02 9.7309997559e+02 9.7320001221e+02 9.7329998779e+02 9.7329998779e+02 9.7329998779e+02 9.7329998779e+02 9.7329998779e+02 9.7329998779e+02 9.7340002441e+02 9.7329998779e+02 9.7320001221e+02 9.7300000000e+02 9.7279998779e+02 9.7270001221e+02 9.7250000000e+02 9.7229998779e+02 9.7209997559e+02
