DGM_1M_UPPER_AUSTRIA/43/13.asc
NCOLS 100
NROWS 100
XLLCORNER 6.4450500000e+04
YLLCORNER 2.9398850000e+05
CELLSIZE 1.0000000000e+00
NODATA_VALUE -9.9990000000e+03
[rows 20 to 39 of 100, columns 46 to 91 of 100]
5.0789999390e+02 5.0760000610e+02 5.0760000610e+02 5.0760000610e+02 5.0750000000e+02 5.0729998779e+02 5.0710000610e+02 5.0710000610e+02 5.0710000610e+02 5.0710000610e+02 5.0710000610e+02 5.0710000610e+02 5.0720001221e+02 5.0739999390e+02 5.0750000000e+02 5.0739999390e+02 5.0739999390e+02 5.0729998779e+02 5.0729998779e+02 5.0729998779e+02 5.0729998779e+02 5.0729998779e+02 5.0729998779e+02 5.0729998779e+02 5.0729998779e+02 5.0729998779e+02 5.0729998779e+02 5.0739999390e+02 5.0750000000e+02 5.0779998779e+02 5.0800000000e+02 5.0829998779e+02 5.0889999390e+02 5.1010000610e+02 5.1079998779e+02 5.1110000610e+02 5.1100000000e+02 5.1089999390e+02 5.1100000000e+02 5.1129998779e+02 5.1160000610e+02 5.1170001221e+02 5.1179998779e+02 5.1189999390e+02 5.1200000000e+02 5.1200000000e+02
5.0820001221e+02 5.0779998779e+02 5.0760000610e+02 5.0760000610e+02 5.0750000000e+02 5.0739999390e+02 5.0720001221e+02 5.0710000610e+02 5.0710000610e+02 5.0710000610e+02 5.0710000610e+02 5.0710000610e+02 5.0720001221e+02 5.0739999390e+02 5.0750000000e+02 5.0750000000e+02 5.0750000000e+02 5.0739999390e+02 5.0729998779e+02 5.0729998779e+02 5.0729998779e+02 5.0729998779e+02 5.0729998779e+02 5.0729998779e+02 5.0729998779e+02 5.0729998779e+02 5.0729998779e+02 5.0729998779e+02 5.0739999390e+02 5.0770001221e+02 5.0800000000e+02 5.0829998779e+02 5.0900000000e+02 5.1010000610e+02 5.1079998779e+02 5.1070001221e+02 5.1039999390e+02 5.1020001221e+02 5.1029998779e+02 5.1060000610e+02 5.1110000610e+02 5.1139999390e+02 5.1170001221e+02 5.1200000000e+02 5.1209997559e+02 5.1209997559e+02
5.0860000610e+02 5.0810000610e+02 5.0779998779e+02 5.0760000610e+02 5.0750000000e+02 5.0739999390e+02 5.0720001221e+02 5.0720001221e+02 5.0710000610e+02 5.0710000610e+02 5.0710000610e+02 5.0720001221e+02 5.0720001221e+02 5.0729998779e+02 5.0739999390e+02 5.0750000000e+02 5.0750000000e+02 5.0739999390e+02 5.0739999390e+02 5.0729998779e+02 5.0729998779e+02 5.0729998779e+02 5.0729998779e+02 5.0729998779e+02 5.0729998779e+02 5.0729998779e+02 5.0729998779e+02 5.0729998779e+02 5.0739999390e+02 5.0760000610e+02 5.0779998779e+02 5.0820001221e+02 5.0889999390e+02 5.0979998779e+02 5.1050000000e+02 5.1029998779e+02 5.0970001221e+02 5.0939999390e+02 5.0939999390e+02 5.0979998779e+02 5.1029998779e+02 5.1079998779e+02 5.1129998779e+02 5.1179998779e+02 5.1209997559e+02 5.1209997559e+02
5.0920001221e+02 5.0860000610e+02 5.0810000610e+02 5.0779998779e+02 5.0760000610e+02 5.0750000000e+02 5.0729998779e+02 5.0720001221e+02 5.0720001221e+02 5.0720001221e+02 5.0720001221e+02 5.0720001221e+02 5.0720001221e+02 5.0729998779e+02 5.0739999390e+02 5.0750000000e+02 5.0750000000e+02 5.0750000000e+02 5.0750000000e+02 5.0739999390e+02 5.0729998779e+02 5.0729998779e+02 5.0729998779e+02 5.0729998779e+02 5.0729998779e+02 5.0739999390e+02 5.0739999390e+02 5.0739999390e+02 5.0739999390e+02 5.0750000000e+02 5.0760000610e+02 5.0800000000e+02 5.0850000000e+02 5.0929998779e+02 5.0979998779e+02 5.0960000610e+02 5.0910000610e+02 5.0879998779e+02 5.0879998779e+02 5.0910000610e+02 5.0950000000e+02 5.1000000000e+02 5.1060000610e+02 5.1120001221e+02 5.1170001221e+02 5.1200000000e+02
5.1000000000e+02 5.0920001221e+02 5.0860000610e+02 5.0800000000e+02 5.0770001221e+02 5.0760000610e+02 5.0739999390e+02 5.0729998779e+02 5.0720001221e+02 5.0720001221e+02 5.0720001221e+02 5.0720001221e+02 5.0729998779e+02 5.0729998779e+02 5.0739999390e+02 5.0750000000e+02 5.0750000000e+02 5.0760000610e+02 5.0760000610e+02 5.0750000000e+02 5.0739999390e+02 5.0739999390e+02 5.0739999390e+02 5.0739999390e+02 5.0739999390e+02 5.0739999390e+02 5.0739999390e+02 5.0739999390e+02 5.0739999390e+02 5.0750000000e+02 5.0750000000e+02 5.0770001221e+02 5.0800000000e+02 5.0850000000e+02 5.0879998779e+02 5.0879998779e+02 5.0860000610e+02 5.0839999390e+02 5.0839999390e+02 5.0870001221e+02 5.0889999390e+02 5.0929998779e+02 5.0979998779e+02 5.1050000000e+02 5.1120001221e+02 5.1170001221e+02
5.1170001221e+02 5.0989999390e+02 5.0920001221e+02 5.0839999390e+02 5.0789999390e+02 5.0760000610e+02 5.0750000000e+02 5.0729998779e+02 5.0720001221e+02 5.0720001221e+02 5.0720001221e+02 5.0720001221e+02 5.0729998779e+02 5.0729998779e+02 5.0729998779e+02 5.0739999390e+02 5.0750000000e+02 5.0770001221e+02 5.0770001221e+02 5.0760000610e+02 5.0750000000e+02 5.0739999390e+02 5.0739999390e+02 5.0739999390e+02 5.0739999390e+02 5.0739999390e+02 5.0739999390e+02 5.0739999390e+02 5.0750000000e+02 5.0750000000e+02 5.0750000000e+02 5.0750000000e+02 5.0770001221e+02 5.0800000000e+02 5.0829998779e+02 5.0839999390e+02 5.0839999390e+02 5.0829998779e+02 5.0829998779e+02 5.0839999390e+02 5.0860000610e+02 5.0879998779e+02 5.0910000610e+02 5.0979998779e+02 5.1050000000e+02 5.1129998779e+02
5.1500000000e+02 5.1179998779e+02 5.1000000000e+02 5.0920001221e+02 5.0829998779e+02 5.0779998779e+02 5.0750000000e+02 5.0739999390e+02 5.0720001221e+02 5.0720001221e+02 5.0720001221e+02 5.0720001221e+02 5.0720001221e+02 5.0720001221e+02 5.0720001221e+02 5.0729998779e+02 5.0750000000e+02 5.0760000610e+02 5.0770001221e+02 5.0770001221e+02 5.0750000000e+02 5.0739999390e+02 5.0739999390e+02 5.0739999390e+02 5.0739999390e+02 5.0739999390e+02 5.0750000000e+02 5.0750000000e+02 5.0750000000e+02 5.0750000000e+02 5.0750000000e+02 5.0750000000e+02 5.0760000610e+02 5.0789999390e+02 5.0829998779e+02 5.0829998779e+02 5.0829998779e+02 5.0829998779e+02 5.0829998779e+02 5.0829998779e+02 5.0839999390e+02 5.0839999390e+02 5.0870001221e+02 5.0920001221e+02 5.0989999390e+02 5.1079998779e+02
5.1859997559e+02 5.1520001221e+02 5.1270001221e+02 5.1120001221e+02 5.0920001221e+02 5.0810000610e+02 5.0770001221e+02 5.0739999390e+02 5.0729998779e+02 5.0729998779e+02 5.0729998779e+02 5.0729998779e+02 5.0729998779e+02 5.0720001221e+02 5.0720001221e+02 5.0729998779e+02 5.0739999390e+02 5.0750000000e+02 5.0770001221e+02 5.0770001221e+02 5.0770001221e+02 5.0750000000e+02 5.0739999390e+02 5.0739999390e+02 5.0750000000e+02 5.0750000000e+02 5.0750000000e+02 5.0750000000e+02 5.0750000000e+02 5.0750000000e+02 5.0750000000e+02 5.0750000000e+02 5.0760000610e+02 5.0789999390e+02 5.0820001221e+02 5.0829998779e+02 5.0839999390e+02 5.0829998779e+02 5.0829998779e+02 5.0829998779e+02 5.0829998779e+02 5.0829998779e+02 5.0850000000e+02 5.0879998779e+02 5.0939999390e+02 5.1020001221e+02
5.2140002441e+02 5.1940002441e+02 5.1729998779e+02 5.1450000000e+02 5.1070001221e+02 5.0850000000e+02 5.0800000000e+02 5.0760000610e+02 5.0729998779e+02 5.0729998779e+02 5.0729998779e+02 5.0729998779e+02 5.0729998779e+02 5.0729998779e+02 5.0729998779e+02 5.0729998779e+02 5.0729998779e+02 5.0739999390e+02 5.0760000610e+02 5.0770001221e+02 5.0770001221e+02 5.0760000610e+02 5.0750000000e+02 5.0750000000e+02 5.0750000000e+02 5.0750000000e+02 5.0750000000e+02 5.0750000000e+02 5.0750000000e+02 5.0750000000e+02 5.0750000000e+02 5.0750000000e+02 5.0760000610e+02 5.0779998779e+02 5.0800000000e+02 5.0829998779e+02 5.0839999390e+02 5.0839999390e+02 5.0839999390e+02 5.0839999390e+02 5.0829998779e+02 5.0839999390e+02 5.0839999390e+02 5.0850000000e+02 5.0900000000e+02 5.0970001221e+02
5.2350000000e+02 5.2240002441e+02 5.2109997559e+02 5.1829998779e+02 5.1379998779e+02 5.1029998779e+02 5.0860000610e+02 5.0800000000e+02 5.0770001221e+02 5.0750000000e+02 5.0739999390e+02 5.0729998779e+02 5.0729998779e+02 5.0729998779e+02 5.0729998779e+02 5.0729998779e+02 5.0729998779e+02 5.0739999390e+02 5.0739999390e+02 5.0750000000e+02 5.0770001221e+02 5.0770001221e+02 5.0760000610e+02 5.0760000610e+02 5.0750000000e+02 5.0750000000e+02 5.0750000000e+02 5.0750000000e+02 5.0750000000e+02 5.0750000000e+02 5.0760000610e+02 5.0760000610e+02 5.0760000610e+02 5.0770001221e+02 5.0789999390e+02 5.0820001221e+02 5.0829998779e+02 5.0839999390e+02 5.0839999390e+02 5.0839999390e+02 5.0839999390e+02 5.0839999390e+02 5.0839999390e+02 5.0850000000e+02 5.0870001221e+02 5.0920001221e+02
5.2509997559e+02 5.2420001221e+02 5.2320001221e+02 5.2109997559e+02 5.1750000000e+02 5.1350000000e+02 5.1010000610e+02 5.0889999390e+02 5.0850000000e+02 5.0829998779e+02 5.0800000000e+02 5.0750000000e+02 5.0729998779e+02 5.0720001221e+02 5.0720001221e+02 5.0729998779e+02 5.0729998779e+02 5.0739999390e+02 5.0739999390e+02 5.0750000000e+02 5.0760000610e+02 5.0770001221e+02 5.0770001221e+02 5.0770001221e+02 5.0760000610e+02 5.0760000610e+02 5.0760000610e+02 5.0760000610e+02 5.0760000610e+02 5.0760000610e+02 5.0760000610e+02 5.0760000610e+02 5.0760000610e+02 5.0770001221e+02 5.0779998779e+02 5.0800000000e+02 5.0829998779e+02 5.0839999390e+02 5.0850000000e+02 5.0839999390e+02 5.0850000000e+02 5.0850000000e+02 5.0850000000e+02 5.0850000000e+02 5.0850000000e+02 5.0870001221e+02
5.2640002441e+02 5.2570001221e+02 5.2450000000e+02 5.2270001221e+02 5.2029998779e+02 5.1659997559e+02 5.1240002441e+02 5.1029998779e+02 5.0970001221e+02 5.0929998779e+02 5.0879998779e+02 5.0789999390e+02 5.0739999390e+02 5.0720001221e+02 5.0720001221e+02 5.0729998779e+02 5.0729998779e+02 5.0739999390e+02 5.0739999390e+02 5.0750000000e+02 5.0760000610e+02 5.0779998779e+02 5.0779998779e+02 5.0779998779e+02 5.0770001221e+02 5.0770001221e+02 5.0770001221e+02 5.0760000610e+02 5.0760000610e+02 5.0760000610e+02 5.0770001221e+02 5.0770001221e+02 5.0770001221e+02 5.0770001221e+02 5.0779998779e+02 5.0789999390e+02 5.0800000000e+02 5.0829998779e+02 5.0839999390e+02 5.0850000000e+02 5.0860000610e+02 5.0860000610e+02 5.0860000610e+02 5.0860000610e+02 5.0860000610e+02 5.0850000000e+02
5.2740002441e+02 5.2679998779e+02 5.2550000000e+02 5.2390002441e+02 5.2200000000e+02 5.1909997559e+02 5.1540002441e+02 5.1270001221e+02 5.1150000000e+02 5.1050000000e+02 5.0960000610e+02 5.0860000610e+02 5.0770001221e+02 5.0729998779e+02 5.0729998779e+02 5.0729998779e+02 5.0729998779e+02 5.0739999390e+02 5.0739999390e+02 5.0750000000e+02 5.0760000610e+02 5.0770001221e+02 5.0779998779e+02 5.0789999390e+02 5.0779998779e+02 5.0779998779e+02 5.0779998779e+02 5.0770001221e+02 5.0760000610e+02 5.0760000610e+02 5.0770001221e+02 5.0770001221e+02 5.0770001221e+02 5.0779998779e+02 5.0779998779e+02 5.0779998779e+02 5.0789999390e+02 5.0810000610e+02 5.0829998779e+02 5.0850000000e+02 5.0860000610e+02 5.0860000610e+02 5.0870001221e+02 5.0879998779e+02 5.0870001221e+02 5.0860000610e+02
5.2809997559e+02 5.2740002441e+02 5.2620001221e+02 5.2470001221e+02 5.2309997559e+02 5.2079998779e+02 5.1779998779e+02 5.1509997559e+02 5.1379998779e+02 5.1259997559e+02 5.1129998779e+02 5.0979998779e+02 5.0879998779e+02 5.0789999390e+02 5.0729998779e+02 5.0729998779e+02 5.0729998779e+02 5.0739999390e+02 5.0739999390e+02 5.0739999390e+02 5.0750000000e+02 5.0760000610e+02 5.0770001221e+02 5.0779998779e+02 5.0779998779e+02 5.0789999390e+02 5.0789999390e+02 5.0779998779e+02 5.0770001221e+02 5.0770001221e+02 5.0770001221e+02 5.0770001221e+02 5.0779998779e+02 5.0779998779e+02 5.0779998779e+02 5.0779998779e+02 5.0779998779e+02 5.0800000000e+02 5.0820001221e+02 5.0850000000e+02 5.0850000000e+02 5.0860000610e+02 5.0870001221e+02 5.0879998779e+02 5.0879998779e+02 5.0870001221e+02
5.2859997559e+02 5.2800000000e+02 5.2700000000e+02 5.2559997559e+02 5.2409997559e+02 5.2200000000e+02 5.1940002441e+02 5.1700000000e+02 5.1590002441e+02 5.1529998779e+02 5.1429998779e+02 5.1300000000e+02 5.1160000610e+02 5.0910000610e+02 5.0729998779e+02 5.0729998779e+02 5.0729998779e+02 5.0739999390e+02 5.0739999390e+02 5.0739999390e+02 5.0739999390e+02 5.0750000000e+02 5.0760000610e+02 5.0779998779e+02 5.0779998779e+02 5.0789999390e+02 5.0789999390e+02 5.0789999390e+02 5.0779998779e+02 5.0779998779e+02 5.0770001221e+02 5.0779998779e+02 5.0779998779e+02 5.0779998779e+02 5.0779998779e+02 5.0779998779e+02 5.0779998779e+02 5.0789999390e+02 5.0800000000e+02 5.0820001221e+02 5.0829998779e+02 5.0850000000e+02 5.0870001221e+02 5.0879998779e+02 5.0879998779e+02 5.0879998779e+02
5.2909997559e+02 5.2870001221e+02 5.2800000000e+02 5.2679998779e+02 5.2520001221e+02 5.2329998779e+02 5.2140002441e+02 5.1970001221e+02 5.1840002441e+02 5.1750000000e+02 5.1690002441e+02 5.1609997559e+02 5.1470001221e+02 5.1209997559e+02 5.0910000610e+02 5.0760000610e+02 5.0729998779e+02 5.0729998779e+02 5.0729998779e+02 5.0739999390e+02 5.0739999390e+02 5.0750000000e+02 5.0760000610e+02 5.0770001221e+02 5.0779998779e+02 5.0789999390e+02 5.0789999390e+02 5.0789999390e+02 5.0789999390e+02 5.0789999390e+02 5.0779998779e+02 5.0779998779e+02 5.0779998779e+02 5.0779998779e+02 5.0779998779e+02 5.0779998779e+02 5.0779998779e+02 5.0789999390e+02 5.0789999390e+02 5.0800000000e+02 5.0810000610e+02 5.0829998779e+02 5.0850000000e+02 5.0870001221e+02 5.0870001221e+02 5.0879998779e+02
5.2979998779e+02 5.2940002441e+02 5.2890002441e+02 5.2790002441e+02 5.2650000000e+02 5.2490002441e+02 5.2359997559e+02 5.2250000000e+02 5.2100000000e+02 5.1959997559e+02 5.1870001221e+02 5.1759997559e+02 5.1659997559e+02 5.1479998779e+02 5.1179998779e+02 5.0879998779e+02 5.0750000000e+02 5.0729998779e+02 5.0729998779e+02 5.0739999390e+02 5.0739999390e+02 5.0739999390e+02 5.0750000000e+02 5.0760000610e+02 5.0770001221e+02 5.0779998779e+02 5.0789999390e+02 5.0789999390e+02 5.0800000000e+02 5.0800000000e+02 5.0789999390e+02 5.0779998779e+02 5.0779998779e+02 5.0779998779e+02 5.0779998779e+02 5.0789999390e+02 5.0789999390e+02 5.0789999390e+02 5.0789999390e+02 5.0800000000e+02 5.0800000000e+02 5.0810000610e+02 5.0820001221e+02 5.0839999390e+02 5.0860000610e+02 5.0870001221e+02
5.3050000000e+02 5.3009997559e+02 5.2970001221e+02 5.2890002441e+02 5.2770001221e+02 5.2640002441e+02 5.2529998779e+02 5.2420001221e+02 5.2300000000e+02 5.2159997559e+02 5.2000000000e+02 5.1850000000e+02 5.1729998779e+02 5.1609997559e+02 5.1440002441e+02 5.1179998779e+02 5.0889999390e+02 5.0750000000e+02 5.0739999390e+02 5.0739999390e+02 5.0739999390e+02 5.0739999390e+02 5.0739999390e+02 5.0750000000e+02 5.0760000610e+02 5.0779998779e+02 5.0779998779e+02 5.0789999390e+02 5.0789999390e+02 5.0800000000e+02 5.0800000000e+02 5.0789999390e+02 5.0789999390e+02 5.0789999390e+02 5.0789999390e+02 5.0789999390e+02 5.0789999390e+02 5.0789999390e+02 5.0789999390e+02 5.0800000000e+02 5.0800000000e+02 5.0800000000e+02 5.0810000610e+02 5.0820001221e+02 5.0839999390e+02 5.0850000000e+02
5.3120001221e+02 5.3079998779e+02 5.3029998779e+02 5.2970001221e+02 5.2870001221e+02 5.2750000000e+02 5.2640002441e+02 5.2550000000e+02 5.2459997559e+02 5.2320001221e+02 5.2140002441e+02 5.1940002441e+02 5.1790002441e+02 5.1709997559e+02 5.1650000000e+02 5.1459997559e+02 5.1060000610e+02 5.0779998779e+02 5.0750000000e+02 5.0750000000e+02 5.0739999390e+02 5.0739999390e+02 5.0729998779e+02 5.0739999390e+02 5.0750000000e+02 5.0770001221e+02 5.0779998779e+02 5.0789999390e+02 5.0800000000e+02 5.0810000610e+02 5.0810000610e+02 5.0800000000e+02 5.0800000000e+02 5.0789999390e+02 5.0789999390e+02 5.0789999390e+02 5.0800000000e+02 5.0800000000e+02 5.0800000000e+02 5.0800000000e+02 5.0800000000e+02 5.0800000000e+02 5.0810000610e+02 5.0810000610e+02 5.0820001221e+02 5.0829998779e+02
5.3179998779e+02 5.3150000000e+02 5.3100000000e+02 5.3050000000e+02 5.2979998779e+02 5.2870001221e+02 5.2759997559e+02 5.2679998779e+02 5.2600000000e+02 5.2490002441e+02 5.2290002441e+02 5.2050000000e+02 5.1879998779e+02 5.1820001221e+02 5.1779998779e+02 5.1620001221e+02 5.1220001221e+02 5.0870001221e+02 5.0810000610e+02 5.0770001221e+02 5.0750000000e+02 5.0739999390e+02 5.0729998779e+02 5.0729998779e+02 5.0739999390e+02 5.0750000000e+02 5.0770001221e+02 5.0789999390e+02 5.0789999390e+02 5.0800000000e+02 5.0810000610e+02 5.0810000610e+02 5.0800000000e+02 5.0800000000e+02 5.0800000000e+02 5.0800000000e+02 5.0800000000e+02 5.0800000000e+02 5.0800000000e+02 5.0800000000e+02 5.0810000610e+02 5.0810000610e+02 5.0810000610e+02 5.0810000610e+02 5.0810000610e+02 5.0810000610e+02
