DGM_1M_UPPER_AUSTRIA/43/13.asc
NCOLS 100
NROWS 100
XLLCORNER 6.4450500000e+04
YLLCORNER 2.9398850000e+05
CELLSIZE 1.0000000000e+00
NODATA_VALUE -9.9990000000e+03
[rows 60 to 79 of 100, columns 0 to 45 of 100]
5.3320001221e+02 5.3320001221e+02 5.3329998779e+02 5.3329998779e+02 5.3329998779e+02 5.3340002441e+02 5.3350000000e+02 5.3350000000e+02 5.3359997559e+02 5.3379998779e+02 5.3400000000e+02 5.3420001221e+02 5.3459997559e+02 5.3509997559e+02 5.3570001221e+02 5.3640002441e+02 5.3679998779e+02 5.3720001221e+02 5.3770001221e+02 5.3809997559e+02 5.3859997559e+02 5.3909997559e+02 5.3950000000e+02 5.3979998779e+02 5.4020001221e+02 5.4059997559e+02 5.4109997559e+02 5.4150000000e+02 5.4179998779e+02 5.4220001221e+02 5.4270001221e+02 5.4320001221e+02 5.4370001221e+02 5.4429998779e+02 5.4479998779e+02 5.4529998779e+02 5.4579998779e+02 5.4620001221e+02 5.4640002441e+02 5.4650000000e+02 5.4650000000e+02 5.4629998779e+02 5.4600000000e+02 5.4550000000e+02 5.4459997559e+02 5.4279998779e+02
5.3329998779e+02 5.3329998779e+02 5.3329998779e+02 5.3329998779e+02 5.3340002441e+02 5.3350000000e+02 5.3359997559e+02 5.3379998779e+02 5.3390002441e+02 5.3409997559e+02 5.3440002441e+02 5.3490002441e+02 5.3540002441e+02 5.3590002441e+02 5.3659997559e+02 5.3729998779e+02 5.3759997559e+02 5.3809997559e+02 5.3840002441e+02 5.3879998779e+02 5.3920001221e+02 5.3959997559e+02 5.4000000000e+02 5.4040002441e+02 5.4079998779e+02 5.4129998779e+02 5.4170001221e+02 5.4209997559e+02 5.4250000000e+02 5.4290002441e+02 5.4340002441e+02 5.4400000000e+02 5.4459997559e+02 5.4529998779e+02 5.4590002441e+02 5.4640002441e+02 5.4690002441e+02 5.4740002441e+02 5.4759997559e+02 5.4759997559e+02 5.4740002441e+02 5.4709997559e+02 5.4670001221e+02 5.4620001221e+02 5.4529998779e+02 5.4350000000e+02
5.3350000000e+02 5.3350000000e+02 5.3350000000e+02 5.3350000000e+02 5.3350000000e+02 5.3370001221e+02 5.3390002441e+02 5.3409997559e+02 5.3429998779e+02 5.3470001221e+02 5.3520001221e+02 5.3570001221e+02 5.3629998779e+02 5.3679998779e+02 5.3729998779e+02 5.3779998779e+02 5.3829998779e+02 5.3870001221e+02 5.3909997559e+02 5.3940002441e+02 5.3979998779e+02 5.4029998779e+02 5.4070001221e+02 5.4109997559e+02 5.4150000000e+02 5.4200000000e+02 5.4240002441e+02 5.4290002441e+02 5.4329998779e+02 5.4370001221e+02 5.4429998779e+02 5.4490002441e+02 5.4559997559e+02 5.4620001221e+02 5.4690002441e+02 5.4750000000e+02 5.4820001221e+02 5.4859997559e+02 5.4879998779e+02 5.4870001221e+02 5.4829998779e+02 5.4770001221e+02 5.4720001221e+02 5.4659997559e+02 5.4559997559e+02 5.4379998779e+02
5.3379998779e+02 5.3379998779e+02 5.3379998779e+02 5.3379998779e+02 5.3390002441e+02 5.3400000000e+02 5.3429998779e+02 5.3450000000e+02 5.3490002441e+02 5.3550000000e+02 5.3609997559e+02 5.3650000000e+02 5.3700000000e+02 5.3750000000e+02 5.3790002441e+02 5.3840002441e+02 5.3879998779e+02 5.3929998779e+02 5.3970001221e+02 5.4000000000e+02 5.4050000000e+02 5.4100000000e+02 5.4140002441e+02 5.4170001221e+02 5.4209997559e+02 5.4259997559e+02 5.4309997559e+02 5.4350000000e+02 5.4400000000e+02 5.4450000000e+02 5.4509997559e+02 5.4579998779e+02 5.4640002441e+02 5.4709997559e+02 5.4790002441e+02 5.4870001221e+02 5.4929998779e+02 5.4970001221e+02 5.4970001221e+02 5.4950000000e+02 5.4900000000e+02 5.4829998779e+02 5.4750000000e+02 5.4659997559e+02 5.4520001221e+02 5.4320001221e+02
5.3409997559e+02 5.3420001221e+02 5.3420001221e+02 5.3420001221e+02 5.3429998779e+02 5.3450000000e+02 5.3479998779e+02 5.3509997559e+02 5.3570001221e+02 5.3629998779e+02 5.3679998779e+02 5.3720001221e+02 5.3759997559e+02 5.3809997559e+02 5.3850000000e+02 5.3900000000e+02 5.3940002441e+02 5.3979998779e+02 5.4029998779e+02 5.4059997559e+02 5.4109997559e+02 5.4150000000e+02 5.4190002441e+02 5.4229998779e+02 5.4270001221e+02 5.4320001221e+02 5.4359997559e+02 5.4409997559e+02 5.4459997559e+02 5.4520001221e+02 5.4590002441e+02 5.4659997559e+02 5.4720001221e+02 5.4790002441e+02 5.4870001221e+02 5.4950000000e+02 5.5020001221e+02 5.5050000000e+02 5.5040002441e+02 5.5000000000e+02 5.4950000000e+02 5.4870001221e+02 5.4779998779e+02 5.4659997559e+02 5.4479998779e+02 5.4270001221e+02
5.3459997559e+02 5.3470001221e+02 5.3470001221e+02 5.3470001221e+02 5.3479998779e+02 5.3509997559e+02 5.3540002441e+02 5.3579998779e+02 5.3629998779e+02 5.3690002441e+02 5.3740002441e+02 5.3779998779e+02 5.3820001221e+02 5.3859997559e+02 5.3909997559e+02 5.3950000000e+02 5.3990002441e+02 5.4029998779e+02 5.4070001221e+02 5.4109997559e+02 5.4150000000e+02 5.4200000000e+02 5.4240002441e+02 5.4279998779e+02 5.4320001221e+02 5.4370001221e+02 5.4420001221e+02 5.4470001221e+02 5.4529998779e+02 5.4600000000e+02 5.4670001221e+02 5.4729998779e+02 5.4800000000e+02 5.4859997559e+02 5.4929998779e+02 5.5009997559e+02 5.5079998779e+02 5.5120001221e+02 5.5100000000e+02 5.5040002441e+02 5.4970001221e+02 5.4879998779e+02 5.4800000000e+02 5.4679998779e+02 5.4500000000e+02 5.4279998779e+02
5.3500000000e+02 5.3500000000e+02 5.3520001221e+02 5.3529998779e+02 5.3540002441e+02 5.3570001221e+02 5.3600000000e+02 5.3640002441e+02 5.3679998779e+02 5.3740002441e+02 5.3790002441e+02 5.3820001221e+02 5.3850000000e+02 5.3900000000e+02 5.3950000000e+02 5.4000000000e+02 5.4040002441e+02 5.4070001221e+02 5.4120001221e+02 5.4159997559e+02 5.4200000000e+02 5.4250000000e+02 5.4290002441e+02 5.4320001221e+02 5.4359997559e+02 5.4409997559e+02 5.4470001221e+02 5.4529998779e+02 5.4590002441e+02 5.4670001221e+02 5.4740002441e+02 5.4800000000e+02 5.4859997559e+02 5.4929998779e+02 5.5000000000e+02 5.5070001221e+02 5.5140002441e+02 5.5170001221e+02 5.5140002441e+02 5.5059997559e+02 5.4979998779e+02 5.4879998779e+02 5.4790002441e+02 5.4679998779e+02 5.4520001221e+02 5.4309997559e+02
5.3550000000e+02 5.3559997559e+02 5.3570001221e+02 5.3590002441e+02 5.3600000000e+02 5.3620001221e+02 5.3650000000e+02 5.3679998779e+02 5.3720001221e+02 5.3779998779e+02 5.3820001221e+02 5.3850000000e+02 5.3890002441e+02 5.3940002441e+02 5.3990002441e+02 5.4040002441e+02 5.4079998779e+02 5.4109997559e+02 5.4150000000e+02 5.4200000000e+02 5.4240002441e+02 5.4290002441e+02 5.4329998779e+02 5.4370001221e+02 5.4409997559e+02 5.4459997559e+02 5.4520001221e+02 5.4590002441e+02 5.4659997559e+02 5.4740002441e+02 5.4820001221e+02 5.4879998779e+02 5.4940002441e+02 5.5000000000e+02 5.5059997559e+02 5.5129998779e+02 5.5179998779e+02 5.5190002441e+02 5.5150000000e+02 5.5070001221e+02 5.4970001221e+02 5.4870001221e+02 5.4770001221e+02 5.4659997559e+02 5.4529998779e+02 5.4350000000e+02
5.3629998779e+02 5.3629998779e+02 5.3629998779e+02 5.3650000000e+02 5.3659997559e+02 5.3659997559e+02 5.3679998779e+02 5.3720001221e+02 5.3759997559e+02 5.3809997559e+02 5.3859997559e+02 5.3900000000e+02 5.3940002441e+02 5.3990002441e+02 5.4040002441e+02 5.4079998779e+02 5.4120001221e+02 5.4150000000e+02 5.4190002441e+02 5.4229998779e+02 5.4279998779e+02 5.4329998779e+02 5.4379998779e+02 5.4420001221e+02 5.4459997559e+02 5.4520001221e+02 5.4579998779e+02 5.4650000000e+02 5.4729998779e+02 5.4809997559e+02 5.4890002441e+02 5.4959997559e+02 5.5029998779e+02 5.5079998779e+02 5.5120001221e+02 5.5170001221e+02 5.5200000000e+02 5.5200000000e+02 5.5150000000e+02 5.5070001221e+02 5.4979998779e+02 5.4870001221e+02 5.4770001221e+02 5.4659997559e+02 5.4550000000e+02 5.4400000000e+02
5.3700000000e+02 5.3700000000e+02 5.3700000000e+02 5.3709997559e+02 5.3709997559e+02 5.3709997559e+02 5.3729998779e+02 5.3759997559e+02 5.3800000000e+02 5.3850000000e+02 5.3900000000e+02 5.3940002441e+02 5.3990002441e+02 5.4029998779e+02 5.4079998779e+02 5.4120001221e+02 5.4150000000e+02 5.4179998779e+02 5.4220001221e+02 5.4270001221e+02 5.4329998779e+02 5.4379998779e+02 5.4429998779e+02 5.4470001221e+02 5.4520001221e+02 5.4579998779e+02 5.4629998779e+02 5.4700000000e+02 5.4779998779e+02 5.4870001221e+02 5.4959997559e+02 5.5029998779e+02 5.5100000000e+02 5.5150000000e+02 5.5179998779e+02 5.5209997559e+02 5.5220001221e+02 5.5209997559e+02 5.5159997559e+02 5.5090002441e+02 5.4990002441e+02 5.4879998779e+02 5.4770001221e+02 5.4670001221e+02 5.4559997559e+02 5.4440002441e+02
5.3759997559e+02 5.3759997559e+02 5.3759997559e+02 5.3759997559e+02 5.3759997559e+02 5.3759997559e+02 5.3770001221e+02 5.3800000000e+02 5.3840002441e+02 5.3890002441e+02 5.3940002441e+02 5.3990002441e+02 5.4029998779e+02 5.4070001221e+02 5.4109997559e+02 5.4140002441e+02 5.4179998779e+02 5.4220001221e+02 5.4250000000e+02 5.4300000000e+02 5.4359997559e+02 5.4429998779e+02 5.4470001221e+02 5.4520001221e+02 5.4570001221e+02 5.4629998779e+02 5.4690002441e+02 5.4759997559e+02 5.4829998779e+02 5.4920001221e+02 5.5000000000e+02 5.5079998779e+02 5.5159997559e+02 5.5209997559e+02 5.5240002441e+02 5.5250000000e+02 5.5259997559e+02 5.5240002441e+02 5.5179998779e+02 5.5100000000e+02 5.5000000000e+02 5.4890002441e+02 5.4779998779e+02 5.4679998779e+02 5.4579998779e+02 5.4450000000e+02
5.3800000000e+02 5.3800000000e+02 5.3790002441e+02 5.3790002441e+02 5.3790002441e+02 5.3800000000e+02 5.3809997559e+02 5.3840002441e+02 5.3879998779e+02 5.3920001221e+02 5.3979998779e+02 5.4029998779e+02 5.4079998779e+02 5.4120001221e+02 5.4150000000e+02 5.4179998779e+02 5.4209997559e+02 5.4250000000e+02 5.4300000000e+02 5.4340002441e+02 5.4400000000e+02 5.4459997559e+02 5.4509997559e+02 5.4559997559e+02 5.4620001221e+02 5.4679998779e+02 5.4729998779e+02 5.4800000000e+02 5.4870001221e+02 5.4950000000e+02 5.5020001221e+02 5.5090002441e+02 5.5170001221e+02 5.5229998779e+02 5.5270001221e+02 5.5290002441e+02 5.5300000000e+02 5.5270001221e+02 5.5209997559e+02 5.5120001221e+02 5.5020001221e+02 5.4920001221e+02 5.4800000000e+02 5.4690002441e+02 5.4600000000e+02 5.4470001221e+02
5.3840002441e+02 5.3840002441e+02 5.3840002441e+02 5.3829998779e+02 5.3829998779e+02 5.3840002441e+02 5.3850000000e+02 5.3879998779e+02 5.3920001221e+02 5.3970001221e+02 5.4029998779e+02 5.4079998779e+02 5.4120001221e+02 5.4159997559e+02 5.4190002441e+02 5.4220001221e+02 5.4250000000e+02 5.4300000000e+02 5.4350000000e+02 5.4390002441e+02 5.4429998779e+02 5.4479998779e+02 5.4540002441e+02 5.4600000000e+02 5.4659997559e+02 5.4709997559e+02 5.4759997559e+02 5.4829998779e+02 5.4900000000e+02 5.4970001221e+02 5.5029998779e+02 5.5079998779e+02 5.5150000000e+02 5.5220001221e+02 5.5270001221e+02 5.5309997559e+02 5.5329998779e+02 5.5300000000e+02 5.5220001221e+02 5.5129998779e+02 5.5040002441e+02 5.4940002441e+02 5.4820001221e+02 5.4709997559e+02 5.4620001221e+02 5.4500000000e+02
5.3879998779e+02 5.3879998779e+02 5.3879998779e+02 5.3879998779e+02 5.3879998779e+02 5.3879998779e+02 5.3900000000e+02 5.3940002441e+02 5.3990002441e+02 5.4020001221e+02 5.4070001221e+02 5.4109997559e+02 5.4150000000e+02 5.4190002441e+02 5.4229998779e+02 5.4270001221e+02 5.4300000000e+02 5.4340002441e+02 5.4390002441e+02 5.4429998779e+02 5.4470001221e+02 5.4520001221e+02 5.4570001221e+02 5.4640002441e+02 5.4690002441e+02 5.4729998779e+02 5.4779998779e+02 5.4840002441e+02 5.4920001221e+02 5.4979998779e+02 5.5029998779e+02 5.5079998779e+02 5.5140002441e+02 5.5200000000e+02 5.5270001221e+02 5.5320001221e+02 5.5340002441e+02 5.5309997559e+02 5.5229998779e+02 5.5129998779e+02 5.5040002441e+02 5.4959997559e+02 5.4859997559e+02 5.4750000000e+02 5.4650000000e+02 5.4520001221e+02
5.3920001221e+02 5.3920001221e+02 5.3920001221e+02 5.3920001221e+02 5.3920001221e+02 5.3920001221e+02 5.3940002441e+02 5.3979998779e+02 5.4020001221e+02 5.4050000000e+02 5.4100000000e+02 5.4140002441e+02 5.4179998779e+02 5.4229998779e+02 5.4279998779e+02 5.4320001221e+02 5.4350000000e+02 5.4390002441e+02 5.4429998779e+02 5.4470001221e+02 5.4509997559e+02 5.4559997559e+02 5.4609997559e+02 5.4659997559e+02 5.4709997559e+02 5.4759997559e+02 5.4809997559e+02 5.4859997559e+02 5.4920001221e+02 5.4990002441e+02 5.5050000000e+02 5.5100000000e+02 5.5150000000e+02 5.5209997559e+02 5.5279998779e+02 5.5320001221e+02 5.5340002441e+02 5.5300000000e+02 5.5220001221e+02 5.5129998779e+02 5.5050000000e+02 5.4959997559e+02 5.4879998779e+02 5.4779998779e+02 5.4670001221e+02 5.4529998779e+02
5.3970001221e+02 5.3959997559e+02 5.3959997559e+02 5.3959997559e+02 5.3950000000e+02 5.3950000000e+02 5.3970001221e+02 5.3990002441e+02 5.4029998779e+02 5.4079998779e+02 5.4120001221e+02 5.4170001221e+02 5.4220001221e+02 5.4259997559e+02 5.4309997559e+02 5.4350000000e+02 5.4390002441e+02 5.4429998779e+02 5.4479998779e+02 5.4520001221e+02 5.4559997559e+02 5.4600000000e+02 5.4640002441e+02 5.4690002441e+02 5.4740002441e+02 5.4800000000e+02 5.4850000000e+02 5.4879998779e+02 5.4929998779e+02 5.5000000000e+02 5.5059997559e+02 5.5109997559e+02 5.5159997559e+02 5.5220001221e+02 5.5279998779e+02 5.5320001221e+02 5.5340002441e+02 5.5300000000e+02 5.5220001221e+02 5.5129998779e+02 5.5040002441e+02 5.4959997559e+02 5.4879998779e+02 5.4779998779e+02 5.4670001221e+02 5.4509997559e+02
5.4029998779e+02 5.4009997559e+02 5.4000000000e+02 5.4000000000e+02 5.3990002441e+02 5.3990002441e+02 5.4009997559e+02 5.4029998779e+02 5.4059997559e+02 5.4100000000e+02 5.4150000000e+02 5.4200000000e+02 5.4250000000e+02 5.4300000000e+02 5.4350000000e+02 5.4390002441e+02 5.4429998779e+02 5.4470001221e+02 5.4520001221e+02 5.4570001221e+02 5.4600000000e+02 5.4629998779e+02 5.4670001221e+02 5.4720001221e+02 5.4770001221e+02 5.4829998779e+02 5.4870001221e+02 5.4909997559e+02 5.4950000000e+02 5.5000000000e+02 5.5059997559e+02 5.5109997559e+02 5.5159997559e+02 5.5220001221e+02 5.5270001221e+02 5.5320001221e+02 5.5340002441e+02 5.5309997559e+02 5.5220001221e+02 5.5120001221e+02 5.5040002441e+02 5.4959997559e+02 5.4879998779e+02 5.4779998779e+02 5.4659997559e+02 5.4490002441e+02
5.4079998779e+02 5.4059997559e+02 5.4040002441e+02 5.4040002441e+02 5.4029998779e+02 5.4029998779e+02 5.4040002441e+02 5.4059997559e+02 5.4090002441e+02 5.4129998779e+02 5.4179998779e+02 5.4240002441e+02 5.4300000000e+02 5.4350000000e+02 5.4390002441e+02 5.4440002441e+02 5.4479998779e+02 5.4509997559e+02 5.4550000000e+02 5.4600000000e+02 5.4629998779e+02 5.4659997559e+02 5.4700000000e+02 5.4750000000e+02 5.4800000000e+02 5.4850000000e+02 5.4890002441e+02 5.4929998779e+02 5.4970001221e+02 5.5020001221e+02 5.5079998779e+02 5.5120001221e+02 5.5170001221e+02 5.5220001221e+02 5.5279998779e+02 5.5320001221e+02 5.5340002441e+02 5.5309997559e+02 5.5220001221e+02 5.5120001221e+02 5.5029998779e+02 5.4950000000e+02 5.4879998779e+02 5.4779998779e+02 5.4650000000e+02 5.4500000000e+02
5.4120001221e+02 5.4100000000e+02 5.4090002441e+02 5.4070001221e+02 5.4059997559e+02 5.4070001221e+02 5.4090002441e+02 5.4100000000e+02 5.4129998779e+02 5.4170001221e+02 5.4209997559e+02 5.4270001221e+02 5.4329998779e+02 5.4390002441e+02 5.4429998779e+02 5.4479998779e+02 5.4520001221e+02 5.4550000000e+02 5.4590002441e+02 5.4629998779e+02 5.4659997559e+02 5.4690002441e+02 5.4729998779e+02 5.4779998779e+02 5.4829998779e+02 5.4870001221e+02 5.4920001221e+02 5.4959997559e+02 5.4990002441e+02 5.5040002441e+02 5.5090002441e+02 5.5129998779e+02 5.5179998779e+02 5.5229998779e+02 5.5279998779e+02 5.5329998779e+02 5.5340002441e+02 5.5309997559e+02 5.5220001221e+02 5.5109997559e+02 5.5020001221e+02 5.4950000000e+02 5.4879998779e+02 5.4779998779e+02 5.4650000000e+02 5.4520001221e+02
5.4170001221e+02 5.4150000000e+02 5.4129998779e+02 5.4120001221e+02 5.4109997559e+02 5.4109997559e+02 5.4129998779e+02 5.4150000000e+02 5.4170001221e+02 5.4200000000e+02 5.4240002441e+02 5.4290002441e+02 5.4350000000e+02 5.4409997559e+02 5.4459997559e+02 5.4509997559e+02 5.4559997559e+02 5.4600000000e+02 5.4640002441e+02 5.4670001221e+02 5.4700000000e+02 5.4729998779e+02 5.4770001221e+02 5.4820001221e+02 5.4859997559e+02 5.4900000000e+02 5.4929998779e+02 5.4979998779e+02 5.5020001221e+02 5.5059997559e+02 5.5100000000e+02 5.5129998779e+02 5.5190002441e+02 5.5240002441e+02 5.5290002441e+02 5.5320001221e+02 5.5329998779e+02 5.5300000000e+02 5.5229998779e+02 5.5120001221e+02 5.5029998779e+02 5.4950000000e+02 5.4870001221e+02 5.4770001221e+02 5.4650000000e+02 5.4529998779e+02
