DGM_1M_UPPER_AUSTRIA/23/5.asc
NCOLS 100
NROWS 100
XLLCORNER 6.2450500000e+04
YLLCORNER 2.9478850000e+05
CELLSIZE 1.0000000000e+00
NODATA_VALUE -9.9990000000e+03
[rows 80 to 99 of 100, columns 46 to 91 of 100]
4.9810000610e+02 4.9829998779e+02 4.9839999390e+02 4.9850000000e+02 4.9860000610e+02 4.9860000610e+02 4.9860000610e+02 4.9839999390e+02 4.9820001221e+02 4.9810000610e+02 4.9789999390e+02 4.9750000000e+02 4.9710000610e+02 4.9679998779e+02 4.9650000000e+02 4.9620001221e+02 4.9600000000e+02 4.9600000000e+02 4.9589999390e+02 4.9589999390e+02 4.9570001221e+02 4.9570001221e+02 4.9570001221e+02 4.9579998779e+02 4.9589999390e+02 4.9600000000e+02 4.9600000000e+02 4.9600000000e+02 4.9589999390e+02 4.9600000000e+02 4.9600000000e+02 4.9600000000e+02 4.9589999390e+02 4.9589999390e+02 4.9589999390e+02 4.9600000000e+02 4.9610000610e+02 4.9620001221e+02 4.9629998779e+02 4.9629998779e+02 4.9629998779e+02 4.9620001221e+02 4.9620001221e+02 4.9620001221e+02 4.9620001221e+02 4.9629998779e+02
4.9829998779e+02 4.9850000000e+02 4.9870001221e+02 4.9870001221e+02 4.9879998779e+02 4.9879998779e+02 4.9879998779e+02 4.9870001221e+02 4.9850000000e+02 4.9839999390e+02 4.9810000610e+02 4.9779998779e+02 4.9739999390e+02 4.9700000000e+02 4.9670001221e+02 4.9650000000e+02 4.9629998779e+02 4.9610000610e+02 4.9600000000e+02 4.9600000000e+02 4.9579998779e+02 4.9570001221e+02 4.9570001221e+02 4.9570001221e+02 4.9579998779e+02 4.9589999390e+02 4.9589999390e+02 4.9589999390e+02 4.9589999390e+02 4.9600000000e+02 4.9600000000e+02 4.9600000000e+02 4.9589999390e+02 4.9589999390e+02 4.9589999390e+02 4.9589999390e+02 4.9600000000e+02 4.9610000610e+02 4.9620001221e+02 4.9620001221e+02 4.9620001221e+02 4.9610000610e+02 4.9610000610e+02 4.9610000610e+02 4.9620001221e+02 4.9620001221e+02
4.9839999390e+02 4.9860000610e+02 4.9889999390e+02 4.9889999390e+02 4.9900000000e+02 4.9889999390e+02 4.9889999390e+02 4.9879998779e+02 4.9879998779e+02 4.9860000610e+02 4.9829998779e+02 4.9800000000e+02 4.9770001221e+02 4.9729998779e+02 4.9700000000e+02 4.9679998779e+02 4.9650000000e+02 4.9629998779e+02 4.9620001221e+02 4.9610000610e+02 4.9589999390e+02 4.9579998779e+02 4.9560000610e+02 4.9570001221e+02 4.9570001221e+02 4.9579998779e+02 4.9589999390e+02 4.9589999390e+02 4.9589999390e+02 4.9600000000e+02 4.9610000610e+02 4.9610000610e+02 4.9600000000e+02 4.9589999390e+02 4.9589999390e+02 4.9589999390e+02 4.9600000000e+02 4.9600000000e+02 4.9610000610e+02 4.9610000610e+02 4.9610000610e+02 4.9610000610e+02 4.9610000610e+02 4.9610000610e+02 4.9620001221e+02 4.9620001221e+02
4.9839999390e+02 4.9860000610e+02 4.9879998779e+02 4.9889999390e+02 4.9900000000e+02 4.9889999390e+02 4.9900000000e+02 4.9900000000e+02 4.9889999390e+02 4.9879998779e+02 4.9850000000e+02 4.9820001221e+02 4.9789999390e+02 4.9750000000e+02 4.9720001221e+02 4.9700000000e+02 4.9670001221e+02 4.9639999390e+02 4.9620001221e+02 4.9610000610e+02 4.9600000000e+02 4.9589999390e+02 4.9570001221e+02 4.9570001221e+02 4.9570001221e+02 4.9579998779e+02 4.9579998779e+02 4.9589999390e+02 4.9600000000e+02 4.9610000610e+02 4.9620001221e+02 4.9610000610e+02 4.9610000610e+02 4.9589999390e+02 4.9589999390e+02 4.9589999390e+02 4.9589999390e+02 4.9600000000e+02 4.9610000610e+02 4.9610000610e+02 4.9610000610e+02 4.9610000610e+02 4.9610000610e+02 4.9610000610e+02 4.9620001221e+02 4.9620001221e+02
4.9829998779e+02 4.9850000000e+02 4.9860000610e+02 4.9870001221e+02 4.9879998779e+02 4.9889999390e+02 4.9900000000e+02 4.9900000000e+02 4.9900000000e+02 4.9889999390e+02 4.9870001221e+02 4.9850000000e+02 4.9810000610e+02 4.9770001221e+02 4.9739999390e+02 4.9710000610e+02 4.9679998779e+02 4.9660000610e+02 4.9629998779e+02 4.9620001221e+02 4.9610000610e+02 4.9589999390e+02 4.9570001221e+02 4.9570001221e+02 4.9570001221e+02 4.9570001221e+02 4.9579998779e+02 4.9589999390e+02 4.9610000610e+02 4.9620001221e+02 4.9620001221e+02 4.9610000610e+02 4.9600000000e+02 4.9600000000e+02 4.9600000000e+02 4.9600000000e+02 4.9589999390e+02 4.9600000000e+02 4.9610000610e+02 4.9620001221e+02 4.9620001221e+02 4.9610000610e+02 4.9600000000e+02 4.9610000610e+02 4.9610000610e+02 4.9620001221e+02
4.9820001221e+02 4.9850000000e+02 4.9860000610e+02 4.9870001221e+02 4.9879998779e+02 4.9889999390e+02 4.9889999390e+02 4.9900000000e+02 4.9910000610e+02 4.9889999390e+02 4.9879998779e+02 4.9860000610e+02 4.9829998779e+02 4.9779998779e+02 4.9750000000e+02 4.9720001221e+02 4.9689999390e+02 4.9670001221e+02 4.9650000000e+02 4.9629998779e+02 4.9610000610e+02 4.9589999390e+02 4.9579998779e+02 4.9570001221e+02 4.9570001221e+02 4.9570001221e+02 4.9579998779e+02 4.9600000000e+02 4.9620001221e+02 4.9620001221e+02 4.9620001221e+02 4.9610000610e+02 4.9610000610e+02 4.9600000000e+02 4.9610000610e+02 4.9610000610e+02 4.9600000000e+02 4.9600000000e+02 4.9610000610e+02 4.9620001221e+02 4.9620001221e+02 4.9600000000e+02 4.9589999390e+02 4.9600000000e+02 4.9610000610e+02 4.9610000610e+02
4.9829998779e+02 4.9850000000e+02 4.9870001221e+02 4.9879998779e+02 4.9889999390e+02 4.9889999390e+02 4.9889999390e+02 4.9900000000e+02 4.9910000610e+02 4.9900000000e+02 4.9889999390e+02 4.9870001221e+02 4.9839999390e+02 4.9800000000e+02 4.9760000610e+02 4.9729998779e+02 4.9710000610e+02 4.9679998779e+02 4.9660000610e+02 4.9639999390e+02 4.9620001221e+02 4.9600000000e+02 4.9589999390e+02 4.9570001221e+02 4.9570001221e+02 4.9570001221e+02 4.9570001221e+02 4.9589999390e+02 4.9620001221e+02 4.9620001221e+02 4.9620001221e+02 4.9610000610e+02 4.9610000610e+02 4.9610000610e+02 4.9610000610e+02 4.9610000610e+02 4.9610000610e+02 4.9600000000e+02 4.9610000610e+02 4.9620001221e+02 4.9620001221e+02 4.9610000610e+02 4.9589999390e+02 4.9589999390e+02 4.9600000000e+02 4.9610000610e+02
4.9820001221e+02 4.9850000000e+02 4.9870001221e+02 4.9879998779e+02 4.9889999390e+02 4.9889999390e+02 4.9889999390e+02 4.9900000000e+02 4.9900000000e+02 4.9910000610e+02 4.9900000000e+02 4.9879998779e+02 4.9850000000e+02 4.9810000610e+02 4.9779998779e+02 4.9739999390e+02 4.9710000610e+02 4.9679998779e+02 4.9660000610e+02 4.9639999390e+02 4.9620001221e+02 4.9600000000e+02 4.9589999390e+02 4.9579998779e+02 4.9570001221e+02 4.9570001221e+02 4.9570001221e+02 4.9589999390e+02 4.9610000610e+02 4.9620001221e+02 4.9620001221e+02 4.9610000610e+02 4.9610000610e+02 4.9610000610e+02 4.9610000610e+02 4.9610000610e+02 4.9610000610e+02 4.9600000000e+02 4.9600000000e+02 4.9610000610e+02 4.9610000610e+02 4.9610000610e+02 4.9600000000e+02 4.9600000000e+02 4.9600000000e+02 4.9610000610e+02
4.9820001221e+02 4.9839999390e+02 4.9860000610e+02 4.9879998779e+02 4.9889999390e+02 4.9900000000e+02 4.9889999390e+02 4.9889999390e+02 4.9889999390e+02 4.9900000000e+02 4.9889999390e+02 4.9870001221e+02 4.9850000000e+02 4.9820001221e+02 4.9779998779e+02 4.9750000000e+02 4.9720001221e+02 4.9689999390e+02 4.9660000610e+02 4.9629998779e+02 4.9620001221e+02 4.9600000000e+02 4.9589999390e+02 4.9579998779e+02 4.9570001221e+02 4.9570001221e+02 4.9570001221e+02 4.9579998779e+02 4.9600000000e+02 4.9610000610e+02 4.9620001221e+02 4.9620001221e+02 4.9620001221e+02 4.9620001221e+02 4.9610000610e+02 4.9610000610e+02 4.9610000610e+02 4.9610000610e+02 4.9600000000e+02 4.9600000000e+02 4.9610000610e+02 4.9610000610e+02 4.9610000610e+02 4.9620001221e+02 4.9610000610e+02 4.9610000610e+02
4.9810000610e+02 4.9829998779e+02 4.9850000000e+02 4.9870001221e+02 4.9889999390e+02 4.9889999390e+02 4.9900000000e+02 4.9889999390e+02 4.9889999390e+02 4.9889999390e+02 4.9879998779e+02 4.9870001221e+02 4.9850000000e+02 4.9829998779e+02 4.9800000000e+02 4.9770001221e+02 4.9739999390e+02 4.9700000000e+02 4.9660000610e+02 4.9629998779e+02 4.9610000610e+02 4.9600000000e+02 4.9589999390e+02 4.9579998779e+02 4.9579998779e+02 4.9570001221e+02 4.9570001221e+02 4.9579998779e+02 4.9589999390e+02 4.9610000610e+02 4.9610000610e+02 4.9629998779e+02 4.9629998779e+02 4.9629998779e+02 4.9620001221e+02 4.9620001221e+02 4.9620001221e+02 4.9620001221e+02 4.9610000610e+02 4.9610000610e+02 4.9610000610e+02 4.9610000610e+02 4.9620001221e+02 4.9620001221e+02 4.9620001221e+02 4.9610000610e+02
4.9800000000e+02 4.9820001221e+02 4.9839999390e+02 4.9860000610e+02 4.9879998779e+02 4.9889999390e+02 4.9900000000e+02 4.9900000000e+02 4.9889999390e+02 4.9889999390e+02 4.9889999390e+02 4.9879998779e+02 4.9870001221e+02 4.9839999390e+02 4.9810000610e+02 4.9779998779e+02 4.9750000000e+02 4.9710000610e+02 4.9670001221e+02 4.9629998779e+02 4.9610000610e+02 4.9600000000e+02 4.9579998779e+02 4.9579998779e+02 4.9579998779e+02 4.9570001221e+02 4.9570001221e+02 4.9570001221e+02 4.9579998779e+02 4.9589999390e+02 4.9610000610e+02 4.9620001221e+02 4.9639999390e+02 4.9639999390e+02 4.9629998779e+02 4.9629998779e+02 4.9629998779e+02 4.9629998779e+02 4.9620001221e+02 4.9620001221e+02 4.9620001221e+02 4.9610000610e+02 4.9620001221e+02 4.9620001221e+02 4.9620001221e+02 4.9620001221e+02
4.9810000610e+02 4.9829998779e+02 4.9850000000e+02 4.9860000610e+02 4.9870001221e+02 4.9889999390e+02 4.9900000000e+02 4.9900000000e+02 4.9900000000e+02 4.9889999390e+02 4.9879998779e+02 4.9870001221e+02 4.9860000610e+02 4.9850000000e+02 4.9810000610e+02 4.9779998779e+02 4.9739999390e+02 4.9710000610e+02 4.9670001221e+02 4.9629998779e+02 4.9600000000e+02 4.9589999390e+02 4.9579998779e+02 4.9579998779e+02 4.9579998779e+02 4.9570001221e+02 4.9570001221e+02 4.9570001221e+02 4.9579998779e+02 4.9579998779e+02 4.9600000000e+02 4.9610000610e+02 4.9629998779e+02 4.9629998779e+02 4.9629998779e+02 4.9639999390e+02 4.9639999390e+02 4.9639999390e+02 4.9629998779e+02 4.9620001221e+02 4.9620001221e+02 4.9620001221e+02 4.9620001221e+02 4.9620001221e+02 4.9620001221e+02 4.9620001221e+02
4.9829998779e+02 4.9839999390e+02 4.9850000000e+02 4.9870001221e+02 4.9870001221e+02 4.9879998779e+02 4.9889999390e+02 4.9889999390e+02 4.9889999390e+02 4.9879998779e+02 4.9870001221e+02 4.9860000610e+02 4.9850000000e+02 4.9829998779e+02 4.9800000000e+02 4.9760000610e+02 4.9729998779e+02 4.9700000000e+02 4.9660000610e+02 4.9629998779e+02 4.9600000000e+02 4.9589999390e+02 4.9579998779e+02 4.9589999390e+02 4.9579998779e+02 4.9579998779e+02 4.9570001221e+02 4.9570001221e+02 4.9570001221e+02 4.9579998779e+02 4.9589999390e+02 4.9600000000e+02 4.9610000610e+02 4.9620001221e+02 4.9629998779e+02 4.9639999390e+02 4.9650000000e+02 4.9650000000e+02 4.9639999390e+02 4.9639999390e+02 4.9629998779e+02 4.9620001221e+02 4.9620001221e+02 4.9629998779e+02 4.9629998779e+02 4.9629998779e+02
4.9829998779e+02 4.9850000000e+02 4.9860000610e+02 4.9870001221e+02 4.9879998779e+02 4.9879998779e+02 4.9889999390e+02 4.9879998779e+02 4.9879998779e+02 4.9879998779e+02 4.9870001221e+02 4.9870001221e+02 4.9850000000e+02 4.9820001221e+02 4.9779998779e+02 4.9739999390e+02 4.9710000610e+02 4.9679998779e+02 4.9650000000e+02 4.9620001221e+02 4.9600000000e+02 4.9579998779e+02 4.9579998779e+02 4.9589999390e+02 4.9589999390e+02 4.9579998779e+02 4.9570001221e+02 4.9570001221e+02 4.9570001221e+02 4.9579998779e+02 4.9579998779e+02 4.9589999390e+02 4.9600000000e+02 4.9600000000e+02 4.9620001221e+02 4.9629998779e+02 4.9639999390e+02 4.9650000000e+02 4.9650000000e+02 4.9639999390e+02 4.9629998779e+02 4.9629998779e+02 4.9629998779e+02 4.9629998779e+02 4.9629998779e+02 4.9629998779e+02
4.9829998779e+02 4.9850000000e+02 4.9870001221e+02 4.9879998779e+02 4.9879998779e+02 4.9879998779e+02 4.9879998779e+02 4.9879998779e+02 4.9879998779e+02 4.9870001221e+02 4.9860000610e+02 4.9860000610e+02 4.9850000000e+02 4.9820001221e+02 4.9770001221e+02 4.9729998779e+02 4.9689999390e+02 4.9670001221e+02 4.9639999390e+02 4.9610000610e+02 4.9589999390e+02 4.9579998779e+02 4.9579998779e+02 4.9589999390e+02 4.9589999390e+02 4.9579998779e+02 4.9579998779e+02 4.9570001221e+02 4.9570001221e+02 4.9579998779e+02 4.9579998779e+02 4.9589999390e+02 4.9589999390e+02 4.9600000000e+02 4.9610000610e+02 4.9620001221e+02 4.9629998779e+02 4.9639999390e+02 4.9650000000e+02 4.9650000000e+02 4.9629998779e+02 4.9639999390e+02 4.9639999390e+02 4.9639999390e+02 4.9639999390e+02 4.9629998779e+02
4.9820001221e+02 4.9839999390e+02 4.9860000610e+02 4.9870001221e+02 4.9879998779e+02 4.9879998779e+02 4.9879998779e+02 4.9870001221e+02 4.9870001221e+02 4.9850000000e+02 4.9839999390e+02 4.9839999390e+02 4.9839999390e+02 4.9810000610e+02 4.9760000610e+02 4.9720001221e+02 4.9689999390e+02 4.9670001221e+02 4.9639999390e+02 4.9610000610e+02 4.9589999390e+02 4.9579998779e+02 4.9579998779e+02 4.9579998779e+02 4.9589999390e+02 4.9579998779e+02 4.9579998779e+02 4.9579998779e+02 4.9579998779e+02 4.9579998779e+02 4.9579998779e+02 4.9579998779e+02 4.9589999390e+02 4.9589999390e+02 4.9600000000e+02 4.9610000610e+02 4.9620001221e+02 4.9639999390e+02 4.9650000000e+02 4.9650000000e+02 4.9639999390e+02 4.9650000000e+02 4.9660000610e+02 4.9660000610e+02 4.9639999390e+02 4.9629998779e+02
4.9820001221e+02 4.9829998779e+02 4.9850000000e+02 4.9850000000e+02 4.9860000610e+02 4.9870001221e+02 4.9870001221e+02 4.9860000610e+02 4.9860000610e+02 4.9839999390e+02 4.9829998779e+02 4.9820001221e+02 4.9810000610e+02 4.9779998779e+02 4.9750000000e+02 4.9729998779e+02 4.9700000000e+02 4.9670001221e+02 4.9629998779e+02 4.9610000610e+02 4.9589999390e+02 4.9579998779e+02 4.9570001221e+02 4.9579998779e+02 4.9579998779e+02 4.9579998779e+02 4.9579998779e+02 4.9579998779e+02 4.9579998779e+02 4.9579998779e+02 4.9579998779e+02 4.9579998779e+02 4.9579998779e+02 4.9589999390e+02 4.9600000000e+02 4.9610000610e+02 4.9620001221e+02 4.9639999390e+02 4.9639999390e+02 4.9650000000e+02 4.9650000000e+02 4.9660000610e+02 4.9670001221e+02 4.9670001221e+02 4.9650000000e+02 4.9639999390e+02
4.9829998779e+02 4.9839999390e+02 4.9839999390e+02 4.9850000000e+02 4.9850000000e+02 4.9850000000e+02 4.9850000000e+02 4.9850000000e+02 4.9850000000e+02 4.9829998779e+02 4.9829998779e+02 4.9820001221e+02 4.9800000000e+02 4.9770001221e+02 4.9739999390e+02 4.9720001221e+02 4.9700000000e+02 4.9670001221e+02 4.9629998779e+02 4.9610000610e+02 4.9600000000e+02 4.9579998779e+02 4.9570001221e+02 4.9570001221e+02 4.9579998779e+02 4.9579998779e+02 4.9589999390e+02 4.9579998779e+02 4.9579998779e+02 4.9579998779e+02 4.9579998779e+02 4.9579998779e+02 4.9579998779e+02 4.9589999390e+02 4.9589999390e+02 4.9600000000e+02 4.9610000610e+02 4.9629998779e+02 4.9639999390e+02 4.9639999390e+02 4.9660000610e+02 4.9670001221e+02 4.9679998779e+02 4.9670001221e+02 4.9660000610e+02 4.9639999390e+02
4.9839999390e+02 4.9839999390e+02 4.9829998779e+02 4.9829998779e+02 4.9839999390e+02 4.9839999390e+02 4.9829998779e+02 4.9829998779e+02 4.9839999390e+02 4.9829998779e+02 4.9829998779e+02 4.9820001221e+02 4.9800000000e+02 4.9770001221e+02 4.9739999390e+02 4.9710000610e+02 4.9689999390e+02 4.9670001221e+02 4.9629998779e+02 4.9610000610e+02 4.9600000000e+02 4.9579998779e+02 4.9570001221e+02 4.9570001221e+02 4.9570001221e+02 4.9579998779e+02 4.9589999390e+02 4.9579998779e+02 4.9579998779e+02 4.9579998779e+02 4.9579998779e+02 4.9579998779e+02 4.9579998779e+02 4.9589999390e+02 4.9589999390e+02 4.9600000000e+02 4.9600000000e+02 4.9610000610e+02 4.9629998779e+02 4.9639999390e+02 4.9660000610e+02 4.9670001221e+02 4.9679998779e+02 4.9670001221e+02 4.9660000610e+02 4.9650000000e+02
4.9839999390e+02 4.9829998779e+02 4.9829998779e+02 4.9829998779e+02 4.9829998779e+02 4.9829998779e+02 4.9820001221e+02 4.9820001221e+02 4.9820001221e+02 4.9820001221e+02 4.9820001221e+02 4.9820001221e+02 4.9800000000e+02 4.9770001221e+02 4.9750000000e+02 4.9720001221e+02 4.9689999390e+02 4.9670001221e+02 4.9629998779e+02 4.9620001221e+02 4.9610000610e+02 4.9589999390e+02 4.9570001221e+02 4.9570001221e+02 4.9570001221e+02 4.9579998779e+02 4.9589999390e+02 4.9589999390e+02 4.9579998779e+02 4.9579998779e+02 4.9579998779e+02 4.9579998779e+02 4.9579998779e+02 4.9589999390e+02 4.9589999390e+02 4.9589999390e+02 4.9600000000e+02 4.9610000610e+02 4.9610000610e+02 4.9629998779e+02 4.9650000000e+02 4.9660000610e+02 4.9670001221e+02 4.9660000610e+02 4.9660000610e+02 4.9660000610e+02
