DGM_1M_UPPER_AUSTRIA/4/23.asc
NCOLS 100
NROWS 100
XLLCORNER 6.0550500000e+04
YLLCORNER 2.9298850000e+05
CELLSIZE 1.0000000000e+00
NODATA_VALUE -9.9990000000e+03
[rows 0 to 19 of 100, columns 0 to 45 of 100]
8.9250000000e+02 8.9229998779e+02 8.9220001221e+02 8.9209997559e+02 8.9200000000e+02 8.9200000000e+02 8.9200000000e+02 8.9200000000e+02 8.9190002441e+02 8.9190002441e+02 8.9190002441e+02 8.9179998779e+02 8.9179998779e+02 8.9179998779e+02 8.9170001221e+02 8.9159997559e+02 8.9140002441e+02 8.9129998779e+02 8.9120001221e+02 8.9100000000e+02 8.9079998779e+02 8.9059997559e+02 8.9040002441e+02 8.9029998779e+02 8.9029998779e+02 8.9040002441e+02 8.9050000000e+02 8.9050000000e+02 8.9059997559e+02 8.9070001221e+02 8.9070001221e+02 8.9079998779e+02 8.9070001221e+02 8.9070001221e+02 8.9070001221e+02 8.9059997559e+02 8.9059997559e+02 8.9050000000e+02 8.9040002441e+02 8.9029998779e+02 8.9020001221e+02 8.9000000000e+02 8.8959997559e+02 8.8920001221e+02 8.8870001221e+02 8.8820001221e+02
8.9179998779e+02 8.9159997559e+02 8.9140002441e+02 8.9129998779e+02 8.9120001221e+02 8.9120001221e+02 8.9120001221e+02 8.9109997559e+02 8.9109997559e+02 8.9109997559e+02 8.9100000000e+02 8.9109997559e+02 8.9109997559e+02 8.9109997559e+02 8.9100000000e+02 8.9090002441e+02 8.9079998779e+02 8.9059997559e+02 8.9040002441e+02 8.9029998779e+02 8.9009997559e+02 8.8990002441e+02 8.8970001221e+02 8.8959997559e+02 8.8950000000e+02 8.8959997559e+02 8.8970001221e+02 8.8970001221e+02 8.8979998779e+02 8.8979998779e+02 8.8990002441e+02 8.9000000000e+02 8.8990002441e+02 8.8990002441e+02 8.8990002441e+02 8.8990002441e+02 8.8990002441e+02 8.8970001221e+02 8.8959997559e+02 8.8950000000e+02 8.8929998779e+02 8.8909997559e+02 8.8879998779e+02 8.8840002441e+02 8.8800000000e+02 8.8750000000e+02
8.9100000000e+02 8.9079998779e+02 8.9059997559e+02 8.9050000000e+02 8.9050000000e+02 8.9040002441e+02 8.9040002441e+02 8.9029998779e+02 8.9029998779e+02 8.9020001221e+02 8.9020001221e+02 8.9029998779e+02 8.9040002441e+02 8.9050000000e+02 8.9040002441e+02 8.9029998779e+02 8.9009997559e+02 8.8990002441e+02 8.8970001221e+02 8.8950000000e+02 8.8940002441e+02 8.8909997559e+02 8.8900000000e+02 8.8890002441e+02 8.8879998779e+02 8.8879998779e+02 8.8890002441e+02 8.8890002441e+02 8.8890002441e+02 8.8900000000e+02 8.8909997559e+02 8.8909997559e+02 8.8909997559e+02 8.8909997559e+02 8.8909997559e+02 8.8909997559e+02 8.8909997559e+02 8.8900000000e+02 8.8890002441e+02 8.8879998779e+02 8.8859997559e+02 8.8840002441e+02 8.8809997559e+02 8.8770001221e+02 8.8720001221e+02 8.8670001221e+02
8.9020001221e+02 8.9000000000e+02 8.8990002441e+02 8.8979998779e+02 8.8970001221e+02 8.8970001221e+02 8.8959997559e+02 8.8959997559e+02 8.8950000000e+02 8.8950000000e+02 8.8950000000e+02 8.8959997559e+02 8.8970001221e+02 8.8970001221e+02 8.8970001221e+02 8.8959997559e+02 8.8940002441e+02 8.8920001221e+02 8.8900000000e+02 8.8879998779e+02 8.8859997559e+02 8.8840002441e+02 8.8820001221e+02 8.8809997559e+02 8.8800000000e+02 8.8800000000e+02 8.8809997559e+02 8.8820001221e+02 8.8820001221e+02 8.8820001221e+02 8.8820001221e+02 8.8829998779e+02 8.8829998779e+02 8.8829998779e+02 8.8829998779e+02 8.8829998779e+02 8.8829998779e+02 8.8820001221e+02 8.8809997559e+02 8.8800000000e+02 8.8779998779e+02 8.8759997559e+02 8.8729998779e+02 8.8690002441e+02 8.8640002441e+02 8.8600000000e+02
8.8940002441e+02 8.8920001221e+02 8.8909997559e+02 8.8900000000e+02 8.8900000000e+02 8.8890002441e+02 8.8890002441e+02 8.8890002441e+02 8.8890002441e+02 8.8890002441e+02 8.8890002441e+02 8.8890002441e+02 8.8900000000e+02 8.8900000000e+02 8.8890002441e+02 8.8879998779e+02 8.8870001221e+02 8.8850000000e+02 8.8829998779e+02 8.8800000000e+02 8.8779998779e+02 8.8759997559e+02 8.8740002441e+02 8.8729998779e+02 8.8720001221e+02 8.8720001221e+02 8.8729998779e+02 8.8729998779e+02 8.8740002441e+02 8.8750000000e+02 8.8750000000e+02 8.8750000000e+02 8.8759997559e+02 8.8759997559e+02 8.8759997559e+02 8.8750000000e+02 8.8750000000e+02 8.8740002441e+02 8.8729998779e+02 8.8720001221e+02 8.8700000000e+02 8.8679998779e+02 8.8640002441e+02 8.8600000000e+02 8.8570001221e+02 8.8520001221e+02
8.8879998779e+02 8.8850000000e+02 8.8850000000e+02 8.8840002441e+02 8.8829998779e+02 8.8820001221e+02 8.8820001221e+02 8.8820001221e+02 8.8829998779e+02 8.8829998779e+02 8.8829998779e+02 8.8820001221e+02 8.8820001221e+02 8.8809997559e+02 8.8800000000e+02 8.8800000000e+02 8.8800000000e+02 8.8779998779e+02 8.8759997559e+02 8.8740002441e+02 8.8720001221e+02 8.8700000000e+02 8.8670001221e+02 8.8650000000e+02 8.8650000000e+02 8.8640002441e+02 8.8650000000e+02 8.8650000000e+02 8.8650000000e+02 8.8659997559e+02 8.8670001221e+02 8.8670001221e+02 8.8670001221e+02 8.8670001221e+02 8.8670001221e+02 8.8670001221e+02 8.8670001221e+02 8.8659997559e+02 8.8650000000e+02 8.8640002441e+02 8.8620001221e+02 8.8600000000e+02 8.8570001221e+02 8.8529998779e+02 8.8479998779e+02 8.8440002441e+02
8.8809997559e+02 8.8790002441e+02 8.8779998779e+02 8.8779998779e+02 8.8770001221e+02 8.8750000000e+02 8.8740002441e+02 8.8740002441e+02 8.8750000000e+02 8.8750000000e+02 8.8759997559e+02 8.8759997559e+02 8.8750000000e+02 8.8740002441e+02 8.8729998779e+02 8.8720001221e+02 8.8720001221e+02 8.8709997559e+02 8.8690002441e+02 8.8679998779e+02 8.8659997559e+02 8.8629998779e+02 8.8600000000e+02 8.8579998779e+02 8.8570001221e+02 8.8559997559e+02 8.8570001221e+02 8.8570001221e+02 8.8570001221e+02 8.8579998779e+02 8.8579998779e+02 8.8579998779e+02 8.8590002441e+02 8.8590002441e+02 8.8590002441e+02 8.8590002441e+02 8.8590002441e+02 8.8579998779e+02 8.8579998779e+02 8.8559997559e+02 8.8550000000e+02 8.8529998779e+02 8.8500000000e+02 8.8459997559e+02 8.8409997559e+02 8.8370001221e+02
8.8750000000e+02 8.8729998779e+02 8.8709997559e+02 8.8709997559e+02 8.8700000000e+02 8.8679998779e+02 8.8670001221e+02 8.8659997559e+02 8.8670001221e+02 8.8670001221e+02 8.8679998779e+02 8.8679998779e+02 8.8679998779e+02 8.8670001221e+02 8.8659997559e+02 8.8650000000e+02 8.8640002441e+02 8.8629998779e+02 8.8620001221e+02 8.8609997559e+02 8.8600000000e+02 8.8570001221e+02 8.8540002441e+02 8.8509997559e+02 8.8500000000e+02 8.8490002441e+02 8.8490002441e+02 8.8490002441e+02 8.8500000000e+02 8.8500000000e+02 8.8500000000e+02 8.8509997559e+02 8.8509997559e+02 8.8500000000e+02 8.8500000000e+02 8.8509997559e+02 8.8500000000e+02 8.8500000000e+02 8.8500000000e+02 8.8500000000e+02 8.8490002441e+02 8.8459997559e+02 8.8429998779e+02 8.8390002441e+02 8.8340002441e+02 8.8290002441e+02
8.8690002441e+02 8.8659997559e+02 8.8640002441e+02 8.8629998779e+02 8.8609997559e+02 8.8600000000e+02 8.8590002441e+02 8.8590002441e+02 8.8590002441e+02 8.8590002441e+02 8.8600000000e+02 8.8600000000e+02 8.8600000000e+02 8.8590002441e+02 8.8579998779e+02 8.8570001221e+02 8.8570001221e+02 8.8550000000e+02 8.8540002441e+02 8.8529998779e+02 8.8520001221e+02 8.8500000000e+02 8.8459997559e+02 8.8429998779e+02 8.8420001221e+02 8.8409997559e+02 8.8409997559e+02 8.8420001221e+02 8.8429998779e+02 8.8429998779e+02 8.8429998779e+02 8.8429998779e+02 8.8429998779e+02 8.8420001221e+02 8.8420001221e+02 8.8420001221e+02 8.8420001221e+02 8.8420001221e+02 8.8420001221e+02 8.8420001221e+02 8.8409997559e+02 8.8390002441e+02 8.8359997559e+02 8.8329998779e+02 8.8270001221e+02 8.8200000000e+02
8.8640002441e+02 8.8600000000e+02 8.8570001221e+02 8.8550000000e+02 8.8540002441e+02 8.8529998779e+02 8.8520001221e+02 8.8520001221e+02 8.8520001221e+02 8.8520001221e+02 8.8520001221e+02 8.8520001221e+02 8.8520001221e+02 8.8509997559e+02 8.8500000000e+02 8.8490002441e+02 8.8479998779e+02 8.8470001221e+02 8.8459997559e+02 8.8459997559e+02 8.8450000000e+02 8.8420001221e+02 8.8379998779e+02 8.8350000000e+02 8.8340002441e+02 8.8340002441e+02 8.8340002441e+02 8.8340002441e+02 8.8350000000e+02 8.8350000000e+02 8.8350000000e+02 8.8350000000e+02 8.8350000000e+02 8.8350000000e+02 8.8350000000e+02 8.8350000000e+02 8.8350000000e+02 8.8340002441e+02 8.8340002441e+02 8.8340002441e+02 8.8329998779e+02 8.8309997559e+02 8.8290002441e+02 8.8250000000e+02 8.8200000000e+02 8.8129998779e+02
8.8579998779e+02 8.8529998779e+02 8.8490002441e+02 8.8470001221e+02 8.8459997559e+02 8.8450000000e+02 8.8450000000e+02 8.8450000000e+02 8.8440002441e+02 8.8440002441e+02 8.8440002441e+02 8.8440002441e+02 8.8450000000e+02 8.8440002441e+02 8.8429998779e+02 8.8409997559e+02 8.8409997559e+02 8.8400000000e+02 8.8390002441e+02 8.8379998779e+02 8.8370001221e+02 8.8329998779e+02 8.8300000000e+02 8.8279998779e+02 8.8259997559e+02 8.8259997559e+02 8.8259997559e+02 8.8270001221e+02 8.8259997559e+02 8.8270001221e+02 8.8270001221e+02 8.8270001221e+02 8.8270001221e+02 8.8270001221e+02 8.8270001221e+02 8.8270001221e+02 8.8270001221e+02 8.8270001221e+02 8.8270001221e+02 8.8259997559e+02 8.8259997559e+02 8.8250000000e+02 8.8229998779e+02 8.8190002441e+02 8.8129998779e+02 8.8070001221e+02
8.8509997559e+02 8.8459997559e+02 8.8429998779e+02 8.8400000000e+02 8.8379998779e+02 8.8370001221e+02 8.8370001221e+02 8.8370001221e+02 8.8370001221e+02 8.8379998779e+02 8.8379998779e+02 8.8379998779e+02 8.8370001221e+02 8.8370001221e+02 8.8359997559e+02 8.8350000000e+02 8.8340002441e+02 8.8329998779e+02 8.8320001221e+02 8.8300000000e+02 8.8290002441e+02 8.8250000000e+02 8.8220001221e+02 8.8209997559e+02 8.8190002441e+02 8.8179998779e+02 8.8179998779e+02 8.8179998779e+02 8.8179998779e+02 8.8190002441e+02 8.8190002441e+02 8.8190002441e+02 8.8190002441e+02 8.8200000000e+02 8.8200000000e+02 8.8209997559e+02 8.8209997559e+02 8.8200000000e+02 8.8209997559e+02 8.8209997559e+02 8.8200000000e+02 8.8179998779e+02 8.8159997559e+02 8.8129998779e+02 8.8070001221e+02 8.8009997559e+02
8.8440002441e+02 8.8390002441e+02 8.8350000000e+02 8.8320001221e+02 8.8300000000e+02 8.8290002441e+02 8.8290002441e+02 8.8290002441e+02 8.8300000000e+02 8.8320001221e+02 8.8320001221e+02 8.8320001221e+02 8.8309997559e+02 8.8309997559e+02 8.8300000000e+02 8.8290002441e+02 8.8270001221e+02 8.8259997559e+02 8.8250000000e+02 8.8229998779e+02 8.8209997559e+02 8.8190002441e+02 8.8159997559e+02 8.8140002441e+02 8.8120001221e+02 8.8109997559e+02 8.8109997559e+02 8.8109997559e+02 8.8109997559e+02 8.8120001221e+02 8.8120001221e+02 8.8120001221e+02 8.8120001221e+02 8.8120001221e+02 8.8129998779e+02 8.8129998779e+02 8.8140002441e+02 8.8129998779e+02 8.8140002441e+02 8.8140002441e+02 8.8140002441e+02 8.8120001221e+02 8.8100000000e+02 8.8059997559e+02 8.8009997559e+02 8.7950000000e+02
8.8370001221e+02 8.8320001221e+02 8.8279998779e+02 8.8250000000e+02 8.8229998779e+02 8.8209997559e+02 8.8209997559e+02 8.8220001221e+02 8.8229998779e+02 8.8250000000e+02 8.8259997559e+02 8.8259997559e+02 8.8250000000e+02 8.8240002441e+02 8.8240002441e+02 8.8229998779e+02 8.8209997559e+02 8.8200000000e+02 8.8190002441e+02 8.8170001221e+02 8.8150000000e+02 8.8129998779e+02 8.8100000000e+02 8.8079998779e+02 8.8059997559e+02 8.8040002441e+02 8.8029998779e+02 8.8029998779e+02 8.8029998779e+02 8.8040002441e+02 8.8050000000e+02 8.8050000000e+02 8.8050000000e+02 8.8050000000e+02 8.8050000000e+02 8.8059997559e+02 8.8059997559e+02 8.8059997559e+02 8.8059997559e+02 8.8059997559e+02 8.8059997559e+02 8.8050000000e+02 8.8029998779e+02 8.8000000000e+02 8.7950000000e+02 8.7879998779e+02
8.8290002441e+02 8.8250000000e+02 8.8200000000e+02 8.8170001221e+02 8.8150000000e+02 8.8129998779e+02 8.8140002441e+02 8.8150000000e+02 8.8159997559e+02 8.8179998779e+02 8.8190002441e+02 8.8190002441e+02 8.8179998779e+02 8.8170001221e+02 8.8170001221e+02 8.8159997559e+02 8.8140002441e+02 8.8129998779e+02 8.8129998779e+02 8.8109997559e+02 8.8090002441e+02 8.8059997559e+02 8.8040002441e+02 8.8020001221e+02 8.8000000000e+02 8.7979998779e+02 8.7959997559e+02 8.7959997559e+02 8.7959997559e+02 8.7970001221e+02 8.7979998779e+02 8.7979998779e+02 8.7979998779e+02 8.7979998779e+02 8.7979998779e+02 8.7979998779e+02 8.7979998779e+02 8.7979998779e+02 8.7979998779e+02 8.7990002441e+02 8.7990002441e+02 8.7979998779e+02 8.7959997559e+02 8.7929998779e+02 8.7879998779e+02 8.7829998779e+02
8.8200000000e+02 8.8159997559e+02 8.8129998779e+02 8.8100000000e+02 8.8079998779e+02 8.8059997559e+02 8.8059997559e+02 8.8079998779e+02 8.8090002441e+02 8.8109997559e+02 8.8129998779e+02 8.8120001221e+02 8.8109997559e+02 8.8109997559e+02 8.8100000000e+02 8.8090002441e+02 8.8079998779e+02 8.8059997559e+02 8.8059997559e+02 8.8050000000e+02 8.8020001221e+02 8.8000000000e+02 8.7979998779e+02 8.7950000000e+02 8.7929998779e+02 8.7909997559e+02 8.7900000000e+02 8.7890002441e+02 8.7890002441e+02 8.7890002441e+02 8.7900000000e+02 8.7909997559e+02 8.7920001221e+02 8.7920001221e+02 8.7909997559e+02 8.7920001221e+02 8.7920001221e+02 8.7920001221e+02 8.7920001221e+02 8.7909997559e+02 8.7909997559e+02 8.7909997559e+02 8.7890002441e+02 8.7870001221e+02 8.7829998779e+02 8.7770001221e+02
8.8120001221e+02 8.8090002441e+02 8.8070001221e+02 8.8029998779e+02 8.8009997559e+02 8.8000000000e+02 8.7990002441e+02 8.8000000000e+02 8.8009997559e+02 8.8040002441e+02 8.8059997559e+02 8.8059997559e+02 8.8059997559e+02 8.8040002441e+02 8.8029998779e+02 8.8020001221e+02 8.8000000000e+02 8.7990002441e+02 8.7979998779e+02 8.7970001221e+02 8.7950000000e+02 8.7929998779e+02 8.7909997559e+02 8.7890002441e+02 8.7859997559e+02 8.7840002441e+02 8.7829998779e+02 8.7820001221e+02 8.7820001221e+02 8.7820001221e+02 8.7829998779e+02 8.7840002441e+02 8.7840002441e+02 8.7840002441e+02 8.7840002441e+02 8.7850000000e+02 8.7850000000e+02 8.7859997559e+02 8.7850000000e+02 8.7850000000e+02 8.7840002441e+02 8.7840002441e+02 8.7829998779e+02 8.7809997559e+02 8.7770001221e+02 8.7709997559e+02
8.8059997559e+02 8.8029998779e+02 8.8000000000e+02 8.7970001221e+02 8.7940002441e+02 8.7929998779e+02 8.7920001221e+02 8.7929998779e+02 8.7940002441e+02 8.7950000000e+02 8.7979998779e+02 8.8000000000e+02 8.7990002441e+02 8.7979998779e+02 8.7959997559e+02 8.7950000000e+02 8.7920001221e+02 8.7909997559e+02 8.7900000000e+02 8.7900000000e+02 8.7890002441e+02 8.7870001221e+02 8.7840002441e+02 8.7820001221e+02 8.7790002441e+02 8.7770001221e+02 8.7759997559e+02 8.7750000000e+02 8.7750000000e+02 8.7759997559e+02 8.7770001221e+02 8.7770001221e+02 8.7770001221e+02 8.7770001221e+02 8.7770001221e+02 8.7779998779e+02 8.7779998779e+02 8.7790002441e+02 8.7779998779e+02 8.7779998779e+02 8.7779998779e+02 8.7779998779e+02 8.7770001221e+02 8.7729998779e+02 8.7690002441e+02 8.7629998779e+02
8.7990002441e+02 8.7959997559e+02 8.7920001221e+02 8.7890002441e+02 8.7870001221e+02 8.7870001221e+02 8.7870001221e+02 8.7870001221e+02 8.7879998779e+02 8.7890002441e+02 8.7909997559e+02 8.7920001221e+02 8.7920001221e+02 8.7920001221e+02 8.7900000000e+02 8.7870001221e+02 8.7850000000e+02 8.7829998779e+02 8.7820001221e+02 8.7829998779e+02 8.7820001221e+02 8.7800000000e+02 8.7779998779e+02 8.7750000000e+02 8.7720001221e+02 8.7700000000e+02 8.7690002441e+02 8.7679998779e+02 8.7679998779e+02 8.7690002441e+02 8.7700000000e+02 8.7700000000e+02 8.7700000000e+02 8.7700000000e+02 8.7700000000e+02 8.7709997559e+02 8.7720001221e+02 8.7729998779e+02 8.7729998779e+02 8.7720001221e+02 8.7709997559e+02 8.7709997559e+02 8.7700000000e+02 8.7670001221e+02 8.7620001221e+02 8.7559997559e+02
8.7920001221e+02 8.7879998779e+02 8.7850000000e+02 8.7820001221e+02 8.7800000000e+02 8.7800000000e+02 8.7800000000e+02 8.7809997559e+02 8.7829998779e+02 8.7840002441e+02 8.7850000000e+02 8.7859997559e+02 8.7859997559e+02 8.7850000000e+02 8.7829998779e+02 8.7809997559e+02 8.7790002441e+02 8.7770001221e+02 8.7750000000e+02 8.7740002441e+02 8.7740002441e+02 8.7729998779e+02 8.7700000000e+02 8.7679998779e+02 8.7650000000e+02 8.7629998779e+02 8.7609997559e+02 8.7609997559e+02 8.7620001221e+02 8.7629998779e+02 8.7629998779e+02 8.7629998779e+02 8.7640002441e+02 8.7650000000e+02 8.7650000000e+02 8.7659997559e+02 8.7670001221e+02 8.7679998779e+02 8.7670001221e+02 8.7659997559e+02 8.7659997559e+02 8.7650000000e+02 8.7629998779e+02 8.7600000000e+02 8.7559997559e+02 8.7490002441e+02
