DGM_1M_UPPER_AUSTRIA/4/27.asc
NCOLS 100
NROWS 100
XLLCORNER 6.0550500000e+04
YLLCORNER 2.9258850000e+05
CELLSIZE 1.0000000000e+00
NODATA_VALUE -9.9990000000e+03
[rows 20 to 39 of 100, columns 0 to 45 of 100]
7.9159997559e+02 7.9179998779e+02 7.9200000000e+02 7.9209997559e+02 7.9229998779e+02 7.9240002441e+02 7.9259997559e+02 7.9270001221e+02 7.9290002441e+02 7.9320001221e+02 7.9329998779e+02 7.9340002441e+02 7.9340002441e+02 7.9340002441e+02 7.9329998779e+02 7.9320001221e+02 7.9300000000e+02 7.9290002441e+02 7.9279998779e+02 7.9279998779e+02 7.9270001221e+02 7.9270001221e+02 7.9270001221e+02 7.9279998779e+02 7.9300000000e+02 7.9309997559e+02 7.9329998779e+02 7.9340002441e+02 7.9359997559e+02 7.9379998779e+02 7.9400000000e+02 7.9429998779e+02 7.9470001221e+02 7.9509997559e+02 7.9550000000e+02 7.9579998779e+02 7.9620001221e+02 7.9650000000e+02 7.9679998779e+02 7.9690002441e+02 7.9720001221e+02 7.9759997559e+02 7.9790002441e+02 7.9840002441e+02 7.9879998779e+02 7.9929998779e+02
7.9079998779e+02 7.9100000000e+02 7.9109997559e+02 7.9120001221e+02 7.9140002441e+02 7.9159997559e+02 7.9179998779e+02 7.9200000000e+02 7.9220001221e+02 7.9250000000e+02 7.9270001221e+02 7.9279998779e+02 7.9279998779e+02 7.9270001221e+02 7.9259997559e+02 7.9250000000e+02 7.9229998779e+02 7.9220001221e+02 7.9209997559e+02 7.9200000000e+02 7.9200000000e+02 7.9200000000e+02 7.9200000000e+02 7.9209997559e+02 7.9229998779e+02 7.9240002441e+02 7.9250000000e+02 7.9279998779e+02 7.9300000000e+02 7.9320001221e+02 7.9359997559e+02 7.9379998779e+02 7.9420001221e+02 7.9459997559e+02 7.9500000000e+02 7.9529998779e+02 7.9559997559e+02 7.9590002441e+02 7.9600000000e+02 7.9629998779e+02 7.9659997559e+02 7.9700000000e+02 7.9729998779e+02 7.9779998779e+02 7.9820001221e+02 7.9859997559e+02
7.9000000000e+02 7.9009997559e+02 7.9029998779e+02 7.9040002441e+02 7.9059997559e+02 7.9079998779e+02 7.9100000000e+02 7.9120001221e+02 7.9140002441e+02 7.9170001221e+02 7.9190002441e+02 7.9200000000e+02 7.9209997559e+02 7.9209997559e+02 7.9200000000e+02 7.9190002441e+02 7.9170001221e+02 7.9159997559e+02 7.9140002441e+02 7.9129998779e+02 7.9129998779e+02 7.9129998779e+02 7.9129998779e+02 7.9140002441e+02 7.9159997559e+02 7.9170001221e+02 7.9190002441e+02 7.9200000000e+02 7.9229998779e+02 7.9259997559e+02 7.9290002441e+02 7.9329998779e+02 7.9370001221e+02 7.9409997559e+02 7.9440002441e+02 7.9470001221e+02 7.9490002441e+02 7.9520001221e+02 7.9540002441e+02 7.9559997559e+02 7.9600000000e+02 7.9629998779e+02 7.9670001221e+02 7.9709997559e+02 7.9759997559e+02 7.9800000000e+02
7.8920001221e+02 7.8940002441e+02 7.8959997559e+02 7.8970001221e+02 7.8990002441e+02 7.9009997559e+02 7.9020001221e+02 7.9040002441e+02 7.9070001221e+02 7.9090002441e+02 7.9109997559e+02 7.9120001221e+02 7.9140002441e+02 7.9140002441e+02 7.9140002441e+02 7.9120001221e+02 7.9100000000e+02 7.9090002441e+02 7.9079998779e+02 7.9070001221e+02 7.9070001221e+02 7.9070001221e+02 7.9070001221e+02 7.9079998779e+02 7.9090002441e+02 7.9100000000e+02 7.9120001221e+02 7.9140002441e+02 7.9159997559e+02 7.9200000000e+02 7.9229998779e+02 7.9259997559e+02 7.9309997559e+02 7.9350000000e+02 7.9379998779e+02 7.9409997559e+02 7.9420001221e+02 7.9440002441e+02 7.9459997559e+02 7.9490002441e+02 7.9529998779e+02 7.9559997559e+02 7.9600000000e+02 7.9640002441e+02 7.9690002441e+02 7.9740002441e+02
7.8850000000e+02 7.8870001221e+02 7.8890002441e+02 7.8900000000e+02 7.8920001221e+02 7.8929998779e+02 7.8950000000e+02 7.8970001221e+02 7.8990002441e+02 7.9009997559e+02 7.9029998779e+02 7.9050000000e+02 7.9059997559e+02 7.9059997559e+02 7.9059997559e+02 7.9050000000e+02 7.9040002441e+02 7.9020001221e+02 7.9020001221e+02 7.9009997559e+02 7.9000000000e+02 7.9000000000e+02 7.9009997559e+02 7.9009997559e+02 7.9020001221e+02 7.9029998779e+02 7.9040002441e+02 7.9070001221e+02 7.9100000000e+02 7.9129998779e+02 7.9159997559e+02 7.9200000000e+02 7.9240002441e+02 7.9279998779e+02 7.9309997559e+02 7.9340002441e+02 7.9350000000e+02 7.9370001221e+02 7.9390002441e+02 7.9429998779e+02 7.9470001221e+02 7.9500000000e+02 7.9540002441e+02 7.9579998779e+02 7.9629998779e+02 7.9679998779e+02
7.8790002441e+02 7.8800000000e+02 7.8820001221e+02 7.8840002441e+02 7.8850000000e+02 7.8859997559e+02 7.8879998779e+02 7.8890002441e+02 7.8900000000e+02 7.8920001221e+02 7.8950000000e+02 7.8959997559e+02 7.8979998779e+02 7.8979998779e+02 7.8970001221e+02 7.8970001221e+02 7.8970001221e+02 7.8959997559e+02 7.8950000000e+02 7.8940002441e+02 7.8929998779e+02 7.8940002441e+02 7.8940002441e+02 7.8950000000e+02 7.8950000000e+02 7.8959997559e+02 7.8970001221e+02 7.9000000000e+02 7.9029998779e+02 7.9059997559e+02 7.9090002441e+02 7.9129998779e+02 7.9170001221e+02 7.9209997559e+02 7.9240002441e+02 7.9259997559e+02 7.9279998779e+02 7.9309997559e+02 7.9329998779e+02 7.9370001221e+02 7.9409997559e+02 7.9450000000e+02 7.9479998779e+02 7.9529998779e+02 7.9570001221e+02 7.9620001221e+02
7.8720001221e+02 7.8740002441e+02 7.8759997559e+02 7.8779998779e+02 7.8790002441e+02 7.8790002441e+02 7.8800000000e+02 7.8809997559e+02 7.8820001221e+02 7.8840002441e+02 7.8859997559e+02 7.8870001221e+02 7.8890002441e+02 7.8900000000e+02 7.8890002441e+02 7.8890002441e+02 7.8890002441e+02 7.8890002441e+02 7.8879998779e+02 7.8879998779e+02 7.8870001221e+02 7.8870001221e+02 7.8879998779e+02 7.8879998779e+02 7.8890002441e+02 7.8890002441e+02 7.8909997559e+02 7.8929998779e+02 7.8959997559e+02 7.9000000000e+02 7.9029998779e+02 7.9059997559e+02 7.9100000000e+02 7.9140002441e+02 7.9170001221e+02 7.9190002441e+02 7.9209997559e+02 7.9240002441e+02 7.9270001221e+02 7.9309997559e+02 7.9350000000e+02 7.9390002441e+02 7.9429998779e+02 7.9470001221e+02 7.9509997559e+02 7.9550000000e+02
7.8659997559e+02 7.8679998779e+02 7.8700000000e+02 7.8709997559e+02 7.8709997559e+02 7.8720001221e+02 7.8720001221e+02 7.8729998779e+02 7.8740002441e+02 7.8759997559e+02 7.8770001221e+02 7.8779998779e+02 7.8800000000e+02 7.8809997559e+02 7.8809997559e+02 7.8809997559e+02 7.8809997559e+02 7.8809997559e+02 7.8809997559e+02 7.8809997559e+02 7.8809997559e+02 7.8809997559e+02 7.8809997559e+02 7.8809997559e+02 7.8820001221e+02 7.8829998779e+02 7.8840002441e+02 7.8859997559e+02 7.8879998779e+02 7.8909997559e+02 7.8950000000e+02 7.8990002441e+02 7.9029998779e+02 7.9070001221e+02 7.9100000000e+02 7.9120001221e+02 7.9140002441e+02 7.9159997559e+02 7.9200000000e+02 7.9240002441e+02 7.9279998779e+02 7.9320001221e+02 7.9359997559e+02 7.9409997559e+02 7.9450000000e+02 7.9500000000e+02
7.8609997559e+02 7.8629998779e+02 7.8640002441e+02 7.8650000000e+02 7.8650000000e+02 7.8650000000e+02 7.8650000000e+02 7.8650000000e+02 7.8650000000e+02 7.8659997559e+02 7.8670001221e+02 7.8679998779e+02 7.8700000000e+02 7.8720001221e+02 7.8720001221e+02 7.8720001221e+02 7.8729998779e+02 7.8729998779e+02 7.8729998779e+02 7.8740002441e+02 7.8740002441e+02 7.8740002441e+02 7.8740002441e+02 7.8740002441e+02 7.8750000000e+02 7.8759997559e+02 7.8770001221e+02 7.8790002441e+02 7.8800000000e+02 7.8829998779e+02 7.8870001221e+02 7.8909997559e+02 7.8950000000e+02 7.8979998779e+02 7.9020001221e+02 7.9050000000e+02 7.9070001221e+02 7.9100000000e+02 7.9140002441e+02 7.9179998779e+02 7.9220001221e+02 7.9270001221e+02 7.9309997559e+02 7.9350000000e+02 7.9390002441e+02 7.9440002441e+02
7.8559997559e+02 7.8579998779e+02 7.8590002441e+02 7.8590002441e+02 7.8590002441e+02 7.8590002441e+02 7.8579998779e+02 7.8579998779e+02 7.8579998779e+02 7.8579998779e+02 7.8590002441e+02 7.8590002441e+02 7.8609997559e+02 7.8629998779e+02 7.8629998779e+02 7.8640002441e+02 7.8640002441e+02 7.8640002441e+02 7.8650000000e+02 7.8650000000e+02 7.8659997559e+02 7.8659997559e+02 7.8659997559e+02 7.8670001221e+02 7.8679998779e+02 7.8690002441e+02 7.8700000000e+02 7.8720001221e+02 7.8740002441e+02 7.8759997559e+02 7.8790002441e+02 7.8840002441e+02 7.8870001221e+02 7.8900000000e+02 7.8940002441e+02 7.8970001221e+02 7.9000000000e+02 7.9040002441e+02 7.9079998779e+02 7.9120001221e+02 7.9150000000e+02 7.9200000000e+02 7.9250000000e+02 7.9279998779e+02 7.9329998779e+02 7.9379998779e+02
7.8520001221e+02 7.8529998779e+02 7.8540002441e+02 7.8529998779e+02 7.8529998779e+02 7.8520001221e+02 7.8520001221e+02 7.8520001221e+02 7.8509997559e+02 7.8500000000e+02 7.8509997559e+02 7.8520001221e+02 7.8529998779e+02 7.8540002441e+02 7.8540002441e+02 7.8550000000e+02 7.8559997559e+02 7.8559997559e+02 7.8559997559e+02 7.8570001221e+02 7.8579998779e+02 7.8590002441e+02 7.8600000000e+02 7.8609997559e+02 7.8609997559e+02 7.8609997559e+02 7.8629998779e+02 7.8650000000e+02 7.8670001221e+02 7.8700000000e+02 7.8729998779e+02 7.8770001221e+02 7.8800000000e+02 7.8829998779e+02 7.8859997559e+02 7.8900000000e+02 7.8929998779e+02 7.8970001221e+02 7.9009997559e+02 7.9050000000e+02 7.9079998779e+02 7.9129998779e+02 7.9170001221e+02 7.9209997559e+02 7.9259997559e+02 7.9320001221e+02
7.8459997559e+02 7.8479998779e+02 7.8470001221e+02 7.8459997559e+02 7.8450000000e+02 7.8450000000e+02 7.8440002441e+02 7.8440002441e+02 7.8440002441e+02 7.8429998779e+02 7.8440002441e+02 7.8440002441e+02 7.8440002441e+02 7.8450000000e+02 7.8450000000e+02 7.8459997559e+02 7.8470001221e+02 7.8479998779e+02 7.8479998779e+02 7.8490002441e+02 7.8500000000e+02 7.8520001221e+02 7.8529998779e+02 7.8540002441e+02 7.8540002441e+02 7.8540002441e+02 7.8559997559e+02 7.8579998779e+02 7.8600000000e+02 7.8640002441e+02 7.8670001221e+02 7.8709997559e+02 7.8750000000e+02 7.8779998779e+02 7.8800000000e+02 7.8840002441e+02 7.8879998779e+02 7.8909997559e+02 7.8950000000e+02 7.8990002441e+02 7.9020001221e+02 7.9059997559e+02 7.9109997559e+02 7.9150000000e+02 7.9209997559e+02 7.9270001221e+02
7.8409997559e+02 7.8409997559e+02 7.8400000000e+02 7.8390002441e+02 7.8379998779e+02 7.8370001221e+02 7.8359997559e+02 7.8359997559e+02 7.8359997559e+02 7.8370001221e+02 7.8379998779e+02 7.8370001221e+02 7.8370001221e+02 7.8370001221e+02 7.8370001221e+02 7.8390002441e+02 7.8400000000e+02 7.8400000000e+02 7.8409997559e+02 7.8420001221e+02 7.8429998779e+02 7.8450000000e+02 7.8459997559e+02 7.8470001221e+02 7.8479998779e+02 7.8479998779e+02 7.8500000000e+02 7.8520001221e+02 7.8540002441e+02 7.8579998779e+02 7.8620001221e+02 7.8659997559e+02 7.8690002441e+02 7.8720001221e+02 7.8740002441e+02 7.8770001221e+02 7.8809997559e+02 7.8840002441e+02 7.8879998779e+02 7.8920001221e+02 7.8959997559e+02 7.9000000000e+02 7.9050000000e+02 7.9100000000e+02 7.9150000000e+02 7.9209997559e+02
7.8340002441e+02 7.8340002441e+02 7.8320001221e+02 7.8309997559e+02 7.8300000000e+02 7.8279998779e+02 7.8279998779e+02 7.8279998779e+02 7.8290002441e+02 7.8300000000e+02 7.8300000000e+02 7.8300000000e+02 7.8300000000e+02 7.8300000000e+02 7.8300000000e+02 7.8320001221e+02 7.8320001221e+02 7.8329998779e+02 7.8340002441e+02 7.8350000000e+02 7.8359997559e+02 7.8379998779e+02 7.8400000000e+02 7.8409997559e+02 7.8420001221e+02 7.8420001221e+02 7.8440002441e+02 7.8459997559e+02 7.8490002441e+02 7.8520001221e+02 7.8559997559e+02 7.8600000000e+02 7.8629998779e+02 7.8650000000e+02 7.8679998779e+02 7.8709997559e+02 7.8740002441e+02 7.8779998779e+02 7.8820001221e+02 7.8859997559e+02 7.8890002441e+02 7.8940002441e+02 7.8990002441e+02 7.9040002441e+02 7.9090002441e+02 7.9140002441e+02
7.8240002441e+02 7.8240002441e+02 7.8229998779e+02 7.8220001221e+02 7.8209997559e+02 7.8190002441e+02 7.8179998779e+02 7.8190002441e+02 7.8200000000e+02 7.8209997559e+02 7.8209997559e+02 7.8209997559e+02 7.8220001221e+02 7.8229998779e+02 7.8229998779e+02 7.8240002441e+02 7.8250000000e+02 7.8259997559e+02 7.8279998779e+02 7.8279998779e+02 7.8290002441e+02 7.8309997559e+02 7.8320001221e+02 7.8340002441e+02 7.8359997559e+02 7.8370001221e+02 7.8390002441e+02 7.8409997559e+02 7.8429998779e+02 7.8459997559e+02 7.8490002441e+02 7.8529998779e+02 7.8559997559e+02 7.8579998779e+02 7.8609997559e+02 7.8650000000e+02 7.8679998779e+02 7.8709997559e+02 7.8750000000e+02 7.8790002441e+02 7.8820001221e+02 7.8870001221e+02 7.8920001221e+02 7.8970001221e+02 7.9029998779e+02 7.9079998779e+02
7.8120001221e+02 7.8129998779e+02 7.8129998779e+02 7.8140002441e+02 7.8120001221e+02 7.8090002441e+02 7.8079998779e+02 7.8090002441e+02 7.8100000000e+02 7.8100000000e+02 7.8100000000e+02 7.8109997559e+02 7.8120001221e+02 7.8140002441e+02 7.8159997559e+02 7.8159997559e+02 7.8170001221e+02 7.8190002441e+02 7.8200000000e+02 7.8209997559e+02 7.8220001221e+02 7.8240002441e+02 7.8250000000e+02 7.8270001221e+02 7.8300000000e+02 7.8320001221e+02 7.8329998779e+02 7.8340002441e+02 7.8359997559e+02 7.8390002441e+02 7.8429998779e+02 7.8459997559e+02 7.8500000000e+02 7.8529998779e+02 7.8559997559e+02 7.8590002441e+02 7.8629998779e+02 7.8659997559e+02 7.8700000000e+02 7.8729998779e+02 7.8759997559e+02 7.8800000000e+02 7.8859997559e+02 7.8909997559e+02 7.8970001221e+02 7.9020001221e+02
7.8020001221e+02 7.8020001221e+02 7.8029998779e+02 7.8040002441e+02 7.8020001221e+02 7.7990002441e+02 7.7979998779e+02 7.7990002441e+02 7.7990002441e+02 7.8000000000e+02 7.8000000000e+02 7.8009997559e+02 7.8029998779e+02 7.8059997559e+02 7.8079998779e+02 7.8090002441e+02 7.8100000000e+02 7.8109997559e+02 7.8120001221e+02 7.8140002441e+02 7.8150000000e+02 7.8159997559e+02 7.8179998779e+02 7.8209997559e+02 7.8229998779e+02 7.8250000000e+02 7.8259997559e+02 7.8270001221e+02 7.8290002441e+02 7.8320001221e+02 7.8359997559e+02 7.8409997559e+02 7.8450000000e+02 7.8479998779e+02 7.8509997559e+02 7.8540002441e+02 7.8570001221e+02 7.8609997559e+02 7.8640002441e+02 7.8679998779e+02 7.8700000000e+02 7.8740002441e+02 7.8800000000e+02 7.8870001221e+02 7.8920001221e+02 7.8950000000e+02
7.7920001221e+02 7.7920001221e+02 7.7909997559e+02 7.7909997559e+02 7.7909997559e+02 7.7890002441e+02 7.7890002441e+02 7.7890002441e+02 7.7890002441e+02 7.7890002441e+02 7.7900000000e+02 7.7920001221e+02 7.7950000000e+02 7.7970001221e+02 7.8000000000e+02 7.8020001221e+02 7.8029998779e+02 7.8040002441e+02 7.8050000000e+02 7.8070001221e+02 7.8079998779e+02 7.8100000000e+02 7.8109997559e+02 7.8140002441e+02 7.8159997559e+02 7.8190002441e+02 7.8200000000e+02 7.8220001221e+02 7.8240002441e+02 7.8270001221e+02 7.8309997559e+02 7.8350000000e+02 7.8390002441e+02 7.8420001221e+02 7.8459997559e+02 7.8490002441e+02 7.8520001221e+02 7.8540002441e+02 7.8579998779e+02 7.8620001221e+02 7.8650000000e+02 7.8690002441e+02 7.8750000000e+02 7.8809997559e+02 7.8859997559e+02 7.8879998779e+02
7.7829998779e+02 7.7829998779e+02 7.7820001221e+02 7.7809997559e+02 7.7800000000e+02 7.7800000000e+02 7.7800000000e+02 7.7800000000e+02 7.7800000000e+02 7.7809997559e+02 7.7820001221e+02 7.7840002441e+02 7.7870001221e+02 7.7900000000e+02 7.7929998779e+02 7.7950000000e+02 7.7959997559e+02 7.7970001221e+02 7.7990002441e+02 7.8000000000e+02 7.8009997559e+02 7.8029998779e+02 7.8050000000e+02 7.8070001221e+02 7.8100000000e+02 7.8129998779e+02 7.8150000000e+02 7.8170001221e+02 7.8190002441e+02 7.8220001221e+02 7.8259997559e+02 7.8290002441e+02 7.8329998779e+02 7.8359997559e+02 7.8400000000e+02 7.8429998779e+02 7.8459997559e+02 7.8479998779e+02 7.8509997559e+02 7.8550000000e+02 7.8579998779e+02 7.8620001221e+02 7.8679998779e+02 7.8740002441e+02 7.8779998779e+02 7.8800000000e+02
7.7740002441e+02 7.7740002441e+02 7.7729998779e+02 7.7720001221e+02 7.7720001221e+02 7.7709997559e+02 7.7709997559e+02 7.7709997559e+02 7.7720001221e+02 7.7729998779e+02 7.7750000000e+02 7.7770001221e+02 7.7800000000e+02 7.7829998779e+02 7.7859997559e+02 7.7879998779e+02 7.7890002441e+02 7.7900000000e+02 7.7909997559e+02 7.7929998779e+02 7.7950000000e+02 7.7959997559e+02 7.7990002441e+02 7.8009997559e+02 7.8029998779e+02 7.8059997559e+02 7.8090002441e+02 7.8109997559e+02 7.8140002441e+02 7.8170001221e+02 7.8209997559e+02 7.8240002441e+02 7.8279998779e+02 7.8309997559e+02 7.8340002441e+02 7.8370001221e+02 7.8390002441e+02 7.8420001221e+02 7.8450000000e+02 7.8479998779e+02 7.8509997559e+02 7.8550000000e+02 7.8600000000e+02 7.8650000000e+02 7.8679998779e+02 7.8709997559e+02
