DGM_1M_UPPER_AUSTRIA/10/11.asc
NCOLS 100
NROWS 100
XLLCORNER 6.1150500000e+04
YLLCORNER 2.9418850000e+05
CELLSIZE 1.0000000000e+00
NODATA_VALUE -9.9990000000e+03
[rows 80 to 99 of 100, columns 46 to 91 of 100]
6.5679998779e+02 6.5679998779e+02 6.5670001221e+02 6.5650000000e+02 6.5629998779e+02 6.5600000000e+02 6.5570001221e+02 6.5559997559e+02 6.5559997559e+02 6.5550000000e+02 6.5540002441e+02 6.5520001221e+02 6.5500000000e+02 6.5490002441e+02 6.5479998779e+02 6.5479998779e+02 6.5479998779e+02 6.5459997559e+02 6.5440002441e+02 6.5409997559e+02 6.5379998779e+02 6.5340002441e+02 6.5300000000e+02 6.5270001221e+02 6.5250000000e+02 6.5229998779e+02 6.5209997559e+02 6.5200000000e+02 6.5200000000e+02 6.5209997559e+02 6.5240002441e+02 6.5279998779e+02 6.5320001221e+02 6.5329998779e+02 6.5329998779e+02 6.5340002441e+02 6.5350000000e+02 6.5340002441e+02 6.5340002441e+02 6.5350000000e+02 6.5350000000e+02 6.5329998779e+02 6.5270001221e+02 6.5190002441e+02 6.5109997559e+02 6.5029998779e+02
6.5640002441e+02 6.5629998779e+02 6.5609997559e+02 6.5579998779e+02 6.5550000000e+02 6.5529998779e+02 6.5509997559e+02 6.5500000000e+02 6.5490002441e+02 6.5490002441e+02 6.5479998779e+02 6.5459997559e+02 6.5440002441e+02 6.5429998779e+02 6.5409997559e+02 6.5409997559e+02 6.5409997559e+02 6.5390002441e+02 6.5370001221e+02 6.5340002441e+02 6.5300000000e+02 6.5270001221e+02 6.5250000000e+02 6.5229998779e+02 6.5190002441e+02 6.5150000000e+02 6.5120001221e+02 6.5109997559e+02 6.5120001221e+02 6.5129998779e+02 6.5140002441e+02 6.5179998779e+02 6.5229998779e+02 6.5250000000e+02 6.5259997559e+02 6.5270001221e+02 6.5270001221e+02 6.5259997559e+02 6.5250000000e+02 6.5250000000e+02 6.5259997559e+02 6.5240002441e+02 6.5190002441e+02 6.5120001221e+02 6.5050000000e+02 6.4970001221e+02
6.5590002441e+02 6.5579998779e+02 6.5559997559e+02 6.5520001221e+02 6.5500000000e+02 6.5470001221e+02 6.5450000000e+02 6.5440002441e+02 6.5429998779e+02 6.5429998779e+02 6.5429998779e+02 6.5420001221e+02 6.5400000000e+02 6.5370001221e+02 6.5329998779e+02 6.5320001221e+02 6.5320001221e+02 6.5309997559e+02 6.5290002441e+02 6.5270001221e+02 6.5240002441e+02 6.5229998779e+02 6.5220001221e+02 6.5190002441e+02 6.5150000000e+02 6.5079998779e+02 6.5040002441e+02 6.5029998779e+02 6.5040002441e+02 6.5050000000e+02 6.5059997559e+02 6.5079998779e+02 6.5129998779e+02 6.5170001221e+02 6.5179998779e+02 6.5179998779e+02 6.5170001221e+02 6.5170001221e+02 6.5159997559e+02 6.5159997559e+02 6.5170001221e+02 6.5150000000e+02 6.5090002441e+02 6.5029998779e+02 6.4970001221e+02 6.4879998779e+02
6.5550000000e+02 6.5529998779e+02 6.5509997559e+02 6.5470001221e+02 6.5440002441e+02 6.5420001221e+02 6.5390002441e+02 6.5379998779e+02 6.5379998779e+02 6.5379998779e+02 6.5379998779e+02 6.5370001221e+02 6.5350000000e+02 6.5309997559e+02 6.5259997559e+02 6.5220001221e+02 6.5209997559e+02 6.5209997559e+02 6.5209997559e+02 6.5209997559e+02 6.5200000000e+02 6.5190002441e+02 6.5179998779e+02 6.5150000000e+02 6.5100000000e+02 6.5020001221e+02 6.4970001221e+02 6.4959997559e+02 6.4959997559e+02 6.4970001221e+02 6.4979998779e+02 6.4990002441e+02 6.5040002441e+02 6.5079998779e+02 6.5079998779e+02 6.5070001221e+02 6.5059997559e+02 6.5070001221e+02 6.5079998779e+02 6.5079998779e+02 6.5079998779e+02 6.5050000000e+02 6.5000000000e+02 6.4929998779e+02 6.4870001221e+02 6.4790002441e+02
6.5500000000e+02 6.5479998779e+02 6.5450000000e+02 6.5420001221e+02 6.5390002441e+02 6.5359997559e+02 6.5340002441e+02 6.5340002441e+02 6.5329998779e+02 6.5329998779e+02 6.5329998779e+02 6.5320001221e+02 6.5300000000e+02 6.5259997559e+02 6.5200000000e+02 6.5150000000e+02 6.5109997559e+02 6.5100000000e+02 6.5120001221e+02 6.5150000000e+02 6.5150000000e+02 6.5129998779e+02 6.5109997559e+02 6.5079998779e+02 6.5029998779e+02 6.4950000000e+02 6.4900000000e+02 6.4879998779e+02 6.4890002441e+02 6.4890002441e+02 6.4900000000e+02 6.4900000000e+02 6.4940002441e+02 6.4959997559e+02 6.4959997559e+02 6.4950000000e+02 6.4950000000e+02 6.4970001221e+02 6.4990002441e+02 6.4990002441e+02 6.4979998779e+02 6.4950000000e+02 6.4890002441e+02 6.4829998779e+02 6.4770001221e+02 6.4709997559e+02
6.5450000000e+02 6.5429998779e+02 6.5400000000e+02 6.5370001221e+02 6.5340002441e+02 6.5309997559e+02 6.5290002441e+02 6.5279998779e+02 6.5279998779e+02 6.5270001221e+02 6.5259997559e+02 6.5250000000e+02 6.5240002441e+02 6.5209997559e+02 6.5150000000e+02 6.5100000000e+02 6.5050000000e+02 6.5029998779e+02 6.5040002441e+02 6.5070001221e+02 6.5070001221e+02 6.5059997559e+02 6.5040002441e+02 6.5009997559e+02 6.4950000000e+02 6.4870001221e+02 6.4820001221e+02 6.4800000000e+02 6.4809997559e+02 6.4809997559e+02 6.4809997559e+02 6.4820001221e+02 6.4840002441e+02 6.4859997559e+02 6.4850000000e+02 6.4840002441e+02 6.4850000000e+02 6.4870001221e+02 6.4890002441e+02 6.4900000000e+02 6.4879998779e+02 6.4840002441e+02 6.4790002441e+02 6.4729998779e+02 6.4690002441e+02 6.4640002441e+02
6.5379998779e+02 6.5370001221e+02 6.5340002441e+02 6.5320001221e+02 6.5290002441e+02 6.5259997559e+02 6.5240002441e+02 6.5220001221e+02 6.5209997559e+02 6.5200000000e+02 6.5179998779e+02 6.5170001221e+02 6.5159997559e+02 6.5140002441e+02 6.5090002441e+02 6.5040002441e+02 6.5000000000e+02 6.4979998779e+02 6.4979998779e+02 6.4990002441e+02 6.5000000000e+02 6.5000000000e+02 6.4979998779e+02 6.4929998779e+02 6.4870001221e+02 6.4790002441e+02 6.4750000000e+02 6.4740002441e+02 6.4729998779e+02 6.4729998779e+02 6.4729998779e+02 6.4750000000e+02 6.4759997559e+02 6.4759997559e+02 6.4759997559e+02 6.4750000000e+02 6.4759997559e+02 6.4779998779e+02 6.4809997559e+02 6.4809997559e+02 6.4790002441e+02 6.4740002441e+02 6.4690002441e+02 6.4650000000e+02 6.4600000000e+02 6.4550000000e+02
6.5300000000e+02 6.5279998779e+02 6.5270001221e+02 6.5250000000e+02 6.5240002441e+02 6.5220001221e+02 6.5190002441e+02 6.5170001221e+02 6.5140002441e+02 6.5120001221e+02 6.5100000000e+02 6.5090002441e+02 6.5070001221e+02 6.5050000000e+02 6.5009997559e+02 6.4950000000e+02 6.4929998779e+02 6.4920001221e+02 6.4920001221e+02 6.4929998779e+02 6.4929998779e+02 6.4929998779e+02 6.4909997559e+02 6.4870001221e+02 6.4800000000e+02 6.4729998779e+02 6.4700000000e+02 6.4679998779e+02 6.4670001221e+02 6.4659997559e+02 6.4659997559e+02 6.4659997559e+02 6.4670001221e+02 6.4670001221e+02 6.4659997559e+02 6.4659997559e+02 6.4670001221e+02 6.4700000000e+02 6.4720001221e+02 6.4729998779e+02 6.4700000000e+02 6.4659997559e+02 6.4609997559e+02 6.4559997559e+02 6.4520001221e+02 6.4470001221e+02
6.5209997559e+02 6.5190002441e+02 6.5179998779e+02 6.5179998779e+02 6.5170001221e+02 6.5150000000e+02 6.5129998779e+02 6.5090002441e+02 6.5059997559e+02 6.5029998779e+02 6.5009997559e+02 6.5000000000e+02 6.4979998779e+02 6.4959997559e+02 6.4920001221e+02 6.4870001221e+02 6.4850000000e+02 6.4850000000e+02 6.4859997559e+02 6.4859997559e+02 6.4859997559e+02 6.4859997559e+02 6.4850000000e+02 6.4809997559e+02 6.4740002441e+02 6.4679998779e+02 6.4650000000e+02 6.4629998779e+02 6.4609997559e+02 6.4590002441e+02 6.4590002441e+02 6.4590002441e+02 6.4579998779e+02 6.4570001221e+02 6.4570001221e+02 6.4579998779e+02 6.4590002441e+02 6.4609997559e+02 6.4620001221e+02 6.4629998779e+02 6.4609997559e+02 6.4559997559e+02 6.4509997559e+02 6.4470001221e+02 6.4429998779e+02 6.4379998779e+02
6.5129998779e+02 6.5120001221e+02 6.5109997559e+02 6.5100000000e+02 6.5079998779e+02 6.5059997559e+02 6.5029998779e+02 6.5009997559e+02 6.4970001221e+02 6.4940002441e+02 6.4920001221e+02 6.4900000000e+02 6.4879998779e+02 6.4859997559e+02 6.4829998779e+02 6.4800000000e+02 6.4790002441e+02 6.4779998779e+02 6.4790002441e+02 6.4790002441e+02 6.4790002441e+02 6.4790002441e+02 6.4779998779e+02 6.4729998779e+02 6.4670001221e+02 6.4609997559e+02 6.4579998779e+02 6.4559997559e+02 6.4540002441e+02 6.4520001221e+02 6.4509997559e+02 6.4500000000e+02 6.4490002441e+02 6.4479998779e+02 6.4490002441e+02 6.4509997559e+02 6.4520001221e+02 6.4520001221e+02 6.4520001221e+02 6.4509997559e+02 6.4490002441e+02 6.4450000000e+02 6.4400000000e+02 6.4370001221e+02 6.4329998779e+02 6.4290002441e+02
6.5050000000e+02 6.5040002441e+02 6.5040002441e+02 6.5020001221e+02 6.4990002441e+02 6.4959997559e+02 6.4940002441e+02 6.4909997559e+02 6.4879998779e+02 6.4859997559e+02 6.4829998779e+02 6.4809997559e+02 6.4790002441e+02 6.4779998779e+02 6.4750000000e+02 6.4729998779e+02 6.4720001221e+02 6.4720001221e+02 6.4709997559e+02 6.4720001221e+02 6.4720001221e+02 6.4709997559e+02 6.4690002441e+02 6.4640002441e+02 6.4579998779e+02 6.4540002441e+02 6.4509997559e+02 6.4479998779e+02 6.4459997559e+02 6.4440002441e+02 6.4420001221e+02 6.4400000000e+02 6.4390002441e+02 6.4390002441e+02 6.4400000000e+02 6.4420001221e+02 6.4429998779e+02 6.4429998779e+02 6.4420001221e+02 6.4409997559e+02 6.4379998779e+02 6.4340002441e+02 6.4300000000e+02 6.4270001221e+02 6.4240002441e+02 6.4200000000e+02
6.4970001221e+02 6.4970001221e+02 6.4959997559e+02 6.4940002441e+02 6.4909997559e+02 6.4879998779e+02 6.4859997559e+02 6.4829998779e+02 6.4809997559e+02 6.4790002441e+02 6.4759997559e+02 6.4740002441e+02 6.4729998779e+02 6.4709997559e+02 6.4690002441e+02 6.4670001221e+02 6.4659997559e+02 6.4650000000e+02 6.4640002441e+02 6.4640002441e+02 6.4629998779e+02 6.4620001221e+02 6.4590002441e+02 6.4550000000e+02 6.4509997559e+02 6.4470001221e+02 6.4429998779e+02 6.4409997559e+02 6.4379998779e+02 6.4359997559e+02 6.4329998779e+02 6.4300000000e+02 6.4290002441e+02 6.4290002441e+02 6.4300000000e+02 6.4320001221e+02 6.4329998779e+02 6.4320001221e+02 6.4309997559e+02 6.4300000000e+02 6.4270001221e+02 6.4240002441e+02 6.4209997559e+02 6.4170001221e+02 6.4140002441e+02 6.4109997559e+02
6.4920001221e+02 6.4920001221e+02 6.4900000000e+02 6.4870001221e+02 6.4840002441e+02 6.4800000000e+02 6.4779998779e+02 6.4759997559e+02 6.4750000000e+02 6.4729998779e+02 6.4720001221e+02 6.4700000000e+02 6.4690002441e+02 6.4670001221e+02 6.4650000000e+02 6.4620001221e+02 6.4590002441e+02 6.4570001221e+02 6.4550000000e+02 6.4559997559e+02 6.4550000000e+02 6.4529998779e+02 6.4509997559e+02 6.4470001221e+02 6.4429998779e+02 6.4400000000e+02 6.4359997559e+02 6.4340002441e+02 6.4320001221e+02 6.4279998779e+02 6.4240002441e+02 6.4209997559e+02 6.4200000000e+02 6.4200000000e+02 6.4209997559e+02 6.4209997559e+02 6.4220001221e+02 6.4209997559e+02 6.4200000000e+02 6.4190002441e+02 6.4170001221e+02 6.4159997559e+02 6.4129998779e+02 6.4090002441e+02 6.4070001221e+02 6.4040002441e+02
6.4900000000e+02 6.4890002441e+02 6.4870001221e+02 6.4840002441e+02 6.4790002441e+02 6.4750000000e+02 6.4720001221e+02 6.4709997559e+02 6.4700000000e+02 6.4679998779e+02 6.4670001221e+02 6.4659997559e+02 6.4650000000e+02 6.4629998779e+02 6.4609997559e+02 6.4570001221e+02 6.4540002441e+02 6.4509997559e+02 6.4500000000e+02 6.4490002441e+02 6.4470001221e+02 6.4440002441e+02 6.4409997559e+02 6.4379998779e+02 6.4340002441e+02 6.4300000000e+02 6.4290002441e+02 6.4279998779e+02 6.4259997559e+02 6.4220001221e+02 6.4179998779e+02 6.4150000000e+02 6.4140002441e+02 6.4129998779e+02 6.4129998779e+02 6.4120001221e+02 6.4120001221e+02 6.4120001221e+02 6.4109997559e+02 6.4109997559e+02 6.4109997559e+02 6.4109997559e+02 6.4079998779e+02 6.4040002441e+02 6.4020001221e+02 6.4009997559e+02
6.4909997559e+02 6.4870001221e+02 6.4840002441e+02 6.4820001221e+02 6.4779998779e+02 6.4750000000e+02 6.4729998779e+02 6.4720001221e+02 6.4700000000e+02 6.4679998779e+02 6.4670001221e+02 6.4640002441e+02 6.4620001221e+02 6.4609997559e+02 6.4579998779e+02 6.4559997559e+02 6.4529998779e+02 6.4520001221e+02 6.4509997559e+02 6.4470001221e+02 6.4429998779e+02 6.4379998779e+02 6.4340002441e+02 6.4300000000e+02 6.4259997559e+02 6.4229998779e+02 6.4220001221e+02 6.4220001221e+02 6.4200000000e+02 6.4159997559e+02 6.4140002441e+02 6.4129998779e+02 6.4109997559e+02 6.4100000000e+02 6.4090002441e+02 6.4079998779e+02 6.4079998779e+02 6.4070001221e+02 6.4070001221e+02 6.4070001221e+02 6.4090002441e+02 6.4090002441e+02 6.4059997559e+02 6.4020001221e+02 6.4009997559e+02 6.3990002441e+02
6.4950000000e+02 6.4909997559e+02 6.4870001221e+02 6.4840002441e+02 6.4809997559e+02 6.4790002441e+02 6.4770001221e+02 6.4759997559e+02 6.4740002441e+02 6.4720001221e+02 6.4700000000e+02 6.4679998779e+02 6.4640002441e+02 6.4620001221e+02 6.4600000000e+02 6.4579998779e+02 6.4559997559e+02 6.4550000000e+02 6.4540002441e+02 6.4500000000e+02 6.4450000000e+02 6.4400000000e+02 6.4340002441e+02 6.4279998779e+02 6.4240002441e+02 6.4209997559e+02 6.4179998779e+02 6.4159997559e+02 6.4150000000e+02 6.4129998779e+02 6.4120001221e+02 6.4120001221e+02 6.4100000000e+02 6.4090002441e+02 6.4090002441e+02 6.4070001221e+02 6.4059997559e+02 6.4059997559e+02 6.4059997559e+02 6.4059997559e+02 6.4070001221e+02 6.4059997559e+02 6.4040002441e+02 6.4020001221e+02 6.4000000000e+02 6.3990002441e+02
6.5020001221e+02 6.4979998779e+02 6.4940002441e+02 6.4909997559e+02 6.4870001221e+02 6.4850000000e+02 6.4820001221e+02 6.4800000000e+02 6.4770001221e+02 6.4750000000e+02 6.4729998779e+02 6.4709997559e+02 6.4700000000e+02 6.4670001221e+02 6.4650000000e+02 6.4620001221e+02 6.4609997559e+02 6.4590002441e+02 6.4559997559e+02 6.4529998779e+02 6.4479998779e+02 6.4429998779e+02 6.4370001221e+02 6.4309997559e+02 6.4270001221e+02 6.4229998779e+02 6.4190002441e+02 6.4159997559e+02 6.4150000000e+02 6.4140002441e+02 6.4120001221e+02 6.4109997559e+02 6.4090002441e+02 6.4079998779e+02 6.4070001221e+02 6.4050000000e+02 6.4040002441e+02 6.4029998779e+02 6.4029998779e+02 6.4029998779e+02 6.4040002441e+02 6.4040002441e+02 6.4020001221e+02 6.4000000000e+02 6.3990002441e+02 6.3979998779e+02
6.5090002441e+02 6.5059997559e+02 6.5040002441e+02 6.5000000000e+02 6.4950000000e+02 6.4920001221e+02 6.4890002441e+02 6.4870001221e+02 6.4840002441e+02 6.4809997559e+02 6.4779998779e+02 6.4759997559e+02 6.4750000000e+02 6.4729998779e+02 6.4709997559e+02 6.4679998779e+02 6.4650000000e+02 6.4620001221e+02 6.4590002441e+02 6.4559997559e+02 6.4520001221e+02 6.4459997559e+02 6.4400000000e+02 6.4359997559e+02 6.4320001221e+02 6.4290002441e+02 6.4250000000e+02 6.4220001221e+02 6.4190002441e+02 6.4159997559e+02 6.4140002441e+02 6.4120001221e+02 6.4100000000e+02 6.4079998779e+02 6.4059997559e+02 6.4050000000e+02 6.4040002441e+02 6.4020001221e+02 6.4009997559e+02 6.3990002441e+02 6.3990002441e+02 6.3990002441e+02 6.3979998779e+02 6.3959997559e+02 6.3959997559e+02 6.3970001221e+02
6.5170001221e+02 6.5140002441e+02 6.5120001221e+02 6.5090002441e+02 6.5050000000e+02 6.5020001221e+02 6.4990002441e+02 6.4970001221e+02 6.4940002441e+02 6.4909997559e+02 6.4879998779e+02 6.4850000000e+02 6.4829998779e+02 6.4809997559e+02 6.4790002441e+02 6.4750000000e+02 6.4709997559e+02 6.4670001221e+02 6.4640002441e+02 6.4609997559e+02 6.4559997559e+02 6.4509997559e+02 6.4470001221e+02 6.4429998779e+02 6.4400000000e+02 6.4370001221e+02 6.4329998779e+02 6.4290002441e+02 6.4250000000e+02 6.4209997559e+02 6.4179998779e+02 6.4159997559e+02 6.4129998779e+02 6.4109997559e+02 6.4090002441e+02 6.4070001221e+02 6.4059997559e+02 6.4050000000e+02 6.4029998779e+02 6.3990002441e+02 6.3959997559e+02 6.3940002441e+02 6.3920001221e+02 6.3900000000e+02 6.3909997559e+02 6.3950000000e+02
6.5229998779e+02 6.5190002441e+02 6.5179998779e+02 6.5170001221e+02 6.5140002441e+02 6.5109997559e+02 6.5090002441e+02 6.5070001221e+02 6.5040002441e+02 6.5000000000e+02 6.4970001221e+02 6.4940002441e+02 6.4909997559e+02 6.4890002441e+02 6.4870001221e+02 6.4829998779e+02 6.4779998779e+02 6.4729998779e+02 6.4700000000e+02 6.4670001221e+02 6.4640002441e+02 6.4600000000e+02 6.4559997559e+02 6.4509997559e+02 6.4479998779e+02 6.4440002441e+02 6.4400000000e+02 6.4350000000e+02 6.4309997559e+02 6.4270001221e+02 6.4229998779e+02 6.4200000000e+02 6.4179998779e+02 6.4159997559e+02 6.4129998779e+02 6.4109997559e+02 6.4090002441e+02 6.4079998779e+02 6.4059997559e+02 6.4029998779e+02 6.3979998779e+02 6.3950000000e+02 6.3909997559e+02 6.3890002441e+02 6.3900000000e+02 6.3940002441e+02
