DGM_1M_UPPER_AUSTRIA/10/11.asc
NCOLS 100
NROWS 100
XLLCORNER 6.1150500000e+04
YLLCORNER 2.9418850000e+05
CELLSIZE 1.0000000000e+00
NODATA_VALUE -9.9990000000e+03
[rows 80 to 99 of 100, columns 0 to 45 of 100]
6.6309997559e+02 6.6270001221e+02 6.6240002441e+02 6.6190002441e+02 6.6150000000e+02 6.6100000000e+02 6.6050000000e+02 6.6009997559e+02 6.5959997559e+02 6.5929998779e+02 6.5879998779e+02 6.5840002441e+02 6.5820001221e+02 6.5800000000e+02 6.5790002441e+02 6.5779998779e+02 6.5770001221e+02 6.5770001221e+02 6.5770001221e+02 6.5759997559e+02 6.5759997559e+02 6.5750000000e+02 6.5700000000e+02 6.5600000000e+02 6.5490002441e+02 6.5440002441e+02 6.5440002441e+02 6.5450000000e+02 6.5459997559e+02 6.5450000000e+02 6.5459997559e+02 6.5479998779e+02 6.5520001221e+02 6.5550000000e+02 6.5590002441e+02 6.5620001221e+02 6.5640002441e+02 6.5670001221e+02 6.5709997559e+02 6.5720001221e+02 6.5709997559e+02 6.5709997559e+02 6.5700000000e+02 6.5690002441e+02 6.5690002441e+02 6.5679998779e+02
6.6379998779e+02 6.6340002441e+02 6.6300000000e+02 6.6259997559e+02 6.6209997559e+02 6.6159997559e+02 6.6109997559e+02 6.6059997559e+02 6.6020001221e+02 6.5979998779e+02 6.5929998779e+02 6.5870001221e+02 6.5820001221e+02 6.5800000000e+02 6.5779998779e+02 6.5779998779e+02 6.5770001221e+02 6.5759997559e+02 6.5759997559e+02 6.5759997559e+02 6.5750000000e+02 6.5740002441e+02 6.5690002441e+02 6.5579998779e+02 6.5479998779e+02 6.5429998779e+02 6.5409997559e+02 6.5400000000e+02 6.5400000000e+02 6.5379998779e+02 6.5390002441e+02 6.5400000000e+02 6.5429998779e+02 6.5470001221e+02 6.5509997559e+02 6.5540002441e+02 6.5559997559e+02 6.5590002441e+02 6.5620001221e+02 6.5640002441e+02 6.5650000000e+02 6.5650000000e+02 6.5650000000e+02 6.5650000000e+02 6.5650000000e+02 6.5640002441e+02
6.6450000000e+02 6.6409997559e+02 6.6359997559e+02 6.6309997559e+02 6.6270001221e+02 6.6220001221e+02 6.6159997559e+02 6.6120001221e+02 6.6090002441e+02 6.6050000000e+02 6.5990002441e+02 6.5920001221e+02 6.5859997559e+02 6.5820001221e+02 6.5790002441e+02 6.5779998779e+02 6.5770001221e+02 6.5759997559e+02 6.5750000000e+02 6.5750000000e+02 6.5740002441e+02 6.5729998779e+02 6.5679998779e+02 6.5579998779e+02 6.5490002441e+02 6.5440002441e+02 6.5400000000e+02 6.5379998779e+02 6.5359997559e+02 6.5340002441e+02 6.5329998779e+02 6.5340002441e+02 6.5359997559e+02 6.5379998779e+02 6.5409997559e+02 6.5440002441e+02 6.5470001221e+02 6.5509997559e+02 6.5540002441e+02 6.5559997559e+02 6.5559997559e+02 6.5570001221e+02 6.5590002441e+02 6.5609997559e+02 6.5609997559e+02 6.5600000000e+02
6.6509997559e+02 6.6459997559e+02 6.6409997559e+02 6.6359997559e+02 6.6320001221e+02 6.6259997559e+02 6.6209997559e+02 6.6170001221e+02 6.6150000000e+02 6.6109997559e+02 6.6059997559e+02 6.6000000000e+02 6.5920001221e+02 6.5870001221e+02 6.5820001221e+02 6.5790002441e+02 6.5770001221e+02 6.5759997559e+02 6.5750000000e+02 6.5740002441e+02 6.5740002441e+02 6.5720001221e+02 6.5690002441e+02 6.5620001221e+02 6.5540002441e+02 6.5490002441e+02 6.5440002441e+02 6.5390002441e+02 6.5350000000e+02 6.5320001221e+02 6.5300000000e+02 6.5300000000e+02 6.5309997559e+02 6.5309997559e+02 6.5320001221e+02 6.5350000000e+02 6.5379998779e+02 6.5429998779e+02 6.5459997559e+02 6.5470001221e+02 6.5479998779e+02 6.5490002441e+02 6.5509997559e+02 6.5540002441e+02 6.5559997559e+02 6.5559997559e+02
6.6559997559e+02 6.6509997559e+02 6.6450000000e+02 6.6400000000e+02 6.6359997559e+02 6.6300000000e+02 6.6259997559e+02 6.6229998779e+02 6.6209997559e+02 6.6170001221e+02 6.6129998779e+02 6.6079998779e+02 6.6009997559e+02 6.5940002441e+02 6.5879998779e+02 6.5829998779e+02 6.5790002441e+02 6.5770001221e+02 6.5750000000e+02 6.5740002441e+02 6.5729998779e+02 6.5720001221e+02 6.5709997559e+02 6.5670001221e+02 6.5609997559e+02 6.5550000000e+02 6.5490002441e+02 6.5429998779e+02 6.5370001221e+02 6.5320001221e+02 6.5300000000e+02 6.5290002441e+02 6.5270001221e+02 6.5259997559e+02 6.5259997559e+02 6.5279998779e+02 6.5300000000e+02 6.5340002441e+02 6.5370001221e+02 6.5390002441e+02 6.5400000000e+02 6.5409997559e+02 6.5429998779e+02 6.5470001221e+02 6.5509997559e+02 6.5520001221e+02
6.6600000000e+02 6.6550000000e+02 6.6490002441e+02 6.6450000000e+02 6.6409997559e+02 6.6359997559e+02 6.6329998779e+02 6.6300000000e+02 6.6270001221e+02 6.6229998779e+02 6.6190002441e+02 6.6140002441e+02 6.6090002441e+02 6.6029998779e+02 6.5959997559e+02 6.5890002441e+02 6.5840002441e+02 6.5779998779e+02 6.5750000000e+02 6.5729998779e+02 6.5720001221e+02 6.5709997559e+02 6.5700000000e+02 6.5690002441e+02 6.5659997559e+02 6.5620001221e+02 6.5559997559e+02 6.5490002441e+02 6.5420001221e+02 6.5350000000e+02 6.5309997559e+02 6.5279998779e+02 6.5259997559e+02 6.5240002441e+02 6.5229998779e+02 6.5220001221e+02 6.5229998779e+02 6.5250000000e+02 6.5279998779e+02 6.5300000000e+02 6.5320001221e+02 6.5340002441e+02 6.5350000000e+02 6.5400000000e+02 6.5450000000e+02 6.5470001221e+02
6.6640002441e+02 6.6590002441e+02 6.6540002441e+02 6.6490002441e+02 6.6450000000e+02 6.6420001221e+02 6.6390002441e+02 6.6350000000e+02 6.6309997559e+02 6.6270001221e+02 6.6229998779e+02 6.6190002441e+02 6.6150000000e+02 6.6100000000e+02 6.6040002441e+02 6.5970001221e+02 6.5900000000e+02 6.5820001221e+02 6.5759997559e+02 6.5740002441e+02 6.5720001221e+02 6.5709997559e+02 6.5690002441e+02 6.5679998779e+02 6.5670001221e+02 6.5650000000e+02 6.5609997559e+02 6.5550000000e+02 6.5470001221e+02 6.5390002441e+02 6.5329998779e+02 6.5279998779e+02 6.5259997559e+02 6.5240002441e+02 6.5209997559e+02 6.5179998779e+02 6.5159997559e+02 6.5179998779e+02 6.5200000000e+02 6.5209997559e+02 6.5229998779e+02 6.5250000000e+02 6.5270001221e+02 6.5309997559e+02 6.5370001221e+02 6.5400000000e+02
6.6690002441e+02 6.6629998779e+02 6.6579998779e+02 6.6529998779e+02 6.6500000000e+02 6.6470001221e+02 6.6440002441e+02 6.6390002441e+02 6.6350000000e+02 6.6300000000e+02 6.6259997559e+02 6.6229998779e+02 6.6179998779e+02 6.6140002441e+02 6.6100000000e+02 6.6040002441e+02 6.5959997559e+02 6.5850000000e+02 6.5790002441e+02 6.5750000000e+02 6.5720001221e+02 6.5700000000e+02 6.5690002441e+02 6.5670001221e+02 6.5670001221e+02 6.5659997559e+02 6.5640002441e+02 6.5600000000e+02 6.5520001221e+02 6.5450000000e+02 6.5379998779e+02 6.5309997559e+02 6.5270001221e+02 6.5240002441e+02 6.5209997559e+02 6.5159997559e+02 6.5129998779e+02 6.5129998779e+02 6.5140002441e+02 6.5140002441e+02 6.5150000000e+02 6.5159997559e+02 6.5179998779e+02 6.5220001221e+02 6.5279998779e+02 6.5309997559e+02
6.6740002441e+02 6.6690002441e+02 6.6629998779e+02 6.6579998779e+02 6.6529998779e+02 6.6500000000e+02 6.6459997559e+02 6.6420001221e+02 6.6370001221e+02 6.6329998779e+02 6.6290002441e+02 6.6250000000e+02 6.6209997559e+02 6.6170001221e+02 6.6129998779e+02 6.6090002441e+02 6.6009997559e+02 6.5900000000e+02 6.5820001221e+02 6.5759997559e+02 6.5729998779e+02 6.5709997559e+02 6.5679998779e+02 6.5670001221e+02 6.5659997559e+02 6.5650000000e+02 6.5640002441e+02 6.5620001221e+02 6.5579998779e+02 6.5529998779e+02 6.5450000000e+02 6.5359997559e+02 6.5300000000e+02 6.5259997559e+02 6.5209997559e+02 6.5179998779e+02 6.5129998779e+02 6.5109997559e+02 6.5090002441e+02 6.5079998779e+02 6.5079998779e+02 6.5090002441e+02 6.5109997559e+02 6.5150000000e+02 6.5200000000e+02 6.5220001221e+02
6.6809997559e+02 6.6740002441e+02 6.6679998779e+02 6.6620001221e+02 6.6570001221e+02 6.6529998779e+02 6.6479998779e+02 6.6440002441e+02 6.6390002441e+02 6.6350000000e+02 6.6309997559e+02 6.6279998779e+02 6.6240002441e+02 6.6209997559e+02 6.6170001221e+02 6.6120001221e+02 6.6050000000e+02 6.5959997559e+02 6.5870001221e+02 6.5800000000e+02 6.5750000000e+02 6.5720001221e+02 6.5690002441e+02 6.5670001221e+02 6.5659997559e+02 6.5650000000e+02 6.5640002441e+02 6.5629998779e+02 6.5609997559e+02 6.5570001221e+02 6.5509997559e+02 6.5440002441e+02 6.5370001221e+02 6.5300000000e+02 6.5250000000e+02 6.5200000000e+02 6.5159997559e+02 6.5120001221e+02 6.5079998779e+02 6.5059997559e+02 6.5050000000e+02 6.5050000000e+02 6.5050000000e+02 6.5070001221e+02 6.5109997559e+02 6.5129998779e+02
6.6870001221e+02 6.6790002441e+02 6.6720001221e+02 6.6650000000e+02 6.6590002441e+02 6.6550000000e+02 6.6500000000e+02 6.6450000000e+02 6.6409997559e+02 6.6370001221e+02 6.6329998779e+02 6.6300000000e+02 6.6270001221e+02 6.6250000000e+02 6.6200000000e+02 6.6150000000e+02 6.6090002441e+02 6.6020001221e+02 6.5940002441e+02 6.5870001221e+02 6.5800000000e+02 6.5740002441e+02 6.5700000000e+02 6.5679998779e+02 6.5659997559e+02 6.5640002441e+02 6.5629998779e+02 6.5620001221e+02 6.5609997559e+02 6.5579998779e+02 6.5550000000e+02 6.5500000000e+02 6.5440002441e+02 6.5379998779e+02 6.5320001221e+02 6.5259997559e+02 6.5209997559e+02 6.5150000000e+02 6.5109997559e+02 6.5070001221e+02 6.5050000000e+02 6.5020001221e+02 6.5009997559e+02 6.5009997559e+02 6.5020001221e+02 6.5040002441e+02
6.6920001221e+02 6.6829998779e+02 6.6750000000e+02 6.6670001221e+02 6.6620001221e+02 6.6559997559e+02 6.6509997559e+02 6.6459997559e+02 6.6409997559e+02 6.6379998779e+02 6.6350000000e+02 6.6320001221e+02 6.6290002441e+02 6.6270001221e+02 6.6229998779e+02 6.6170001221e+02 6.6129998779e+02 6.6079998779e+02 6.6020001221e+02 6.5950000000e+02 6.5879998779e+02 6.5800000000e+02 6.5740002441e+02 6.5700000000e+02 6.5670001221e+02 6.5640002441e+02 6.5629998779e+02 6.5609997559e+02 6.5600000000e+02 6.5590002441e+02 6.5570001221e+02 6.5540002441e+02 6.5500000000e+02 6.5450000000e+02 6.5390002441e+02 6.5329998779e+02 6.5270001221e+02 6.5209997559e+02 6.5150000000e+02 6.5100000000e+02 6.5059997559e+02 6.5020001221e+02 6.4979998779e+02 6.4959997559e+02 6.4950000000e+02 6.4959997559e+02
6.6970001221e+02 6.6870001221e+02 6.6779998779e+02 6.6709997559e+02 6.6650000000e+02 6.6590002441e+02 6.6529998779e+02 6.6470001221e+02 6.6429998779e+02 6.6400000000e+02 6.6370001221e+02 6.6340002441e+02 6.6309997559e+02 6.6279998779e+02 6.6250000000e+02 6.6209997559e+02 6.6170001221e+02 6.6140002441e+02 6.6100000000e+02 6.6040002441e+02 6.5970001221e+02 6.5890002441e+02 6.5809997559e+02 6.5750000000e+02 6.5700000000e+02 6.5659997559e+02 6.5629998779e+02 6.5609997559e+02 6.5590002441e+02 6.5579998779e+02 6.5570001221e+02 6.5550000000e+02 6.5529998779e+02 6.5490002441e+02 6.5440002441e+02 6.5379998779e+02 6.5329998779e+02 6.5270001221e+02 6.5209997559e+02 6.5150000000e+02 6.5100000000e+02 6.5040002441e+02 6.4990002441e+02 6.4959997559e+02 6.4929998779e+02 6.4920001221e+02
6.7009997559e+02 6.6920001221e+02 6.6829998779e+02 6.6759997559e+02 6.6690002441e+02 6.6629998779e+02 6.6559997559e+02 6.6500000000e+02 6.6459997559e+02 6.6429998779e+02 6.6400000000e+02 6.6379998779e+02 6.6340002441e+02 6.6309997559e+02 6.6270001221e+02 6.6240002441e+02 6.6220001221e+02 6.6190002441e+02 6.6150000000e+02 6.6109997559e+02 6.6050000000e+02 6.5979998779e+02 6.5900000000e+02 6.5840002441e+02 6.5770001221e+02 6.5709997559e+02 6.5659997559e+02 6.5620001221e+02 6.5590002441e+02 6.5579998779e+02 6.5559997559e+02 6.5550000000e+02 6.5540002441e+02 6.5520001221e+02 6.5479998779e+02 6.5440002441e+02 6.5390002441e+02 6.5329998779e+02 6.5270001221e+02 6.5209997559e+02 6.5150000000e+02 6.5090002441e+02 6.5029998779e+02 6.4979998779e+02 6.4940002441e+02 6.4920001221e+02
6.7059997559e+02 6.6970001221e+02 6.6890002441e+02 6.6809997559e+02 6.6740002441e+02 6.6679998779e+02 6.6609997559e+02 6.6540002441e+02 6.6500000000e+02 6.6470001221e+02 6.6440002441e+02 6.6420001221e+02 6.6390002441e+02 6.6350000000e+02 6.6320001221e+02 6.6290002441e+02 6.6259997559e+02 6.6229998779e+02 6.6190002441e+02 6.6150000000e+02 6.6100000000e+02 6.6050000000e+02 6.5990002441e+02 6.5940002441e+02 6.5870001221e+02 6.5809997559e+02 6.5729998779e+02 6.5659997559e+02 6.5609997559e+02 6.5579998779e+02 6.5559997559e+02 6.5540002441e+02 6.5529998779e+02 6.5520001221e+02 6.5500000000e+02 6.5479998779e+02 6.5440002441e+02 6.5379998779e+02 6.5320001221e+02 6.5270001221e+02 6.5209997559e+02 6.5150000000e+02 6.5090002441e+02 6.5040002441e+02 6.4990002441e+02 6.4950000000e+02
6.7079998779e+02 6.7000000000e+02 6.6929998779e+02 6.6870001221e+02 6.6800000000e+02 6.6729998779e+02 6.6659997559e+02 6.6600000000e+02 6.6550000000e+02 6.6520001221e+02 6.6490002441e+02 6.6459997559e+02 6.6429998779e+02 6.6400000000e+02 6.6370001221e+02 6.6340002441e+02 6.6320001221e+02 6.6290002441e+02 6.6240002441e+02 6.6200000000e+02 6.6150000000e+02 6.6109997559e+02 6.6059997559e+02 6.6009997559e+02 6.5959997559e+02 6.5900000000e+02 6.5840002441e+02 6.5740002441e+02 6.5659997559e+02 6.5609997559e+02 6.5570001221e+02 6.5540002441e+02 6.5529998779e+02 6.5520001221e+02 6.5509997559e+02 6.5490002441e+02 6.5470001221e+02 6.5429998779e+02 6.5379998779e+02 6.5320001221e+02 6.5270001221e+02 6.5209997559e+02 6.5159997559e+02 6.5109997559e+02 6.5059997559e+02 6.5000000000e+02
6.7100000000e+02 6.7029998779e+02 6.6970001221e+02 6.6909997559e+02 6.6840002441e+02 6.6779998779e+02 6.6720001221e+02 6.6659997559e+02 6.6609997559e+02 6.6570001221e+02 6.6540002441e+02 6.6520001221e+02 6.6490002441e+02 6.6459997559e+02 6.6440002441e+02 6.6420001221e+02 6.6400000000e+02 6.6359997559e+02 6.6320001221e+02 6.6270001221e+02 6.6220001221e+02 6.6170001221e+02 6.6120001221e+02 6.6059997559e+02 6.6020001221e+02 6.5979998779e+02 6.5940002441e+02 6.5850000000e+02 6.5729998779e+02 6.5650000000e+02 6.5600000000e+02 6.5550000000e+02 6.5529998779e+02 6.5509997559e+02 6.5500000000e+02 6.5490002441e+02 6.5479998779e+02 6.5459997559e+02 6.5420001221e+02 6.5379998779e+02 6.5340002441e+02 6.5290002441e+02 6.5229998779e+02 6.5179998779e+02 6.5120001221e+02 6.5059997559e+02
6.7140002441e+02 6.7059997559e+02 6.7000000000e+02 6.6940002441e+02 6.6879998779e+02 6.6829998779e+02 6.6770001221e+02 6.6720001221e+02 6.6670001221e+02 6.6629998779e+02 6.6600000000e+02 6.6570001221e+02 6.6550000000e+02 6.6520001221e+02 6.6509997559e+02 6.6500000000e+02 6.6470001221e+02 6.6440002441e+02 6.6400000000e+02 6.6350000000e+02 6.6300000000e+02 6.6240002441e+02 6.6179998779e+02 6.6120001221e+02 6.6079998779e+02 6.6040002441e+02 6.6009997559e+02 6.5929998779e+02 6.5800000000e+02 6.5709997559e+02 6.5640002441e+02 6.5579998779e+02 6.5540002441e+02 6.5520001221e+02 6.5500000000e+02 6.5490002441e+02 6.5479998779e+02 6.5470001221e+02 6.5450000000e+02 6.5420001221e+02 6.5390002441e+02 6.5340002441e+02 6.5300000000e+02 6.5250000000e+02 6.5190002441e+02 6.5140002441e+02
6.7170001221e+02 6.7100000000e+02 6.7040002441e+02 6.6979998779e+02 6.6920001221e+02 6.6879998779e+02 6.6829998779e+02 6.6779998779e+02 6.6740002441e+02 6.6690002441e+02 6.6659997559e+02 6.6629998779e+02 6.6600000000e+02 6.6579998779e+02 6.6570001221e+02 6.6559997559e+02 6.6529998779e+02 6.6490002441e+02 6.6459997559e+02 6.6429998779e+02 6.6379998779e+02 6.6320001221e+02 6.6250000000e+02 6.6190002441e+02 6.6129998779e+02 6.6100000000e+02 6.6059997559e+02 6.5979998779e+02 6.5879998779e+02 6.5779998779e+02 6.5700000000e+02 6.5629998779e+02 6.5579998779e+02 6.5529998779e+02 6.5500000000e+02 6.5479998779e+02 6.5470001221e+02 6.5459997559e+02 6.5450000000e+02 6.5440002441e+02 6.5420001221e+02 6.5390002441e+02 6.5350000000e+02 6.5309997559e+02 6.5259997559e+02 6.5220001221e+02
6.7220001221e+02 6.7129998779e+02 6.7070001221e+02 6.7020001221e+02 6.6970001221e+02 6.6940002441e+02 6.6900000000e+02 6.6859997559e+02 6.6809997559e+02 6.6770001221e+02 6.6729998779e+02 6.6679998779e+02 6.6650000000e+02 6.6629998779e+02 6.6609997559e+02 6.6600000000e+02 6.6570001221e+02 6.6540002441e+02 6.6509997559e+02 6.6490002441e+02 6.6450000000e+02 6.6379998779e+02 6.6320001221e+02 6.6250000000e+02 6.6200000000e+02 6.6159997559e+02 6.6120001221e+02 6.6050000000e+02 6.5959997559e+02 6.5840002441e+02 6.5750000000e+02 6.5690002441e+02 6.5629998779e+02 6.5570001221e+02 6.5529998779e+02 6.5490002441e+02 6.5479998779e+02 6.5459997559e+02 6.5450000000e+02 6.5429998779e+02 6.5420001221e+02 6.5400000000e+02 6.5390002441e+02 6.5350000000e+02 6.5320001221e+02 6.5279998779e+02
