DGM_1M_UPPER_AUSTRIA/32/4.asc
NCOLS 100
NROWS 100
XLLCORNER 6.3350500000e+04
YLLCORNER 2.9488850000e+05
CELLSIZE 1.0000000000e+00
NODATA_VALUE -9.9990000000e+03
[rows 0 to 19 of 100, columns 46 to 91 of 100]
7.1979998779e+02 7.2020001221e+02 7.2050000000e+02 7.2100000000e+02 7.2159997559e+02 7.2209997559e+02 7.2259997559e+02 7.2320001221e+02 7.2390002441e+02 7.2459997559e+02 7.2540002441e+02 7.2620001221e+02 7.2690002441e+02 7.2759997559e+02 7.2820001221e+02 7.2870001221e+02 7.2940002441e+02 7.3000000000e+02 7.3050000000e+02 7.3109997559e+02 7.3179998779e+02 7.3240002441e+02 7.3309997559e+02 7.3379998779e+02 7.3459997559e+02 7.3540002441e+02 7.3609997559e+02 7.3670001221e+02 7.3720001221e+02 7.3779998779e+02 7.3820001221e+02 7.3870001221e+02 7.3909997559e+02 7.3929998779e+02 7.3950000000e+02 7.3970001221e+02 7.4000000000e+02 7.4029998779e+02 7.4059997559e+02 7.4100000000e+02 7.4129998779e+02 7.4159997559e+02 7.4190002441e+02 7.4209997559e+02 7.4250000000e+02 7.4290002441e+02
7.2000000000e+02 7.2040002441e+02 7.2079998779e+02 7.2129998779e+02 7.2170001221e+02 7.2220001221e+02 7.2270001221e+02 7.2329998779e+02 7.2400000000e+02 7.2470001221e+02 7.2550000000e+02 7.2629998779e+02 7.2700000000e+02 7.2759997559e+02 7.2829998779e+02 7.2890002441e+02 7.2959997559e+02 7.3020001221e+02 7.3079998779e+02 7.3140002441e+02 7.3200000000e+02 7.3259997559e+02 7.3329998779e+02 7.3400000000e+02 7.3479998779e+02 7.3559997559e+02 7.3629998779e+02 7.3690002441e+02 7.3740002441e+02 7.3790002441e+02 7.3820001221e+02 7.3859997559e+02 7.3890002441e+02 7.3909997559e+02 7.3940002441e+02 7.3970001221e+02 7.4000000000e+02 7.4029998779e+02 7.4059997559e+02 7.4100000000e+02 7.4129998779e+02 7.4170001221e+02 7.4190002441e+02 7.4220001221e+02 7.4259997559e+02 7.4300000000e+02
7.2029998779e+02 7.2070001221e+02 7.2109997559e+02 7.2150000000e+02 7.2190002441e+02 7.2229998779e+02 7.2279998779e+02 7.2340002441e+02 7.2400000000e+02 7.2470001221e+02 7.2550000000e+02 7.2629998779e+02 7.2700000000e+02 7.2759997559e+02 7.2829998779e+02 7.2900000000e+02 7.2959997559e+02 7.3029998779e+02 7.3090002441e+02 7.3159997559e+02 7.3229998779e+02 7.3290002441e+02 7.3359997559e+02 7.3420001221e+02 7.3490002441e+02 7.3570001221e+02 7.3629998779e+02 7.3690002441e+02 7.3740002441e+02 7.3779998779e+02 7.3809997559e+02 7.3840002441e+02 7.3870001221e+02 7.3900000000e+02 7.3920001221e+02 7.3950000000e+02 7.3990002441e+02 7.4029998779e+02 7.4059997559e+02 7.4100000000e+02 7.4129998779e+02 7.4170001221e+02 7.4200000000e+02 7.4229998779e+02 7.4270001221e+02 7.4309997559e+02
7.2050000000e+02 7.2090002441e+02 7.2140002441e+02 7.2170001221e+02 7.2200000000e+02 7.2240002441e+02 7.2290002441e+02 7.2359997559e+02 7.2420001221e+02 7.2479998779e+02 7.2550000000e+02 7.2620001221e+02 7.2700000000e+02 7.2759997559e+02 7.2840002441e+02 7.2900000000e+02 7.2970001221e+02 7.3029998779e+02 7.3109997559e+02 7.3179998779e+02 7.3250000000e+02 7.3309997559e+02 7.3370001221e+02 7.3440002441e+02 7.3509997559e+02 7.3559997559e+02 7.3609997559e+02 7.3659997559e+02 7.3709997559e+02 7.3759997559e+02 7.3790002441e+02 7.3820001221e+02 7.3859997559e+02 7.3900000000e+02 7.3929998779e+02 7.3950000000e+02 7.3990002441e+02 7.4029998779e+02 7.4059997559e+02 7.4090002441e+02 7.4129998779e+02 7.4170001221e+02 7.4200000000e+02 7.4240002441e+02 7.4279998779e+02 7.4320001221e+02
7.2059997559e+02 7.2109997559e+02 7.2150000000e+02 7.2190002441e+02 7.2220001221e+02 7.2250000000e+02 7.2300000000e+02 7.2370001221e+02 7.2429998779e+02 7.2490002441e+02 7.2559997559e+02 7.2629998779e+02 7.2700000000e+02 7.2759997559e+02 7.2829998779e+02 7.2900000000e+02 7.2970001221e+02 7.3029998779e+02 7.3109997559e+02 7.3190002441e+02 7.3259997559e+02 7.3320001221e+02 7.3379998779e+02 7.3450000000e+02 7.3500000000e+02 7.3550000000e+02 7.3579998779e+02 7.3620001221e+02 7.3679998779e+02 7.3729998779e+02 7.3770001221e+02 7.3809997559e+02 7.3859997559e+02 7.3890002441e+02 7.3920001221e+02 7.3950000000e+02 7.3979998779e+02 7.4020001221e+02 7.4059997559e+02 7.4100000000e+02 7.4129998779e+02 7.4170001221e+02 7.4200000000e+02 7.4240002441e+02 7.4279998779e+02 7.4320001221e+02
7.2079998779e+02 7.2120001221e+02 7.2159997559e+02 7.2200000000e+02 7.2229998779e+02 7.2259997559e+02 7.2309997559e+02 7.2370001221e+02 7.2440002441e+02 7.2500000000e+02 7.2559997559e+02 7.2629998779e+02 7.2700000000e+02 7.2759997559e+02 7.2829998779e+02 7.2900000000e+02 7.2959997559e+02 7.3029998779e+02 7.3109997559e+02 7.3190002441e+02 7.3259997559e+02 7.3320001221e+02 7.3379998779e+02 7.3440002441e+02 7.3490002441e+02 7.3529998779e+02 7.3559997559e+02 7.3600000000e+02 7.3650000000e+02 7.3700000000e+02 7.3759997559e+02 7.3800000000e+02 7.3840002441e+02 7.3879998779e+02 7.3909997559e+02 7.3950000000e+02 7.3979998779e+02 7.4020001221e+02 7.4070001221e+02 7.4100000000e+02 7.4140002441e+02 7.4170001221e+02 7.4209997559e+02 7.4250000000e+02 7.4290002441e+02 7.4329998779e+02
7.2090002441e+02 7.2140002441e+02 7.2170001221e+02 7.2209997559e+02 7.2240002441e+02 7.2279998779e+02 7.2320001221e+02 7.2379998779e+02 7.2429998779e+02 7.2500000000e+02 7.2559997559e+02 7.2629998779e+02 7.2690002441e+02 7.2750000000e+02 7.2809997559e+02 7.2879998779e+02 7.2950000000e+02 7.3020001221e+02 7.3100000000e+02 7.3170001221e+02 7.3240002441e+02 7.3300000000e+02 7.3359997559e+02 7.3429998779e+02 7.3470001221e+02 7.3509997559e+02 7.3540002441e+02 7.3579998779e+02 7.3629998779e+02 7.3690002441e+02 7.3740002441e+02 7.3790002441e+02 7.3820001221e+02 7.3859997559e+02 7.3909997559e+02 7.3950000000e+02 7.3990002441e+02 7.4029998779e+02 7.4070001221e+02 7.4109997559e+02 7.4150000000e+02 7.4179998779e+02 7.4220001221e+02 7.4259997559e+02 7.4300000000e+02 7.4340002441e+02
7.2100000000e+02 7.2140002441e+02 7.2179998779e+02 7.2220001221e+02 7.2259997559e+02 7.2300000000e+02 7.2340002441e+02 7.2379998779e+02 7.2429998779e+02 7.2490002441e+02 7.2550000000e+02 7.2620001221e+02 7.2679998779e+02 7.2740002441e+02 7.2809997559e+02 7.2870001221e+02 7.2940002441e+02 7.3020001221e+02 7.3079998779e+02 7.3150000000e+02 7.3220001221e+02 7.3279998779e+02 7.3340002441e+02 7.3400000000e+02 7.3450000000e+02 7.3490002441e+02 7.3520001221e+02 7.3570001221e+02 7.3629998779e+02 7.3679998779e+02 7.3729998779e+02 7.3770001221e+02 7.3809997559e+02 7.3850000000e+02 7.3900000000e+02 7.3950000000e+02 7.3990002441e+02 7.4040002441e+02 7.4079998779e+02 7.4120001221e+02 7.4150000000e+02 7.4190002441e+02 7.4229998779e+02 7.4270001221e+02 7.4309997559e+02 7.4350000000e+02
7.2100000000e+02 7.2140002441e+02 7.2179998779e+02 7.2220001221e+02 7.2279998779e+02 7.2329998779e+02 7.2359997559e+02 7.2400000000e+02 7.2429998779e+02 7.2479998779e+02 7.2540002441e+02 7.2620001221e+02 7.2670001221e+02 7.2729998779e+02 7.2800000000e+02 7.2859997559e+02 7.2929998779e+02 7.3000000000e+02 7.3059997559e+02 7.3129998779e+02 7.3190002441e+02 7.3250000000e+02 7.3309997559e+02 7.3370001221e+02 7.3420001221e+02 7.3459997559e+02 7.3509997559e+02 7.3570001221e+02 7.3620001221e+02 7.3670001221e+02 7.3720001221e+02 7.3770001221e+02 7.3809997559e+02 7.3850000000e+02 7.3890002441e+02 7.3940002441e+02 7.4000000000e+02 7.4040002441e+02 7.4090002441e+02 7.4120001221e+02 7.4150000000e+02 7.4200000000e+02 7.4240002441e+02 7.4290002441e+02 7.4329998779e+02 7.4370001221e+02
7.2100000000e+02 7.2140002441e+02 7.2190002441e+02 7.2229998779e+02 7.2279998779e+02 7.2329998779e+02 7.2379998779e+02 7.2409997559e+02 7.2440002441e+02 7.2479998779e+02 7.2540002441e+02 7.2609997559e+02 7.2659997559e+02 7.2720001221e+02 7.2790002441e+02 7.2850000000e+02 7.2909997559e+02 7.2970001221e+02 7.3040002441e+02 7.3090002441e+02 7.3150000000e+02 7.3220001221e+02 7.3279998779e+02 7.3329998779e+02 7.3379998779e+02 7.3440002441e+02 7.3500000000e+02 7.3559997559e+02 7.3620001221e+02 7.3659997559e+02 7.3709997559e+02 7.3759997559e+02 7.3809997559e+02 7.3850000000e+02 7.3900000000e+02 7.3950000000e+02 7.4000000000e+02 7.4050000000e+02 7.4100000000e+02 7.4129998779e+02 7.4159997559e+02 7.4200000000e+02 7.4250000000e+02 7.4300000000e+02 7.4340002441e+02 7.4390002441e+02
7.2109997559e+02 7.2150000000e+02 7.2190002441e+02 7.2229998779e+02 7.2270001221e+02 7.2320001221e+02 7.2379998779e+02 7.2420001221e+02 7.2450000000e+02 7.2490002441e+02 7.2540002441e+02 7.2600000000e+02 7.2650000000e+02 7.2709997559e+02 7.2779998779e+02 7.2840002441e+02 7.2890002441e+02 7.2950000000e+02 7.3009997559e+02 7.3059997559e+02 7.3129998779e+02 7.3190002441e+02 7.3250000000e+02 7.3300000000e+02 7.3359997559e+02 7.3420001221e+02 7.3490002441e+02 7.3550000000e+02 7.3609997559e+02 7.3659997559e+02 7.3709997559e+02 7.3770001221e+02 7.3820001221e+02 7.3870001221e+02 7.3920001221e+02 7.3959997559e+02 7.4009997559e+02 7.4059997559e+02 7.4100000000e+02 7.4140002441e+02 7.4179998779e+02 7.4220001221e+02 7.4270001221e+02 7.4309997559e+02 7.4350000000e+02 7.4400000000e+02
7.2109997559e+02 7.2150000000e+02 7.2190002441e+02 7.2229998779e+02 7.2270001221e+02 7.2320001221e+02 7.2359997559e+02 7.2409997559e+02 7.2440002441e+02 7.2490002441e+02 7.2540002441e+02 7.2600000000e+02 7.2650000000e+02 7.2709997559e+02 7.2759997559e+02 7.2820001221e+02 7.2870001221e+02 7.2920001221e+02 7.2979998779e+02 7.3040002441e+02 7.3109997559e+02 7.3170001221e+02 7.3220001221e+02 7.3279998779e+02 7.3340002441e+02 7.3400000000e+02 7.3470001221e+02 7.3529998779e+02 7.3590002441e+02 7.3650000000e+02 7.3720001221e+02 7.3779998779e+02 7.3829998779e+02 7.3890002441e+02 7.3940002441e+02 7.3979998779e+02 7.4009997559e+02 7.4059997559e+02 7.4109997559e+02 7.4150000000e+02 7.4190002441e+02 7.4229998779e+02 7.4270001221e+02 7.4320001221e+02 7.4359997559e+02 7.4409997559e+02
7.2109997559e+02 7.2150000000e+02 7.2190002441e+02 7.2229998779e+02 7.2270001221e+02 7.2309997559e+02 7.2350000000e+02 7.2390002441e+02 7.2440002441e+02 7.2479998779e+02 7.2529998779e+02 7.2579998779e+02 7.2640002441e+02 7.2690002441e+02 7.2740002441e+02 7.2790002441e+02 7.2840002441e+02 7.2890002441e+02 7.2950000000e+02 7.3009997559e+02 7.3079998779e+02 7.3140002441e+02 7.3190002441e+02 7.3250000000e+02 7.3320001221e+02 7.3390002441e+02 7.3450000000e+02 7.3520001221e+02 7.3579998779e+02 7.3650000000e+02 7.3720001221e+02 7.3779998779e+02 7.3840002441e+02 7.3900000000e+02 7.3950000000e+02 7.3990002441e+02 7.4020001221e+02 7.4070001221e+02 7.4109997559e+02 7.4159997559e+02 7.4200000000e+02 7.4240002441e+02 7.4279998779e+02 7.4320001221e+02 7.4370001221e+02 7.4409997559e+02
7.2109997559e+02 7.2150000000e+02 7.2190002441e+02 7.2220001221e+02 7.2259997559e+02 7.2300000000e+02 7.2340002441e+02 7.2379998779e+02 7.2429998779e+02 7.2479998779e+02 7.2520001221e+02 7.2570001221e+02 7.2620001221e+02 7.2670001221e+02 7.2720001221e+02 7.2770001221e+02 7.2820001221e+02 7.2870001221e+02 7.2929998779e+02 7.2990002441e+02 7.3050000000e+02 7.3109997559e+02 7.3170001221e+02 7.3229998779e+02 7.3290002441e+02 7.3359997559e+02 7.3429998779e+02 7.3490002441e+02 7.3570001221e+02 7.3640002441e+02 7.3709997559e+02 7.3770001221e+02 7.3840002441e+02 7.3900000000e+02 7.3959997559e+02 7.3990002441e+02 7.4040002441e+02 7.4079998779e+02 7.4129998779e+02 7.4170001221e+02 7.4220001221e+02 7.4259997559e+02 7.4300000000e+02 7.4340002441e+02 7.4379998779e+02 7.4409997559e+02
7.2100000000e+02 7.2140002441e+02 7.2190002441e+02 7.2220001221e+02 7.2250000000e+02 7.2290002441e+02 7.2329998779e+02 7.2379998779e+02 7.2420001221e+02 7.2459997559e+02 7.2509997559e+02 7.2559997559e+02 7.2600000000e+02 7.2650000000e+02 7.2700000000e+02 7.2750000000e+02 7.2800000000e+02 7.2850000000e+02 7.2909997559e+02 7.2970001221e+02 7.3040002441e+02 7.3090002441e+02 7.3150000000e+02 7.3209997559e+02 7.3279998779e+02 7.3340002441e+02 7.3400000000e+02 7.3479998779e+02 7.3550000000e+02 7.3629998779e+02 7.3700000000e+02 7.3770001221e+02 7.3840002441e+02 7.3900000000e+02 7.3959997559e+02 7.4000000000e+02 7.4050000000e+02 7.4100000000e+02 7.4140002441e+02 7.4190002441e+02 7.4229998779e+02 7.4279998779e+02 7.4320001221e+02 7.4359997559e+02 7.4390002441e+02 7.4429998779e+02
7.2100000000e+02 7.2140002441e+02 7.2179998779e+02 7.2220001221e+02 7.2250000000e+02 7.2290002441e+02 7.2329998779e+02 7.2370001221e+02 7.2409997559e+02 7.2450000000e+02 7.2500000000e+02 7.2540002441e+02 7.2579998779e+02 7.2629998779e+02 7.2679998779e+02 7.2729998779e+02 7.2779998779e+02 7.2829998779e+02 7.2890002441e+02 7.2959997559e+02 7.3020001221e+02 7.3079998779e+02 7.3140002441e+02 7.3200000000e+02 7.3259997559e+02 7.3320001221e+02 7.3390002441e+02 7.3459997559e+02 7.3540002441e+02 7.3620001221e+02 7.3700000000e+02 7.3759997559e+02 7.3840002441e+02 7.3909997559e+02 7.3970001221e+02 7.4020001221e+02 7.4070001221e+02 7.4120001221e+02 7.4170001221e+02 7.4209997559e+02 7.4250000000e+02 7.4300000000e+02 7.4340002441e+02 7.4370001221e+02 7.4409997559e+02 7.4440002441e+02
7.2090002441e+02 7.2129998779e+02 7.2170001221e+02 7.2209997559e+02 7.2250000000e+02 7.2290002441e+02 7.2329998779e+02 7.2370001221e+02 7.2409997559e+02 7.2440002441e+02 7.2490002441e+02 7.2529998779e+02 7.2570001221e+02 7.2620001221e+02 7.2670001221e+02 7.2720001221e+02 7.2770001221e+02 7.2820001221e+02 7.2879998779e+02 7.2940002441e+02 7.3000000000e+02 7.3070001221e+02 7.3129998779e+02 7.3200000000e+02 7.3259997559e+02 7.3309997559e+02 7.3379998779e+02 7.3459997559e+02 7.3529998779e+02 7.3620001221e+02 7.3690002441e+02 7.3759997559e+02 7.3840002441e+02 7.3909997559e+02 7.3990002441e+02 7.4050000000e+02 7.4100000000e+02 7.4150000000e+02 7.4190002441e+02 7.4240002441e+02 7.4279998779e+02 7.4329998779e+02 7.4359997559e+02 7.4400000000e+02 7.4440002441e+02 7.4470001221e+02
7.2079998779e+02 7.2120001221e+02 7.2159997559e+02 7.2200000000e+02 7.2240002441e+02 7.2279998779e+02 7.2320001221e+02 7.2359997559e+02 7.2400000000e+02 7.2440002441e+02 7.2479998779e+02 7.2520001221e+02 7.2559997559e+02 7.2600000000e+02 7.2650000000e+02 7.2700000000e+02 7.2759997559e+02 7.2809997559e+02 7.2870001221e+02 7.2929998779e+02 7.2990002441e+02 7.3059997559e+02 7.3120001221e+02 7.3190002441e+02 7.3259997559e+02 7.3309997559e+02 7.3379998779e+02 7.3459997559e+02 7.3540002441e+02 7.3609997559e+02 7.3679998779e+02 7.3759997559e+02 7.3850000000e+02 7.3929998779e+02 7.4009997559e+02 7.4079998779e+02 7.4129998779e+02 7.4179998779e+02 7.4220001221e+02 7.4270001221e+02 7.4320001221e+02 7.4370001221e+02 7.4409997559e+02 7.4440002441e+02 7.4470001221e+02 7.4509997559e+02
7.2070001221e+02 7.2109997559e+02 7.2150000000e+02 7.2190002441e+02 7.2220001221e+02 7.2270001221e+02 7.2309997559e+02 7.2350000000e+02 7.2390002441e+02 7.2429998779e+02 7.2470001221e+02 7.2520001221e+02 7.2559997559e+02 7.2590002441e+02 7.2640002441e+02 7.2690002441e+02 7.2750000000e+02 7.2809997559e+02 7.2870001221e+02 7.2929998779e+02 7.2990002441e+02 7.3050000000e+02 7.3120001221e+02 7.3190002441e+02 7.3259997559e+02 7.3320001221e+02 7.3379998779e+02 7.3450000000e+02 7.3529998779e+02 7.3609997559e+02 7.3679998779e+02 7.3770001221e+02 7.3859997559e+02 7.3959997559e+02 7.4040002441e+02 7.4109997559e+02 7.4170001221e+02 7.4209997559e+02 7.4259997559e+02 7.4309997559e+02 7.4370001221e+02 7.4420001221e+02 7.4459997559e+02 7.4500000000e+02 7.4520001221e+02 7.4550000000e+02
7.2059997559e+02 7.2100000000e+02 7.2140002441e+02 7.2179998779e+02 7.2209997559e+02 7.2259997559e+02 7.2300000000e+02 7.2350000000e+02 7.2390002441e+02 7.2420001221e+02 7.2470001221e+02 7.2509997559e+02 7.2550000000e+02 7.2590002441e+02 7.2629998779e+02 7.2679998779e+02 7.2740002441e+02 7.2800000000e+02 7.2859997559e+02 7.2920001221e+02 7.2979998779e+02 7.3050000000e+02 7.3109997559e+02 7.3190002441e+02 7.3259997559e+02 7.3329998779e+02 7.3390002441e+02 7.3459997559e+02 7.3540002441e+02 7.3609997559e+02 7.3690002441e+02 7.3779998779e+02 7.3879998779e+02 7.3979998779e+02 7.4070001221e+02 7.4140002441e+02 7.4200000000e+02 7.4250000000e+02 7.4290002441e+02 7.4370001221e+02 7.4440002441e+02 7.4490002441e+02 7.4529998779e+02 7.4550000000e+02 7.4570001221e+02 7.4590002441e+02
