DGM_1M_UPPER_AUSTRIA/32/4.asc
NCOLS 100
NROWS 100
XLLCORNER 6.3350500000e+04
YLLCORNER 2.9488850000e+05
CELLSIZE 1.0000000000e+00
NODATA_VALUE -9.9990000000e+03
[rows 80 to 99 of 100, columns 46 to 91 of 100]
7.0429998779e+02 7.0470001221e+02 7.0509997559e+02 7.0540002441e+02 7.0579998779e+02 7.0629998779e+02 7.0679998779e+02 7.0729998779e+02 7.0779998779e+02 7.0829998779e+02 7.0879998779e+02 7.0940002441e+02 7.0990002441e+02 7.1050000000e+02 7.1109997559e+02 7.1170001221e+02 7.1220001221e+02 7.1270001221e+02 7.1309997559e+02 7.1350000000e+02 7.1379998779e+02 7.1409997559e+02 7.1429998779e+02 7.1459997559e+02 7.1470001221e+02 7.1479998779e+02 7.1490002441e+02 7.1509997559e+02 7.1529998779e+02 7.1550000000e+02 7.1570001221e+02 7.1590002441e+02 7.1620001221e+02 7.1640002441e+02 7.1659997559e+02 7.1690002441e+02 7.1709997559e+02 7.1740002441e+02 7.1759997559e+02 7.1790002441e+02 7.1850000000e+02 7.1940002441e+02 7.2029998779e+02 7.2100000000e+02 7.2150000000e+02 7.2200000000e+02
7.0320001221e+02 7.0379998779e+02 7.0420001221e+02 7.0459997559e+02 7.0500000000e+02 7.0540002441e+02 7.0590002441e+02 7.0640002441e+02 7.0700000000e+02 7.0759997559e+02 7.0820001221e+02 7.0879998779e+02 7.0940002441e+02 7.1000000000e+02 7.1059997559e+02 7.1109997559e+02 7.1150000000e+02 7.1190002441e+02 7.1229998779e+02 7.1259997559e+02 7.1300000000e+02 7.1320001221e+02 7.1350000000e+02 7.1370001221e+02 7.1379998779e+02 7.1400000000e+02 7.1409997559e+02 7.1429998779e+02 7.1450000000e+02 7.1470001221e+02 7.1490002441e+02 7.1500000000e+02 7.1529998779e+02 7.1559997559e+02 7.1579998779e+02 7.1600000000e+02 7.1620001221e+02 7.1659997559e+02 7.1679998779e+02 7.1720001221e+02 7.1779998779e+02 7.1850000000e+02 7.1929998779e+02 7.2000000000e+02 7.2059997559e+02 7.2120001221e+02
7.0229998779e+02 7.0290002441e+02 7.0340002441e+02 7.0390002441e+02 7.0440002441e+02 7.0479998779e+02 7.0520001221e+02 7.0570001221e+02 7.0629998779e+02 7.0690002441e+02 7.0759997559e+02 7.0829998779e+02 7.0890002441e+02 7.0950000000e+02 7.1009997559e+02 7.1050000000e+02 7.1079998779e+02 7.1109997559e+02 7.1140002441e+02 7.1179998779e+02 7.1209997559e+02 7.1229998779e+02 7.1250000000e+02 7.1279998779e+02 7.1300000000e+02 7.1320001221e+02 7.1340002441e+02 7.1359997559e+02 7.1379998779e+02 7.1390002441e+02 7.1409997559e+02 7.1420001221e+02 7.1450000000e+02 7.1479998779e+02 7.1500000000e+02 7.1520001221e+02 7.1540002441e+02 7.1579998779e+02 7.1609997559e+02 7.1659997559e+02 7.1720001221e+02 7.1779998779e+02 7.1840002441e+02 7.1909997559e+02 7.1979998779e+02 7.2040002441e+02
7.0159997559e+02 7.0209997559e+02 7.0270001221e+02 7.0329998779e+02 7.0379998779e+02 7.0420001221e+02 7.0459997559e+02 7.0500000000e+02 7.0559997559e+02 7.0629998779e+02 7.0700000000e+02 7.0770001221e+02 7.0829998779e+02 7.0900000000e+02 7.0950000000e+02 7.0990002441e+02 7.1009997559e+02 7.1029998779e+02 7.1059997559e+02 7.1090002441e+02 7.1129998779e+02 7.1159997559e+02 7.1179998779e+02 7.1200000000e+02 7.1220001221e+02 7.1240002441e+02 7.1259997559e+02 7.1279998779e+02 7.1300000000e+02 7.1309997559e+02 7.1329998779e+02 7.1350000000e+02 7.1370001221e+02 7.1400000000e+02 7.1420001221e+02 7.1440002441e+02 7.1459997559e+02 7.1500000000e+02 7.1540002441e+02 7.1590002441e+02 7.1650000000e+02 7.1709997559e+02 7.1770001221e+02 7.1840002441e+02 7.1909997559e+02 7.1970001221e+02
7.0100000000e+02 7.0150000000e+02 7.0209997559e+02 7.0270001221e+02 7.0320001221e+02 7.0359997559e+02 7.0390002441e+02 7.0429998779e+02 7.0490002441e+02 7.0559997559e+02 7.0620001221e+02 7.0690002441e+02 7.0750000000e+02 7.0820001221e+02 7.0870001221e+02 7.0909997559e+02 7.0929998779e+02 7.0950000000e+02 7.0979998779e+02 7.1020001221e+02 7.1059997559e+02 7.1090002441e+02 7.1109997559e+02 7.1129998779e+02 7.1150000000e+02 7.1159997559e+02 7.1179998779e+02 7.1200000000e+02 7.1220001221e+02 7.1240002441e+02 7.1250000000e+02 7.1270001221e+02 7.1290002441e+02 7.1320001221e+02 7.1340002441e+02 7.1359997559e+02 7.1390002441e+02 7.1429998779e+02 7.1470001221e+02 7.1520001221e+02 7.1579998779e+02 7.1640002441e+02 7.1709997559e+02 7.1779998779e+02 7.1850000000e+02 7.1900000000e+02
7.0029998779e+02 7.0090002441e+02 7.0159997559e+02 7.0209997559e+02 7.0259997559e+02 7.0300000000e+02 7.0329998779e+02 7.0359997559e+02 7.0409997559e+02 7.0470001221e+02 7.0540002441e+02 7.0600000000e+02 7.0659997559e+02 7.0729998779e+02 7.0800000000e+02 7.0829998779e+02 7.0859997559e+02 7.0890002441e+02 7.0920001221e+02 7.0959997559e+02 7.0990002441e+02 7.1020001221e+02 7.1050000000e+02 7.1070001221e+02 7.1079998779e+02 7.1090002441e+02 7.1100000000e+02 7.1120001221e+02 7.1140002441e+02 7.1159997559e+02 7.1179998779e+02 7.1200000000e+02 7.1220001221e+02 7.1240002441e+02 7.1270001221e+02 7.1300000000e+02 7.1320001221e+02 7.1359997559e+02 7.1409997559e+02 7.1450000000e+02 7.1509997559e+02 7.1579998779e+02 7.1650000000e+02 7.1720001221e+02 7.1779998779e+02 7.1829998779e+02
6.9979998779e+02 7.0029998779e+02 7.0100000000e+02 7.0150000000e+02 7.0190002441e+02 7.0229998779e+02 7.0259997559e+02 7.0300000000e+02 7.0340002441e+02 7.0390002441e+02 7.0450000000e+02 7.0509997559e+02 7.0579998779e+02 7.0640002441e+02 7.0709997559e+02 7.0750000000e+02 7.0790002441e+02 7.0820001221e+02 7.0859997559e+02 7.0900000000e+02 7.0929998779e+02 7.0959997559e+02 7.0979998779e+02 7.1000000000e+02 7.1009997559e+02 7.1020001221e+02 7.1020001221e+02 7.1029998779e+02 7.1050000000e+02 7.1079998779e+02 7.1100000000e+02 7.1120001221e+02 7.1150000000e+02 7.1179998779e+02 7.1200000000e+02 7.1229998779e+02 7.1250000000e+02 7.1290002441e+02 7.1329998779e+02 7.1379998779e+02 7.1440002441e+02 7.1500000000e+02 7.1570001221e+02 7.1640002441e+02 7.1709997559e+02 7.1759997559e+02
6.9929998779e+02 6.9979998779e+02 7.0029998779e+02 7.0070001221e+02 7.0109997559e+02 7.0150000000e+02 7.0190002441e+02 7.0229998779e+02 7.0270001221e+02 7.0320001221e+02 7.0370001221e+02 7.0429998779e+02 7.0490002441e+02 7.0559997559e+02 7.0620001221e+02 7.0670001221e+02 7.0720001221e+02 7.0759997559e+02 7.0800000000e+02 7.0840002441e+02 7.0870001221e+02 7.0879998779e+02 7.0909997559e+02 7.0929998779e+02 7.0940002441e+02 7.0940002441e+02 7.0950000000e+02 7.0959997559e+02 7.0970001221e+02 7.1000000000e+02 7.1020001221e+02 7.1050000000e+02 7.1070001221e+02 7.1100000000e+02 7.1129998779e+02 7.1159997559e+02 7.1190002441e+02 7.1220001221e+02 7.1259997559e+02 7.1300000000e+02 7.1350000000e+02 7.1409997559e+02 7.1470001221e+02 7.1540002441e+02 7.1629998779e+02 7.1690002441e+02
6.9870001221e+02 6.9909997559e+02 6.9950000000e+02 6.9990002441e+02 7.0040002441e+02 7.0070001221e+02 7.0109997559e+02 7.0159997559e+02 7.0200000000e+02 7.0250000000e+02 7.0300000000e+02 7.0350000000e+02 7.0409997559e+02 7.0479998779e+02 7.0550000000e+02 7.0609997559e+02 7.0650000000e+02 7.0700000000e+02 7.0740002441e+02 7.0779998779e+02 7.0809997559e+02 7.0820001221e+02 7.0829998779e+02 7.0850000000e+02 7.0850000000e+02 7.0859997559e+02 7.0870001221e+02 7.0879998779e+02 7.0900000000e+02 7.0920001221e+02 7.0950000000e+02 7.0970001221e+02 7.1000000000e+02 7.1029998779e+02 7.1059997559e+02 7.1090002441e+02 7.1120001221e+02 7.1150000000e+02 7.1190002441e+02 7.1229998779e+02 7.1279998779e+02 7.1329998779e+02 7.1390002441e+02 7.1440002441e+02 7.1520001221e+02 7.1590002441e+02
6.9820001221e+02 6.9850000000e+02 6.9879998779e+02 6.9920001221e+02 6.9959997559e+02 7.0000000000e+02 7.0040002441e+02 7.0079998779e+02 7.0129998779e+02 7.0179998779e+02 7.0229998779e+02 7.0290002441e+02 7.0350000000e+02 7.0420001221e+02 7.0490002441e+02 7.0550000000e+02 7.0600000000e+02 7.0640002441e+02 7.0679998779e+02 7.0720001221e+02 7.0750000000e+02 7.0759997559e+02 7.0759997559e+02 7.0770001221e+02 7.0770001221e+02 7.0779998779e+02 7.0790002441e+02 7.0800000000e+02 7.0820001221e+02 7.0850000000e+02 7.0870001221e+02 7.0890002441e+02 7.0920001221e+02 7.0959997559e+02 7.0990002441e+02 7.1029998779e+02 7.1059997559e+02 7.1090002441e+02 7.1129998779e+02 7.1159997559e+02 7.1209997559e+02 7.1270001221e+02 7.1320001221e+02 7.1359997559e+02 7.1429998779e+02 7.1490002441e+02
6.9770001221e+02 6.9790002441e+02 6.9820001221e+02 6.9850000000e+02 6.9879998779e+02 6.9920001221e+02 6.9959997559e+02 7.0000000000e+02 7.0050000000e+02 7.0109997559e+02 7.0170001221e+02 7.0229998779e+02 7.0300000000e+02 7.0359997559e+02 7.0429998779e+02 7.0490002441e+02 7.0540002441e+02 7.0590002441e+02 7.0640002441e+02 7.0679998779e+02 7.0700000000e+02 7.0709997559e+02 7.0700000000e+02 7.0700000000e+02 7.0690002441e+02 7.0700000000e+02 7.0709997559e+02 7.0720001221e+02 7.0750000000e+02 7.0770001221e+02 7.0790002441e+02 7.0820001221e+02 7.0850000000e+02 7.0879998779e+02 7.0920001221e+02 7.0959997559e+02 7.0990002441e+02 7.1029998779e+02 7.1070001221e+02 7.1100000000e+02 7.1150000000e+02 7.1200000000e+02 7.1250000000e+02 7.1300000000e+02 7.1359997559e+02 7.1409997559e+02
6.9690002441e+02 6.9709997559e+02 6.9729998779e+02 6.9770001221e+02 6.9800000000e+02 6.9829998779e+02 6.9870001221e+02 6.9929998779e+02 6.9979998779e+02 7.0040002441e+02 7.0100000000e+02 7.0170001221e+02 7.0240002441e+02 7.0309997559e+02 7.0370001221e+02 7.0429998779e+02 7.0490002441e+02 7.0540002441e+02 7.0590002441e+02 7.0640002441e+02 7.0659997559e+02 7.0659997559e+02 7.0640002441e+02 7.0620001221e+02 7.0620001221e+02 7.0620001221e+02 7.0629998779e+02 7.0650000000e+02 7.0679998779e+02 7.0700000000e+02 7.0729998779e+02 7.0750000000e+02 7.0779998779e+02 7.0809997559e+02 7.0850000000e+02 7.0890002441e+02 7.0929998779e+02 7.0970001221e+02 7.1009997559e+02 7.1059997559e+02 7.1100000000e+02 7.1150000000e+02 7.1200000000e+02 7.1250000000e+02 7.1290002441e+02 7.1340002441e+02
6.9600000000e+02 6.9620001221e+02 6.9640002441e+02 6.9670001221e+02 6.9709997559e+02 6.9750000000e+02 6.9800000000e+02 6.9859997559e+02 6.9909997559e+02 6.9970001221e+02 7.0040002441e+02 7.0109997559e+02 7.0179998779e+02 7.0250000000e+02 7.0320001221e+02 7.0379998779e+02 7.0440002441e+02 7.0500000000e+02 7.0550000000e+02 7.0600000000e+02 7.0629998779e+02 7.0609997559e+02 7.0579998779e+02 7.0559997559e+02 7.0550000000e+02 7.0550000000e+02 7.0570001221e+02 7.0579998779e+02 7.0600000000e+02 7.0629998779e+02 7.0659997559e+02 7.0690002441e+02 7.0709997559e+02 7.0740002441e+02 7.0779998779e+02 7.0820001221e+02 7.0859997559e+02 7.0909997559e+02 7.0959997559e+02 7.1009997559e+02 7.1050000000e+02 7.1090002441e+02 7.1140002441e+02 7.1190002441e+02 7.1229998779e+02 7.1270001221e+02
6.9500000000e+02 6.9520001221e+02 6.9550000000e+02 6.9590002441e+02 6.9620001221e+02 6.9659997559e+02 6.9720001221e+02 6.9790002441e+02 6.9850000000e+02 6.9909997559e+02 6.9979998779e+02 7.0059997559e+02 7.0129998779e+02 7.0200000000e+02 7.0270001221e+02 7.0340002441e+02 7.0400000000e+02 7.0459997559e+02 7.0520001221e+02 7.0579998779e+02 7.0600000000e+02 7.0579998779e+02 7.0529998779e+02 7.0500000000e+02 7.0479998779e+02 7.0490002441e+02 7.0509997559e+02 7.0509997559e+02 7.0520001221e+02 7.0550000000e+02 7.0579998779e+02 7.0620001221e+02 7.0640002441e+02 7.0670001221e+02 7.0709997559e+02 7.0750000000e+02 7.0800000000e+02 7.0850000000e+02 7.0900000000e+02 7.0950000000e+02 7.0990002441e+02 7.1040002441e+02 7.1090002441e+02 7.1129998779e+02 7.1170001221e+02 7.1209997559e+02
6.9409997559e+02 6.9429998779e+02 6.9459997559e+02 6.9500000000e+02 6.9550000000e+02 6.9590002441e+02 6.9650000000e+02 6.9720001221e+02 6.9790002441e+02 6.9859997559e+02 6.9940002441e+02 7.0020001221e+02 7.0079998779e+02 7.0150000000e+02 7.0220001221e+02 7.0300000000e+02 7.0359997559e+02 7.0420001221e+02 7.0479998779e+02 7.0529998779e+02 7.0550000000e+02 7.0529998779e+02 7.0470001221e+02 7.0429998779e+02 7.0409997559e+02 7.0420001221e+02 7.0429998779e+02 7.0440002441e+02 7.0450000000e+02 7.0470001221e+02 7.0509997559e+02 7.0540002441e+02 7.0570001221e+02 7.0600000000e+02 7.0640002441e+02 7.0690002441e+02 7.0740002441e+02 7.0790002441e+02 7.0840002441e+02 7.0890002441e+02 7.0940002441e+02 7.0990002441e+02 7.1029998779e+02 7.1070001221e+02 7.1109997559e+02 7.1140002441e+02
6.9309997559e+02 6.9340002441e+02 6.9379998779e+02 6.9420001221e+02 6.9479998779e+02 6.9520001221e+02 6.9590002441e+02 6.9650000000e+02 6.9720001221e+02 6.9800000000e+02 6.9890002441e+02 6.9959997559e+02 7.0029998779e+02 7.0090002441e+02 7.0179998779e+02 7.0259997559e+02 7.0320001221e+02 7.0400000000e+02 7.0450000000e+02 7.0470001221e+02 7.0479998779e+02 7.0459997559e+02 7.0400000000e+02 7.0350000000e+02 7.0329998779e+02 7.0340002441e+02 7.0359997559e+02 7.0370001221e+02 7.0379998779e+02 7.0409997559e+02 7.0440002441e+02 7.0479998779e+02 7.0509997559e+02 7.0540002441e+02 7.0579998779e+02 7.0629998779e+02 7.0679998779e+02 7.0729998779e+02 7.0779998779e+02 7.0829998779e+02 7.0879998779e+02 7.0940002441e+02 7.0979998779e+02 7.1009997559e+02 7.1040002441e+02 7.1079998779e+02
6.9200000000e+02 6.9250000000e+02 6.9300000000e+02 6.9350000000e+02 6.9409997559e+02 6.9459997559e+02 6.9520001221e+02 6.9579998779e+02 6.9650000000e+02 6.9740002441e+02 6.9840002441e+02 6.9909997559e+02 6.9970001221e+02 7.0040002441e+02 7.0120001221e+02 7.0200000000e+02 7.0259997559e+02 7.0320001221e+02 7.0370001221e+02 7.0390002441e+02 7.0400000000e+02 7.0379998779e+02 7.0300000000e+02 7.0259997559e+02 7.0250000000e+02 7.0259997559e+02 7.0279998779e+02 7.0300000000e+02 7.0320001221e+02 7.0350000000e+02 7.0379998779e+02 7.0420001221e+02 7.0450000000e+02 7.0479998779e+02 7.0529998779e+02 7.0570001221e+02 7.0620001221e+02 7.0670001221e+02 7.0729998779e+02 7.0779998779e+02 7.0829998779e+02 7.0879998779e+02 7.0920001221e+02 7.0950000000e+02 7.0990002441e+02 7.1020001221e+02
6.9109997559e+02 6.9159997559e+02 6.9220001221e+02 6.9279998779e+02 6.9329998779e+02 6.9390002441e+02 6.9459997559e+02 6.9520001221e+02 6.9579998779e+02 6.9659997559e+02 6.9759997559e+02 6.9850000000e+02 6.9909997559e+02 6.9979998779e+02 7.0029998779e+02 7.0100000000e+02 7.0150000000e+02 7.0209997559e+02 7.0259997559e+02 7.0290002441e+02 7.0300000000e+02 7.0259997559e+02 7.0179998779e+02 7.0159997559e+02 7.0170001221e+02 7.0179998779e+02 7.0200000000e+02 7.0229998779e+02 7.0250000000e+02 7.0290002441e+02 7.0320001221e+02 7.0350000000e+02 7.0390002441e+02 7.0429998779e+02 7.0470001221e+02 7.0520001221e+02 7.0570001221e+02 7.0629998779e+02 7.0679998779e+02 7.0729998779e+02 7.0779998779e+02 7.0820001221e+02 7.0859997559e+02 7.0890002441e+02 7.0929998779e+02 7.0959997559e+02
6.9040002441e+02 6.9090002441e+02 6.9140002441e+02 6.9200000000e+02 6.9240002441e+02 6.9309997559e+02 6.9390002441e+02 6.9450000000e+02 6.9509997559e+02 6.9579998779e+02 6.9679998779e+02 6.9759997559e+02 6.9820001221e+02 6.9870001221e+02 6.9909997559e+02 6.9959997559e+02 7.0020001221e+02 7.0090002441e+02 7.0150000000e+02 7.0170001221e+02 7.0179998779e+02 7.0129998779e+02 7.0090002441e+02 7.0090002441e+02 7.0090002441e+02 7.0109997559e+02 7.0129998779e+02 7.0159997559e+02 7.0190002441e+02 7.0220001221e+02 7.0259997559e+02 7.0300000000e+02 7.0329998779e+02 7.0370001221e+02 7.0409997559e+02 7.0459997559e+02 7.0520001221e+02 7.0579998779e+02 7.0629998779e+02 7.0679998779e+02 7.0729998779e+02 7.0770001221e+02 7.0809997559e+02 7.0840002441e+02 7.0879998779e+02 7.0909997559e+02
6.8959997559e+02 6.9009997559e+02 6.9070001221e+02 6.9120001221e+02 6.9159997559e+02 6.9229998779e+02 6.9309997559e+02 6.9370001221e+02 6.9429998779e+02 6.9490002441e+02 6.9570001221e+02 6.9650000000e+02 6.9700000000e+02 6.9740002441e+02 6.9770001221e+02 6.9809997559e+02 6.9870001221e+02 6.9950000000e+02 7.0009997559e+02 7.0040002441e+02 7.0040002441e+02 7.0020001221e+02 7.0000000000e+02 7.0009997559e+02 7.0020001221e+02 7.0029998779e+02 7.0059997559e+02 7.0090002441e+02 7.0120001221e+02 7.0159997559e+02 7.0209997559e+02 7.0240002441e+02 7.0279998779e+02 7.0320001221e+02 7.0370001221e+02 7.0409997559e+02 7.0459997559e+02 7.0509997559e+02 7.0570001221e+02 7.0620001221e+02 7.0670001221e+02 7.0720001221e+02 7.0759997559e+02 7.0779998779e+02 7.0809997559e+02 7.0850000000e+02
