DGM_1M_UPPER_AUSTRIA/20/5.asc
NCOLS 100
NROWS 100
XLLCORNER 6.2150500000e+04
YLLCORNER 2.9478850000e+05
CELLSIZE 1.0000000000e+00
NODATA_VALUE -9.9990000000e+03
[rows 60 to 79 of 100, columns 46 to 91 of 100]
4.6750000000e+02 4.6810000610e+02 4.6860000610e+02 4.6910000610e+02 4.6950000000e+02 4.6970001221e+02 4.6979998779e+02 4.6979998779e+02 4.6970001221e+02 4.6970001221e+02 4.6970001221e+02 4.6979998779e+02 4.6979998779e+02 4.6979998779e+02 4.6979998779e+02 4.6970001221e+02 4.6970001221e+02 4.6979998779e+02 4.6979998779e+02 4.6979998779e+02 4.6979998779e+02 4.6979998779e+02 4.6989999390e+02 4.6989999390e+02 4.6979998779e+02 4.6979998779e+02 4.6979998779e+02 4.6979998779e+02 4.6989999390e+02 4.7000000000e+02 4.7010000610e+02 4.7020001221e+02 4.7020001221e+02 4.7029998779e+02 4.7029998779e+02 4.7039999390e+02 4.7060000610e+02 4.7079998779e+02 4.7089999390e+02 4.7100000000e+02 4.7120001221e+02 4.7139999390e+02 4.7150000000e+02 4.7170001221e+02 4.7170001221e+02 4.7189999390e+02
4.6810000610e+02 4.6860000610e+02 4.6900000000e+02 4.6939999390e+02 4.6970001221e+02 4.6979998779e+02 4.6979998779e+02 4.6979998779e+02 4.6979998779e+02 4.6979998779e+02 4.6979998779e+02 4.6989999390e+02 4.6989999390e+02 4.7000000000e+02 4.7000000000e+02 4.7000000000e+02 4.6989999390e+02 4.6989999390e+02 4.6989999390e+02 4.7000000000e+02 4.7000000000e+02 4.7000000000e+02 4.7000000000e+02 4.7000000000e+02 4.6989999390e+02 4.6989999390e+02 4.6989999390e+02 4.6989999390e+02 4.7000000000e+02 4.7010000610e+02 4.7029998779e+02 4.7029998779e+02 4.7039999390e+02 4.7050000000e+02 4.7060000610e+02 4.7070001221e+02 4.7089999390e+02 4.7100000000e+02 4.7110000610e+02 4.7129998779e+02 4.7139999390e+02 4.7170001221e+02 4.7189999390e+02 4.7200000000e+02 4.7200000000e+02 4.7210000610e+02
4.6839999390e+02 4.6889999390e+02 4.6939999390e+02 4.6970001221e+02 4.6979998779e+02 4.6989999390e+02 4.6989999390e+02 4.6989999390e+02 4.6979998779e+02 4.6989999390e+02 4.6989999390e+02 4.6989999390e+02 4.7000000000e+02 4.7000000000e+02 4.7010000610e+02 4.7010000610e+02 4.7010000610e+02 4.7010000610e+02 4.7010000610e+02 4.7010000610e+02 4.7010000610e+02 4.7010000610e+02 4.7000000000e+02 4.7000000000e+02 4.6989999390e+02 4.6989999390e+02 4.7000000000e+02 4.7010000610e+02 4.7020001221e+02 4.7039999390e+02 4.7050000000e+02 4.7050000000e+02 4.7060000610e+02 4.7070001221e+02 4.7089999390e+02 4.7100000000e+02 4.7110000610e+02 4.7129998779e+02 4.7139999390e+02 4.7160000610e+02 4.7179998779e+02 4.7200000000e+02 4.7210000610e+02 4.7220001221e+02 4.7220001221e+02 4.7220001221e+02
4.6850000000e+02 4.6910000610e+02 4.6950000000e+02 4.6979998779e+02 4.6989999390e+02 4.6989999390e+02 4.6989999390e+02 4.6989999390e+02 4.6989999390e+02 4.6989999390e+02 4.6989999390e+02 4.7000000000e+02 4.7010000610e+02 4.7020001221e+02 4.7020001221e+02 4.7029998779e+02 4.7029998779e+02 4.7029998779e+02 4.7029998779e+02 4.7029998779e+02 4.7020001221e+02 4.7020001221e+02 4.7020001221e+02 4.7010000610e+02 4.7000000000e+02 4.7010000610e+02 4.7020001221e+02 4.7039999390e+02 4.7050000000e+02 4.7060000610e+02 4.7070001221e+02 4.7079998779e+02 4.7089999390e+02 4.7100000000e+02 4.7120001221e+02 4.7129998779e+02 4.7150000000e+02 4.7160000610e+02 4.7170001221e+02 4.7189999390e+02 4.7210000610e+02 4.7229998779e+02 4.7239999390e+02 4.7239999390e+02 4.7239999390e+02 4.7229998779e+02
4.6850000000e+02 4.6900000000e+02 4.6960000610e+02 4.6989999390e+02 4.6989999390e+02 4.6989999390e+02 4.6989999390e+02 4.6989999390e+02 4.6989999390e+02 4.6989999390e+02 4.7000000000e+02 4.7010000610e+02 4.7029998779e+02 4.7039999390e+02 4.7039999390e+02 4.7039999390e+02 4.7039999390e+02 4.7039999390e+02 4.7039999390e+02 4.7039999390e+02 4.7029998779e+02 4.7029998779e+02 4.7029998779e+02 4.7029998779e+02 4.7020001221e+02 4.7029998779e+02 4.7050000000e+02 4.7070001221e+02 4.7079998779e+02 4.7100000000e+02 4.7110000610e+02 4.7120001221e+02 4.7129998779e+02 4.7139999390e+02 4.7150000000e+02 4.7170001221e+02 4.7179998779e+02 4.7200000000e+02 4.7210000610e+02 4.7229998779e+02 4.7239999390e+02 4.7250000000e+02 4.7250000000e+02 4.7250000000e+02 4.7239999390e+02 4.7239999390e+02
4.6889999390e+02 4.6929998779e+02 4.6979998779e+02 4.7000000000e+02 4.6989999390e+02 4.6989999390e+02 4.6989999390e+02 4.6989999390e+02 4.6989999390e+02 4.6989999390e+02 4.7010000610e+02 4.7029998779e+02 4.7050000000e+02 4.7060000610e+02 4.7060000610e+02 4.7060000610e+02 4.7060000610e+02 4.7060000610e+02 4.7060000610e+02 4.7050000000e+02 4.7050000000e+02 4.7039999390e+02 4.7039999390e+02 4.7039999390e+02 4.7039999390e+02 4.7060000610e+02 4.7079998779e+02 4.7100000000e+02 4.7120001221e+02 4.7129998779e+02 4.7150000000e+02 4.7160000610e+02 4.7170001221e+02 4.7179998779e+02 4.7200000000e+02 4.7210000610e+02 4.7220001221e+02 4.7229998779e+02 4.7239999390e+02 4.7260000610e+02 4.7260000610e+02 4.7260000610e+02 4.7250000000e+02 4.7239999390e+02 4.7239999390e+02 4.7229998779e+02
4.6970001221e+02 4.6979998779e+02 4.7000000000e+02 4.7000000000e+02 4.7000000000e+02 4.6989999390e+02 4.6989999390e+02 4.6989999390e+02 4.6989999390e+02 4.7000000000e+02 4.7020001221e+02 4.7050000000e+02 4.7070001221e+02 4.7070001221e+02 4.7070001221e+02 4.7070001221e+02 4.7070001221e+02 4.7070001221e+02 4.7070001221e+02 4.7070001221e+02 4.7060000610e+02 4.7060000610e+02 4.7060000610e+02 4.7070001221e+02 4.7070001221e+02 4.7089999390e+02 4.7110000610e+02 4.7139999390e+02 4.7150000000e+02 4.7160000610e+02 4.7170001221e+02 4.7189999390e+02 4.7200000000e+02 4.7210000610e+02 4.7220001221e+02 4.7239999390e+02 4.7239999390e+02 4.7250000000e+02 4.7250000000e+02 4.7260000610e+02 4.7250000000e+02 4.7250000000e+02 4.7239999390e+02 4.7220001221e+02 4.7220001221e+02 4.7220001221e+02
4.7010000610e+02 4.7000000000e+02 4.7000000000e+02 4.7000000000e+02 4.7000000000e+02 4.7000000000e+02 4.6989999390e+02 4.7000000000e+02 4.7000000000e+02 4.7010000610e+02 4.7039999390e+02 4.7070001221e+02 4.7079998779e+02 4.7079998779e+02 4.7079998779e+02 4.7079998779e+02 4.7089999390e+02 4.7089999390e+02 4.7079998779e+02 4.7079998779e+02 4.7079998779e+02 4.7079998779e+02 4.7079998779e+02 4.7089999390e+02 4.7100000000e+02 4.7120001221e+02 4.7139999390e+02 4.7160000610e+02 4.7179998779e+02 4.7189999390e+02 4.7189999390e+02 4.7210000610e+02 4.7220001221e+02 4.7229998779e+02 4.7239999390e+02 4.7239999390e+02 4.7239999390e+02 4.7250000000e+02 4.7250000000e+02 4.7250000000e+02 4.7239999390e+02 4.7229998779e+02 4.7220001221e+02 4.7210000610e+02 4.7210000610e+02 4.7210000610e+02
4.7010000610e+02 4.7010000610e+02 4.7010000610e+02 4.7010000610e+02 4.7000000000e+02 4.7000000000e+02 4.7000000000e+02 4.7000000000e+02 4.7010000610e+02 4.7039999390e+02 4.7070001221e+02 4.7089999390e+02 4.7089999390e+02 4.7100000000e+02 4.7100000000e+02 4.7100000000e+02 4.7100000000e+02 4.7100000000e+02 4.7100000000e+02 4.7100000000e+02 4.7100000000e+02 4.7100000000e+02 4.7110000610e+02 4.7120001221e+02 4.7139999390e+02 4.7150000000e+02 4.7170001221e+02 4.7179998779e+02 4.7189999390e+02 4.7200000000e+02 4.7210000610e+02 4.7220001221e+02 4.7229998779e+02 4.7239999390e+02 4.7239999390e+02 4.7239999390e+02 4.7239999390e+02 4.7239999390e+02 4.7239999390e+02 4.7229998779e+02 4.7220001221e+02 4.7220001221e+02 4.7210000610e+02 4.7210000610e+02 4.7200000000e+02 4.7200000000e+02
4.7010000610e+02 4.7010000610e+02 4.7010000610e+02 4.7000000000e+02 4.7000000000e+02 4.7000000000e+02 4.7010000610e+02 4.7029998779e+02 4.7050000000e+02 4.7079998779e+02 4.7100000000e+02 4.7110000610e+02 4.7110000610e+02 4.7110000610e+02 4.7110000610e+02 4.7110000610e+02 4.7120001221e+02 4.7120001221e+02 4.7120001221e+02 4.7120001221e+02 4.7120001221e+02 4.7129998779e+02 4.7139999390e+02 4.7150000000e+02 4.7160000610e+02 4.7179998779e+02 4.7200000000e+02 4.7210000610e+02 4.7210000610e+02 4.7210000610e+02 4.7220001221e+02 4.7229998779e+02 4.7229998779e+02 4.7229998779e+02 4.7229998779e+02 4.7229998779e+02 4.7229998779e+02 4.7220001221e+02 4.7220001221e+02 4.7220001221e+02 4.7210000610e+02 4.7210000610e+02 4.7210000610e+02 4.7200000000e+02 4.7200000000e+02 4.7200000000e+02
4.7010000610e+02 4.7010000610e+02 4.7010000610e+02 4.7000000000e+02 4.7000000000e+02 4.7020001221e+02 4.7039999390e+02 4.7060000610e+02 4.7100000000e+02 4.7110000610e+02 4.7120001221e+02 4.7120001221e+02 4.7120001221e+02 4.7120001221e+02 4.7120001221e+02 4.7129998779e+02 4.7129998779e+02 4.7139999390e+02 4.7139999390e+02 4.7139999390e+02 4.7150000000e+02 4.7160000610e+02 4.7170001221e+02 4.7179998779e+02 4.7189999390e+02 4.7200000000e+02 4.7220001221e+02 4.7239999390e+02 4.7229998779e+02 4.7229998779e+02 4.7229998779e+02 4.7229998779e+02 4.7229998779e+02 4.7229998779e+02 4.7220001221e+02 4.7220001221e+02 4.7220001221e+02 4.7210000610e+02 4.7210000610e+02 4.7210000610e+02 4.7210000610e+02 4.7200000000e+02 4.7200000000e+02 4.7200000000e+02 4.7200000000e+02 4.7200000000e+02
4.7010000610e+02 4.7010000610e+02 4.7010000610e+02 4.7010000610e+02 4.7020001221e+02 4.7039999390e+02 4.7079998779e+02 4.7110000610e+02 4.7120001221e+02 4.7129998779e+02 4.7129998779e+02 4.7129998779e+02 4.7129998779e+02 4.7129998779e+02 4.7129998779e+02 4.7139999390e+02 4.7150000000e+02 4.7150000000e+02 4.7160000610e+02 4.7170001221e+02 4.7189999390e+02 4.7189999390e+02 4.7189999390e+02 4.7200000000e+02 4.7210000610e+02 4.7220001221e+02 4.7239999390e+02 4.7239999390e+02 4.7239999390e+02 4.7229998779e+02 4.7220001221e+02 4.7220001221e+02 4.7220001221e+02 4.7220001221e+02 4.7210000610e+02 4.7210000610e+02 4.7210000610e+02 4.7210000610e+02 4.7210000610e+02 4.7210000610e+02 4.7210000610e+02 4.7200000000e+02 4.7200000000e+02 4.7200000000e+02 4.7200000000e+02 4.7200000000e+02
4.7010000610e+02 4.7010000610e+02 4.7020001221e+02 4.7029998779e+02 4.7050000000e+02 4.7089999390e+02 4.7120001221e+02 4.7139999390e+02 4.7139999390e+02 4.7139999390e+02 4.7139999390e+02 4.7139999390e+02 4.7139999390e+02 4.7150000000e+02 4.7150000000e+02 4.7150000000e+02 4.7160000610e+02 4.7170001221e+02 4.7179998779e+02 4.7189999390e+02 4.7210000610e+02 4.7210000610e+02 4.7210000610e+02 4.7210000610e+02 4.7220001221e+02 4.7229998779e+02 4.7229998779e+02 4.7220001221e+02 4.7220001221e+02 4.7220001221e+02 4.7210000610e+02 4.7210000610e+02 4.7210000610e+02 4.7210000610e+02 4.7210000610e+02 4.7210000610e+02 4.7210000610e+02 4.7210000610e+02 4.7210000610e+02 4.7200000000e+02 4.7200000000e+02 4.7200000000e+02 4.7200000000e+02 4.7200000000e+02 4.7200000000e+02 4.7200000000e+02
4.7010000610e+02 4.7020001221e+02 4.7029998779e+02 4.7060000610e+02 4.7100000000e+02 4.7129998779e+02 4.7150000000e+02 4.7160000610e+02 4.7150000000e+02 4.7150000000e+02 4.7150000000e+02 4.7150000000e+02 4.7150000000e+02 4.7160000610e+02 4.7160000610e+02 4.7170001221e+02 4.7170001221e+02 4.7179998779e+02 4.7189999390e+02 4.7210000610e+02 4.7220001221e+02 4.7220001221e+02 4.7220001221e+02 4.7220001221e+02 4.7220001221e+02 4.7220001221e+02 4.7220001221e+02 4.7210000610e+02 4.7210000610e+02 4.7210000610e+02 4.7210000610e+02 4.7210000610e+02 4.7210000610e+02 4.7210000610e+02 4.7210000610e+02 4.7210000610e+02 4.7210000610e+02 4.7210000610e+02 4.7200000000e+02 4.7200000000e+02 4.7200000000e+02 4.7200000000e+02 4.7200000000e+02 4.7200000000e+02 4.7189999390e+02 4.7189999390e+02
4.7020001221e+02 4.7039999390e+02 4.7070001221e+02 4.7110000610e+02 4.7139999390e+02 4.7160000610e+02 4.7170001221e+02 4.7170001221e+02 4.7170001221e+02 4.7160000610e+02 4.7160000610e+02 4.7170001221e+02 4.7170001221e+02 4.7170001221e+02 4.7170001221e+02 4.7179998779e+02 4.7179998779e+02 4.7179998779e+02 4.7189999390e+02 4.7210000610e+02 4.7220001221e+02 4.7220001221e+02 4.7210000610e+02 4.7210000610e+02 4.7210000610e+02 4.7210000610e+02 4.7210000610e+02 4.7210000610e+02 4.7210000610e+02 4.7210000610e+02 4.7210000610e+02 4.7210000610e+02 4.7210000610e+02 4.7210000610e+02 4.7210000610e+02 4.7210000610e+02 4.7200000000e+02 4.7200000000e+02 4.7200000000e+02 4.7200000000e+02 4.7200000000e+02 4.7200000000e+02 4.7200000000e+02 4.7189999390e+02 4.7200000000e+02 4.7200000000e+02
4.7039999390e+02 4.7070001221e+02 4.7110000610e+02 4.7150000000e+02 4.7170001221e+02 4.7179998779e+02 4.7179998779e+02 4.7179998779e+02 4.7170001221e+02 4.7170001221e+02 4.7170001221e+02 4.7170001221e+02 4.7170001221e+02 4.7179998779e+02 4.7179998779e+02 4.7179998779e+02 4.7179998779e+02 4.7189999390e+02 4.7189999390e+02 4.7200000000e+02 4.7200000000e+02 4.7210000610e+02 4.7210000610e+02 4.7210000610e+02 4.7210000610e+02 4.7210000610e+02 4.7210000610e+02 4.7210000610e+02 4.7210000610e+02 4.7210000610e+02 4.7210000610e+02 4.7210000610e+02 4.7210000610e+02 4.7210000610e+02 4.7210000610e+02 4.7200000000e+02 4.7200000000e+02 4.7200000000e+02 4.7200000000e+02 4.7200000000e+02 4.7200000000e+02 4.7200000000e+02 4.7200000000e+02 4.7200000000e+02 4.7200000000e+02 4.7200000000e+02
4.7070001221e+02 4.7110000610e+02 4.7150000000e+02 4.7170001221e+02 4.7179998779e+02 4.7189999390e+02 4.7189999390e+02 4.7189999390e+02 4.7179998779e+02 4.7179998779e+02 4.7179998779e+02 4.7179998779e+02 4.7179998779e+02 4.7179998779e+02 4.7189999390e+02 4.7189999390e+02 4.7189999390e+02 4.7189999390e+02 4.7189999390e+02 4.7200000000e+02 4.7200000000e+02 4.7200000000e+02 4.7210000610e+02 4.7210000610e+02 4.7210000610e+02 4.7210000610e+02 4.7210000610e+02 4.7210000610e+02 4.7210000610e+02 4.7210000610e+02 4.7210000610e+02 4.7210000610e+02 4.7210000610e+02 4.7210000610e+02 4.7210000610e+02 4.7200000000e+02 4.7200000000e+02 4.7200000000e+02 4.7200000000e+02 4.7200000000e+02 4.7200000000e+02 4.7200000000e+02 4.7200000000e+02 4.7200000000e+02 4.7200000000e+02 4.7210000610e+02
4.7110000610e+02 4.7150000000e+02 4.7170001221e+02 4.7179998779e+02 4.7189999390e+02 4.7189999390e+02 4.7189999390e+02 4.7189999390e+02 4.7189999390e+02 4.7189999390e+02 4.7189999390e+02 4.7179998779e+02 4.7179998779e+02 4.7189999390e+02 4.7189999390e+02 4.7189999390e+02 4.7189999390e+02 4.7200000000e+02 4.7200000000e+02 4.7200000000e+02 4.7200000000e+02 4.7200000000e+02 4.7200000000e+02 4.7200000000e+02 4.7200000000e+02 4.7200000000e+02 4.7200000000e+02 4.7200000000e+02 4.7200000000e+02 4.7200000000e+02 4.7200000000e+02 4.7210000610e+02 4.7210000610e+02 4.7210000610e+02 4.7200000000e+02 4.7200000000e+02 4.7200000000e+02 4.7200000000e+02 4.7200000000e+02 4.7200000000e+02 4.7200000000e+02 4.7200000000e+02 4.7200000000e+02 4.7200000000e+02 4.7200000000e+02 4.7200000000e+02
4.7160000610e+02 4.7189999390e+02 4.7189999390e+02 4.7189999390e+02 4.7189999390e+02 4.7200000000e+02 4.7200000000e+02 4.7189999390e+02 4.7189999390e+02 4.7189999390e+02 4.7189999390e+02 4.7189999390e+02 4.7189999390e+02 4.7189999390e+02 4.7189999390e+02 4.7189999390e+02 4.7200000000e+02 4.7200000000e+02 4.7200000000e+02 4.7200000000e+02 4.7200000000e+02 4.7200000000e+02 4.7200000000e+02 4.7200000000e+02 4.7200000000e+02 4.7200000000e+02 4.7200000000e+02 4.7200000000e+02 4.7200000000e+02 4.7200000000e+02 4.7200000000e+02 4.7200000000e+02 4.7200000000e+02 4.7200000000e+02 4.7200000000e+02 4.7200000000e+02 4.7200000000e+02 4.7200000000e+02 4.7200000000e+02 4.7200000000e+02 4.7200000000e+02 4.7200000000e+02 4.7200000000e+02 4.7200000000e+02 4.7200000000e+02 4.7200000000e+02
4.7189999390e+02 4.7200000000e+02 4.7200000000e+02 4.7200000000e+02 4.7200000000e+02 4.7200000000e+02 4.7200000000e+02 4.7189999390e+02 4.7189999390e+02 4.7189999390e+02 4.7189999390e+02 4.7189999390e+02 4.7189999390e+02 4.7189999390e+02 4.7200000000e+02 4.7200000000e+02 4.7200000000e+02 4.7200000000e+02 4.7200000000e+02 4.7200000000e+02 4.7200000000e+02 4.7200000000e+02 4.7200000000e+02 4.7200000000e+02 4.7200000000e+02 4.7189999390e+02 4.7189999390e+02 4.7189999390e+02 4.7189999390e+02 4.7189999390e+02 4.7200000000e+02 4.7200000000e+02 4.7200000000e+02 4.7200000000e+02 4.7200000000e+02 4.7200000000e+02 4.7200000000e+02 4.7200000000e+02 4.7200000000e+02 4.7200000000e+02 4.7200000000e+02 4.7200000000e+02 4.7200000000e+02 4.7200000000e+02 4.7200000000e+02 4.7200000000e+02
