DGM_1M_UPPER_AUSTRIA/20/5.asc
NCOLS 100
NROWS 100
XLLCORNER 6.2150500000e+04
YLLCORNER 2.9478850000e+05
CELLSIZE 1.0000000000e+00
NODATA_VALUE -9.9990000000e+03
[rows 80 to 99 of 100, columns 0 to 45 of 100]
4.6289999390e+02 4.6289999390e+02 4.6289999390e+02 4.6289999390e+02 4.6289999390e+02 4.6289999390e+02 4.6289999390e+02 4.6289999390e+02 4.6289999390e+02 4.6289999390e+02 4.6289999390e+02 4.6289999390e+02 4.6289999390e+02 4.6289999390e+02 4.6289999390e+02 4.6289999390e+02 4.6289999390e+02 4.6289999390e+02 4.6289999390e+02 4.6289999390e+02 4.6289999390e+02 4.6289999390e+02 4.6289999390e+02 4.6289999390e+02 4.6289999390e+02 4.6289999390e+02 4.6300000000e+02 4.6310000610e+02 4.6339999390e+02 4.6389999390e+02 4.6470001221e+02 4.6570001221e+02 4.6660000610e+02 4.6750000000e+02 4.6879998779e+02 4.6979998779e+02 4.7020001221e+02 4.7029998779e+02 4.7039999390e+02 4.7050000000e+02 4.7079998779e+02 4.7100000000e+02 4.7120001221e+02 4.7139999390e+02 4.7170001221e+02 4.7189999390e+02
4.6289999390e+02 4.6289999390e+02 4.6289999390e+02 4.6289999390e+02 4.6289999390e+02 4.6289999390e+02 4.6289999390e+02 4.6289999390e+02 4.6289999390e+02 4.6289999390e+02 4.6289999390e+02 4.6289999390e+02 4.6289999390e+02 4.6289999390e+02 4.6289999390e+02 4.6289999390e+02 4.6289999390e+02 4.6289999390e+02 4.6289999390e+02 4.6289999390e+02 4.6289999390e+02 4.6289999390e+02 4.6289999390e+02 4.6289999390e+02 4.6289999390e+02 4.6289999390e+02 4.6289999390e+02 4.6300000000e+02 4.6339999390e+02 4.6410000610e+02 4.6500000000e+02 4.6610000610e+02 4.6720001221e+02 4.6839999390e+02 4.6950000000e+02 4.7020001221e+02 4.7039999390e+02 4.7050000000e+02 4.7060000610e+02 4.7079998779e+02 4.7110000610e+02 4.7129998779e+02 4.7150000000e+02 4.7170001221e+02 4.7189999390e+02 4.7200000000e+02
4.6289999390e+02 4.6289999390e+02 4.6289999390e+02 4.6289999390e+02 4.6289999390e+02 4.6289999390e+02 4.6289999390e+02 4.6289999390e+02 4.6289999390e+02 4.6289999390e+02 4.6289999390e+02 4.6289999390e+02 4.6289999390e+02 4.6289999390e+02 4.6289999390e+02 4.6289999390e+02 4.6289999390e+02 4.6289999390e+02 4.6289999390e+02 4.6289999390e+02 4.6289999390e+02 4.6289999390e+02 4.6289999390e+02 4.6289999390e+02 4.6289999390e+02 4.6300000000e+02 4.6300000000e+02 4.6300000000e+02 4.6339999390e+02 4.6410000610e+02 4.6520001221e+02 4.6660000610e+02 4.6810000610e+02 4.6929998779e+02 4.7010000610e+02 4.7050000000e+02 4.7060000610e+02 4.7079998779e+02 4.7100000000e+02 4.7120001221e+02 4.7150000000e+02 4.7170001221e+02 4.7179998779e+02 4.7200000000e+02 4.7210000610e+02 4.7210000610e+02
4.6289999390e+02 4.6289999390e+02 4.6289999390e+02 4.6289999390e+02 4.6289999390e+02 4.6289999390e+02 4.6289999390e+02 4.6289999390e+02 4.6289999390e+02 4.6289999390e+02 4.6289999390e+02 4.6289999390e+02 4.6289999390e+02 4.6289999390e+02 4.6289999390e+02 4.6289999390e+02 4.6289999390e+02 4.6289999390e+02 4.6289999390e+02 4.6289999390e+02 4.6289999390e+02 4.6289999390e+02 4.6289999390e+02 4.6300000000e+02 4.6300000000e+02 4.6300000000e+02 4.6300000000e+02 4.6320001221e+02 4.6360000610e+02 4.6439999390e+02 4.6560000610e+02 4.6710000610e+02 4.6879998779e+02 4.6989999390e+02 4.7050000000e+02 4.7079998779e+02 4.7100000000e+02 4.7120001221e+02 4.7150000000e+02 4.7170001221e+02 4.7179998779e+02 4.7200000000e+02 4.7210000610e+02 4.7220001221e+02 4.7220001221e+02 4.7210000610e+02
4.6289999390e+02 4.6289999390e+02 4.6289999390e+02 4.6289999390e+02 4.6289999390e+02 4.6289999390e+02 4.6289999390e+02 4.6289999390e+02 4.6289999390e+02 4.6289999390e+02 4.6289999390e+02 4.6289999390e+02 4.6289999390e+02 4.6289999390e+02 4.6289999390e+02 4.6289999390e+02 4.6289999390e+02 4.6289999390e+02 4.6289999390e+02 4.6289999390e+02 4.6289999390e+02 4.6289999390e+02 4.6300000000e+02 4.6310000610e+02 4.6329998779e+02 4.6339999390e+02 4.6350000000e+02 4.6370001221e+02 4.6420001221e+02 4.6510000610e+02 4.6629998779e+02 4.6760000610e+02 4.6910000610e+02 4.7020001221e+02 4.7079998779e+02 4.7110000610e+02 4.7139999390e+02 4.7170001221e+02 4.7200000000e+02 4.7200000000e+02 4.7210000610e+02 4.7220001221e+02 4.7220001221e+02 4.7220001221e+02 4.7220001221e+02 4.7220001221e+02
4.6289999390e+02 4.6289999390e+02 4.6289999390e+02 4.6289999390e+02 4.6289999390e+02 4.6289999390e+02 4.6289999390e+02 4.6289999390e+02 4.6289999390e+02 4.6289999390e+02 4.6289999390e+02 4.6289999390e+02 4.6289999390e+02 4.6289999390e+02 4.6289999390e+02 4.6289999390e+02 4.6289999390e+02 4.6289999390e+02 4.6289999390e+02 4.6289999390e+02 4.6289999390e+02 4.6300000000e+02 4.6320001221e+02 4.6339999390e+02 4.6370001221e+02 4.6379998779e+02 4.6389999390e+02 4.6439999390e+02 4.6510000610e+02 4.6620001221e+02 4.6729998779e+02 4.6829998779e+02 4.6939999390e+02 4.7039999390e+02 4.7110000610e+02 4.7150000000e+02 4.7189999390e+02 4.7210000610e+02 4.7220001221e+02 4.7220001221e+02 4.7220001221e+02 4.7220001221e+02 4.7220001221e+02 4.7220001221e+02 4.7220001221e+02 4.7220001221e+02
4.6289999390e+02 4.6289999390e+02 4.6289999390e+02 4.6289999390e+02 4.6289999390e+02 4.6289999390e+02 4.6289999390e+02 4.6289999390e+02 4.6289999390e+02 4.6289999390e+02 4.6289999390e+02 4.6289999390e+02 4.6289999390e+02 4.6289999390e+02 4.6289999390e+02 4.6289999390e+02 4.6300000000e+02 4.6300000000e+02 4.6289999390e+02 4.6289999390e+02 4.6289999390e+02 4.6320001221e+02 4.6379998779e+02 4.6439999390e+02 4.6489999390e+02 4.6460000610e+02 4.6460000610e+02 4.6539999390e+02 4.6620001221e+02 4.6729998779e+02 4.6829998779e+02 4.6910000610e+02 4.6989999390e+02 4.7079998779e+02 4.7150000000e+02 4.7189999390e+02 4.7210000610e+02 4.7220001221e+02 4.7220001221e+02 4.7220001221e+02 4.7220001221e+02 4.7220001221e+02 4.7220001221e+02 4.7220001221e+02 4.7210000610e+02 4.7210000610e+02
4.6289999390e+02 4.6289999390e+02 4.6289999390e+02 4.6289999390e+02 4.6289999390e+02 4.6289999390e+02 4.6289999390e+02 4.6289999390e+02 4.6289999390e+02 4.6289999390e+02 4.6289999390e+02 4.6289999390e+02 4.6289999390e+02 4.6289999390e+02 4.6289999390e+02 4.6300000000e+02 4.6300000000e+02 4.6310000610e+02 4.6300000000e+02 4.6300000000e+02 4.6300000000e+02 4.6339999390e+02 4.6439999390e+02 4.6579998779e+02 4.6639999390e+02 4.6610000610e+02 4.6610000610e+02 4.6660000610e+02 4.6729998779e+02 4.6820001221e+02 4.6910000610e+02 4.6989999390e+02 4.7060000610e+02 4.7129998779e+02 4.7179998779e+02 4.7210000610e+02 4.7220001221e+02 4.7229998779e+02 4.7229998779e+02 4.7220001221e+02 4.7220001221e+02 4.7220001221e+02 4.7220001221e+02 4.7220001221e+02 4.7210000610e+02 4.7210000610e+02
4.6289999390e+02 4.6289999390e+02 4.6289999390e+02 4.6289999390e+02 4.6289999390e+02 4.6289999390e+02 4.6289999390e+02 4.6289999390e+02 4.6289999390e+02 4.6289999390e+02 4.6289999390e+02 4.6289999390e+02 4.6300000000e+02 4.6300000000e+02 4.6310000610e+02 4.6320001221e+02 4.6339999390e+02 4.6339999390e+02 4.6329998779e+02 4.6320001221e+02 4.6310000610e+02 4.6360000610e+02 4.6479998779e+02 4.6650000000e+02 4.6739999390e+02 4.6750000000e+02 4.6760000610e+02 4.6779998779e+02 4.6820001221e+02 4.6900000000e+02 4.6979998779e+02 4.7050000000e+02 4.7120001221e+02 4.7170001221e+02 4.7200000000e+02 4.7220001221e+02 4.7229998779e+02 4.7229998779e+02 4.7229998779e+02 4.7229998779e+02 4.7220001221e+02 4.7220001221e+02 4.7220001221e+02 4.7210000610e+02 4.7210000610e+02 4.7210000610e+02
4.6289999390e+02 4.6289999390e+02 4.6289999390e+02 4.6289999390e+02 4.6289999390e+02 4.6289999390e+02 4.6289999390e+02 4.6289999390e+02 4.6289999390e+02 4.6289999390e+02 4.6289999390e+02 4.6289999390e+02 4.6300000000e+02 4.6310000610e+02 4.6350000000e+02 4.6400000000e+02 4.6420001221e+02 4.6410000610e+02 4.6379998779e+02 4.6350000000e+02 4.6329998779e+02 4.6379998779e+02 4.6510000610e+02 4.6670001221e+02 4.6779998779e+02 4.6850000000e+02 4.6879998779e+02 4.6889999390e+02 4.6920001221e+02 4.6979998779e+02 4.7050000000e+02 4.7110000610e+02 4.7160000610e+02 4.7200000000e+02 4.7220001221e+02 4.7229998779e+02 4.7229998779e+02 4.7229998779e+02 4.7229998779e+02 4.7229998779e+02 4.7220001221e+02 4.7220001221e+02 4.7220001221e+02 4.7220001221e+02 4.7210000610e+02 4.7210000610e+02
4.6289999390e+02 4.6289999390e+02 4.6289999390e+02 4.6289999390e+02 4.6289999390e+02 4.6289999390e+02 4.6289999390e+02 4.6289999390e+02 4.6289999390e+02 4.6289999390e+02 4.6289999390e+02 4.6289999390e+02 4.6300000000e+02 4.6329998779e+02 4.6400000000e+02 4.6500000000e+02 4.6529998779e+02 4.6489999390e+02 4.6439999390e+02 4.6429998779e+02 4.6429998779e+02 4.6450000000e+02 4.6579998779e+02 4.6700000000e+02 4.6810000610e+02 4.6900000000e+02 4.6950000000e+02 4.6979998779e+02 4.7020001221e+02 4.7070001221e+02 4.7120001221e+02 4.7160000610e+02 4.7189999390e+02 4.7220001221e+02 4.7229998779e+02 4.7229998779e+02 4.7229998779e+02 4.7229998779e+02 4.7229998779e+02 4.7220001221e+02 4.7220001221e+02 4.7220001221e+02 4.7220001221e+02 4.7220001221e+02 4.7220001221e+02 4.7220001221e+02
4.6289999390e+02 4.6289999390e+02 4.6289999390e+02 4.6289999390e+02 4.6289999390e+02 4.6289999390e+02 4.6289999390e+02 4.6289999390e+02 4.6289999390e+02 4.6300000000e+02 4.6310000610e+02 4.6310000610e+02 4.6320001221e+02 4.6360000610e+02 4.6470001221e+02 4.6600000000e+02 4.6660000610e+02 4.6620001221e+02 4.6579998779e+02 4.6579998779e+02 4.6589999390e+02 4.6610000610e+02 4.6679998779e+02 4.6779998779e+02 4.6870001221e+02 4.6950000000e+02 4.7010000610e+02 4.7060000610e+02 4.7100000000e+02 4.7139999390e+02 4.7160000610e+02 4.7189999390e+02 4.7210000610e+02 4.7220001221e+02 4.7220001221e+02 4.7220001221e+02 4.7220001221e+02 4.7220001221e+02 4.7220001221e+02 4.7220001221e+02 4.7220001221e+02 4.7220001221e+02 4.7220001221e+02 4.7220001221e+02 4.7220001221e+02 4.7220001221e+02
4.6289999390e+02 4.6289999390e+02 4.6289999390e+02 4.6289999390e+02 4.6289999390e+02 4.6289999390e+02 4.6289999390e+02 4.6289999390e+02 4.6300000000e+02 4.6329998779e+02 4.6360000610e+02 4.6350000000e+02 4.6370001221e+02 4.6450000000e+02 4.6550000000e+02 4.6689999390e+02 4.6760000610e+02 4.6760000610e+02 4.6739999390e+02 4.6739999390e+02 4.6750000000e+02 4.6770001221e+02 4.6820001221e+02 4.6879998779e+02 4.6950000000e+02 4.7010000610e+02 4.7070001221e+02 4.7129998779e+02 4.7160000610e+02 4.7179998779e+02 4.7189999390e+02 4.7210000610e+02 4.7220001221e+02 4.7220001221e+02 4.7220001221e+02 4.7220001221e+02 4.7220001221e+02 4.7220001221e+02 4.7220001221e+02 4.7220001221e+02 4.7220001221e+02 4.7220001221e+02 4.7220001221e+02 4.7220001221e+02 4.7229998779e+02 4.7229998779e+02
4.6289999390e+02 4.6289999390e+02 4.6289999390e+02 4.6289999390e+02 4.6289999390e+02 4.6289999390e+02 4.6289999390e+02 4.6300000000e+02 4.6329998779e+02 4.6370001221e+02 4.6420001221e+02 4.6450000000e+02 4.6479998779e+02 4.6550000000e+02 4.6639999390e+02 4.6760000610e+02 4.6839999390e+02 4.6870001221e+02 4.6870001221e+02 4.6860000610e+02 4.6879998779e+02 4.6910000610e+02 4.6939999390e+02 4.6989999390e+02 4.7039999390e+02 4.7089999390e+02 4.7139999390e+02 4.7179998779e+02 4.7200000000e+02 4.7200000000e+02 4.7210000610e+02 4.7210000610e+02 4.7210000610e+02 4.7210000610e+02 4.7220001221e+02 4.7220001221e+02 4.7220001221e+02 4.7220001221e+02 4.7220001221e+02 4.7220001221e+02 4.7220001221e+02 4.7220001221e+02 4.7229998779e+02 4.7229998779e+02 4.7239999390e+02 4.7239999390e+02
4.6289999390e+02 4.6289999390e+02 4.6289999390e+02 4.6289999390e+02 4.6289999390e+02 4.6289999390e+02 4.6289999390e+02 4.6310000610e+02 4.6350000000e+02 4.6410000610e+02 4.6479998779e+02 4.6539999390e+02 4.6589999390e+02 4.6639999390e+02 4.6729998779e+02 4.6829998779e+02 4.6920001221e+02 4.6960000610e+02 4.6960000610e+02 4.6960000610e+02 4.6989999390e+02 4.7020001221e+02 4.7060000610e+02 4.7089999390e+02 4.7120001221e+02 4.7150000000e+02 4.7189999390e+02 4.7200000000e+02 4.7210000610e+02 4.7210000610e+02 4.7210000610e+02 4.7210000610e+02 4.7210000610e+02 4.7210000610e+02 4.7220001221e+02 4.7220001221e+02 4.7220001221e+02 4.7220001221e+02 4.7220001221e+02 4.7229998779e+02 4.7229998779e+02 4.7229998779e+02 4.7250000000e+02 4.7260000610e+02 4.7260000610e+02 4.7270001221e+02
4.6289999390e+02 4.6289999390e+02 4.6289999390e+02 4.6289999390e+02 4.6289999390e+02 4.6289999390e+02 4.6289999390e+02 4.6310000610e+02 4.6360000610e+02 4.6439999390e+02 4.6520001221e+02 4.6620001221e+02 4.6689999390e+02 4.6750000000e+02 4.6820001221e+02 4.6910000610e+02 4.6989999390e+02 4.7039999390e+02 4.7050000000e+02 4.7050000000e+02 4.7070001221e+02 4.7110000610e+02 4.7139999390e+02 4.7150000000e+02 4.7170001221e+02 4.7189999390e+02 4.7200000000e+02 4.7210000610e+02 4.7210000610e+02 4.7210000610e+02 4.7210000610e+02 4.7210000610e+02 4.7210000610e+02 4.7210000610e+02 4.7220001221e+02 4.7220001221e+02 4.7220001221e+02 4.7220001221e+02 4.7229998779e+02 4.7239999390e+02 4.7239999390e+02 4.7250000000e+02 4.7260000610e+02 4.7279998779e+02 4.7289999390e+02 4.7289999390e+02
4.6289999390e+02 4.6289999390e+02 4.6289999390e+02 4.6289999390e+02 4.6289999390e+02 4.6289999390e+02 4.6289999390e+02 4.6310000610e+02 4.6360000610e+02 4.6439999390e+02 4.6550000000e+02 4.6660000610e+02 4.6760000610e+02 4.6829998779e+02 4.6910000610e+02 4.6989999390e+02 4.7060000610e+02 4.7100000000e+02 4.7120001221e+02 4.7129998779e+02 4.7139999390e+02 4.7170001221e+02 4.7189999390e+02 4.7189999390e+02 4.7200000000e+02 4.7200000000e+02 4.7200000000e+02 4.7200000000e+02 4.7200000000e+02 4.7210000610e+02 4.7210000610e+02 4.7210000610e+02 4.7210000610e+02 4.7220001221e+02 4.7220001221e+02 4.7220001221e+02 4.7220001221e+02 4.7229998779e+02 4.7239999390e+02 4.7250000000e+02 4.7250000000e+02 4.7270001221e+02 4.7279998779e+02 4.7289999390e+02 4.7300000000e+02 4.7300000000e+02
4.6289999390e+02 4.6300000000e+02 4.6300000000e+02 4.6289999390e+02 4.6289999390e+02 4.6289999390e+02 4.6300000000e+02 4.6310000610e+02 4.6350000000e+02 4.6429998779e+02 4.6539999390e+02 4.6670001221e+02 4.6779998779e+02 4.6879998779e+02 4.6970001221e+02 4.7050000000e+02 4.7110000610e+02 4.7160000610e+02 4.7179998779e+02 4.7189999390e+02 4.7189999390e+02 4.7210000610e+02 4.7200000000e+02 4.7200000000e+02 4.7200000000e+02 4.7200000000e+02 4.7200000000e+02 4.7200000000e+02 4.7200000000e+02 4.7210000610e+02 4.7210000610e+02 4.7210000610e+02 4.7220001221e+02 4.7220001221e+02 4.7220001221e+02 4.7229998779e+02 4.7229998779e+02 4.7239999390e+02 4.7250000000e+02 4.7260000610e+02 4.7270001221e+02 4.7279998779e+02 4.7289999390e+02 4.7289999390e+02 4.7300000000e+02 4.7310000610e+02
4.6329998779e+02 4.6339999390e+02 4.6329998779e+02 4.6320001221e+02 4.6320001221e+02 4.6310000610e+02 4.6320001221e+02 4.6339999390e+02 4.6379998779e+02 4.6450000000e+02 4.6550000000e+02 4.6660000610e+02 4.6770001221e+02 4.6889999390e+02 4.6979998779e+02 4.7070001221e+02 4.7139999390e+02 4.7179998779e+02 4.7210000610e+02 4.7210000610e+02 4.7220001221e+02 4.7210000610e+02 4.7200000000e+02 4.7200000000e+02 4.7189999390e+02 4.7189999390e+02 4.7189999390e+02 4.7200000000e+02 4.7200000000e+02 4.7200000000e+02 4.7210000610e+02 4.7210000610e+02 4.7220001221e+02 4.7220001221e+02 4.7229998779e+02 4.7239999390e+02 4.7239999390e+02 4.7250000000e+02 4.7250000000e+02 4.7270001221e+02 4.7270001221e+02 4.7279998779e+02 4.7289999390e+02 4.7289999390e+02 4.7300000000e+02 4.7310000610e+02
4.6379998779e+02 4.6400000000e+02 4.6400000000e+02 4.6389999390e+02 4.6379998779e+02 4.6370001221e+02 4.6379998779e+02 4.6420001221e+02 4.6450000000e+02 4.6510000610e+02 4.6579998779e+02 4.6679998779e+02 4.6779998779e+02 4.6889999390e+02 4.6989999390e+02 4.7079998779e+02 4.7150000000e+02 4.7189999390e+02 4.7210000610e+02 4.7210000610e+02 4.7200000000e+02 4.7189999390e+02 4.7189999390e+02 4.7179998779e+02 4.7179998779e+02 4.7189999390e+02 4.7189999390e+02 4.7189999390e+02 4.7200000000e+02 4.7200000000e+02 4.7210000610e+02 4.7210000610e+02 4.7220001221e+02 4.7229998779e+02 4.7229998779e+02 4.7239999390e+02 4.7239999390e+02 4.7250000000e+02 4.7260000610e+02 4.7270001221e+02 4.7279998779e+02 4.7279998779e+02 4.7289999390e+02 4.7289999390e+02 4.7300000000e+02 4.7310000610e+02
