DGM_1M_UPPER_AUSTRIA/19/11.asc
NCOLS 100
NROWS 100
XLLCORNER 6.2050500000e+04
YLLCORNER 2.9418850000e+05
CELLSIZE 1.0000000000e+00
NODATA_VALUE -9.9990000000e+03
[rows 0 to 19 of 100, columns 46 to 91 of 100]
5.0270001221e+02 5.0270001221e+02 5.0270001221e+02 5.0270001221e+02 5.0260000610e+02 5.0260000610e+02 5.0260000610e+02 5.0260000610e+02 5.0260000610e+02 5.0260000610e+02 5.0260000610e+02 5.0250000000e+02 5.0250000000e+02 5.0229998779e+02 5.0210000610e+02 5.0179998779e+02 5.0139999390e+02 5.0089999390e+02 5.0050000000e+02 5.0010000610e+02 4.9960000610e+02 4.9920001221e+02 4.9870001221e+02 4.9820001221e+02 4.9779998779e+02 4.9729998779e+02 4.9670001221e+02 4.9620001221e+02 4.9570001221e+02 4.9529998779e+02 4.9489999390e+02 4.9450000000e+02 4.9410000610e+02 4.9360000610e+02 4.9310000610e+02 4.9250000000e+02 4.9210000610e+02 4.9160000610e+02 4.9120001221e+02 4.9079998779e+02 4.9029998779e+02 4.8989999390e+02 4.8939999390e+02 4.8900000000e+02 4.8850000000e+02 4.8810000610e+02
5.0270001221e+02 5.0270001221e+02 5.0270001221e+02 5.0270001221e+02 5.0260000610e+02 5.0260000610e+02 5.0260000610e+02 5.0260000610e+02 5.0260000610e+02 5.0250000000e+02 5.0250000000e+02 5.0250000000e+02 5.0239999390e+02 5.0239999390e+02 5.0239999390e+02 5.0220001221e+02 5.0179998779e+02 5.0139999390e+02 5.0100000000e+02 5.0060000610e+02 5.0020001221e+02 4.9979998779e+02 4.9929998779e+02 4.9879998779e+02 4.9829998779e+02 4.9779998779e+02 4.9729998779e+02 4.9679998779e+02 4.9629998779e+02 4.9579998779e+02 4.9529998779e+02 4.9500000000e+02 4.9460000610e+02 4.9420001221e+02 4.9370001221e+02 4.9310000610e+02 4.9260000610e+02 4.9210000610e+02 4.9160000610e+02 4.9120001221e+02 4.9079998779e+02 4.9029998779e+02 4.8989999390e+02 4.8939999390e+02 4.8900000000e+02 4.8870001221e+02
5.0270001221e+02 5.0270001221e+02 5.0270001221e+02 5.0260000610e+02 5.0260000610e+02 5.0260000610e+02 5.0260000610e+02 5.0260000610e+02 5.0250000000e+02 5.0250000000e+02 5.0250000000e+02 5.0239999390e+02 5.0239999390e+02 5.0239999390e+02 5.0250000000e+02 5.0239999390e+02 5.0220001221e+02 5.0189999390e+02 5.0150000000e+02 5.0110000610e+02 5.0070001221e+02 5.0029998779e+02 4.9979998779e+02 4.9929998779e+02 4.9879998779e+02 4.9839999390e+02 4.9789999390e+02 4.9750000000e+02 4.9689999390e+02 4.9639999390e+02 4.9579998779e+02 4.9539999390e+02 4.9500000000e+02 4.9460000610e+02 4.9420001221e+02 4.9360000610e+02 4.9310000610e+02 4.9260000610e+02 4.9210000610e+02 4.9160000610e+02 4.9120001221e+02 4.9079998779e+02 4.9029998779e+02 4.8989999390e+02 4.8950000000e+02 4.8910000610e+02
5.0270001221e+02 5.0270001221e+02 5.0260000610e+02 5.0260000610e+02 5.0260000610e+02 5.0260000610e+02 5.0260000610e+02 5.0260000610e+02 5.0250000000e+02 5.0250000000e+02 5.0239999390e+02 5.0239999390e+02 5.0239999390e+02 5.0239999390e+02 5.0250000000e+02 5.0239999390e+02 5.0229998779e+02 5.0229998779e+02 5.0200000000e+02 5.0160000610e+02 5.0120001221e+02 5.0070001221e+02 5.0029998779e+02 4.9979998779e+02 4.9939999390e+02 4.9889999390e+02 4.9850000000e+02 4.9810000610e+02 4.9750000000e+02 4.9700000000e+02 4.9639999390e+02 4.9589999390e+02 4.9539999390e+02 4.9500000000e+02 4.9460000610e+02 4.9410000610e+02 4.9360000610e+02 4.9310000610e+02 4.9260000610e+02 4.9210000610e+02 4.9160000610e+02 4.9120001221e+02 4.9079998779e+02 4.9039999390e+02 4.9000000000e+02 4.8960000610e+02
5.0270001221e+02 5.0270001221e+02 5.0260000610e+02 5.0260000610e+02 5.0260000610e+02 5.0260000610e+02 5.0260000610e+02 5.0260000610e+02 5.0250000000e+02 5.0239999390e+02 5.0239999390e+02 5.0239999390e+02 5.0239999390e+02 5.0239999390e+02 5.0239999390e+02 5.0229998779e+02 5.0229998779e+02 5.0229998779e+02 5.0220001221e+02 5.0200000000e+02 5.0160000610e+02 5.0120001221e+02 5.0070001221e+02 5.0029998779e+02 4.9989999390e+02 4.9939999390e+02 4.9910000610e+02 4.9860000610e+02 4.9810000610e+02 4.9760000610e+02 4.9710000610e+02 4.9650000000e+02 4.9600000000e+02 4.9539999390e+02 4.9500000000e+02 4.9460000610e+02 4.9410000610e+02 4.9360000610e+02 4.9310000610e+02 4.9270001221e+02 4.9220001221e+02 4.9160000610e+02 4.9120001221e+02 4.9079998779e+02 4.9039999390e+02 4.9000000000e+02
5.0279998779e+02 5.0270001221e+02 5.0270001221e+02 5.0270001221e+02 5.0260000610e+02 5.0260000610e+02 5.0260000610e+02 5.0250000000e+02 5.0250000000e+02 5.0239999390e+02 5.0239999390e+02 5.0239999390e+02 5.0239999390e+02 5.0239999390e+02 5.0229998779e+02 5.0229998779e+02 5.0229998779e+02 5.0229998779e+02 5.0229998779e+02 5.0220001221e+02 5.0200000000e+02 5.0160000610e+02 5.0110000610e+02 5.0070001221e+02 5.0029998779e+02 4.9989999390e+02 4.9950000000e+02 4.9910000610e+02 4.9870001221e+02 4.9820001221e+02 4.9770001221e+02 4.9710000610e+02 4.9660000610e+02 4.9600000000e+02 4.9550000000e+02 4.9510000610e+02 4.9460000610e+02 4.9410000610e+02 4.9370001221e+02 4.9320001221e+02 4.9270001221e+02 4.9220001221e+02 4.9170001221e+02 4.9129998779e+02 4.9079998779e+02 4.9039999390e+02
5.0279998779e+02 5.0270001221e+02 5.0270001221e+02 5.0270001221e+02 5.0260000610e+02 5.0260000610e+02 5.0260000610e+02 5.0250000000e+02 5.0250000000e+02 5.0239999390e+02 5.0239999390e+02 5.0239999390e+02 5.0239999390e+02 5.0239999390e+02 5.0229998779e+02 5.0229998779e+02 5.0229998779e+02 5.0229998779e+02 5.0229998779e+02 5.0229998779e+02 5.0220001221e+02 5.0200000000e+02 5.0160000610e+02 5.0120001221e+02 5.0079998779e+02 5.0039999390e+02 5.0000000000e+02 4.9970001221e+02 4.9920001221e+02 4.9870001221e+02 4.9820001221e+02 4.9770001221e+02 4.9710000610e+02 4.9660000610e+02 4.9610000610e+02 4.9560000610e+02 4.9510000610e+02 4.9460000610e+02 4.9420001221e+02 4.9379998779e+02 4.9329998779e+02 4.9279998779e+02 4.9229998779e+02 4.9179998779e+02 4.9139999390e+02 4.9100000000e+02
5.0270001221e+02 5.0270001221e+02 5.0270001221e+02 5.0270001221e+02 5.0260000610e+02 5.0260000610e+02 5.0260000610e+02 5.0250000000e+02 5.0250000000e+02 5.0250000000e+02 5.0239999390e+02 5.0239999390e+02 5.0239999390e+02 5.0239999390e+02 5.0229998779e+02 5.0229998779e+02 5.0229998779e+02 5.0220001221e+02 5.0220001221e+02 5.0229998779e+02 5.0229998779e+02 5.0220001221e+02 5.0200000000e+02 5.0160000610e+02 5.0129998779e+02 5.0079998779e+02 5.0050000000e+02 5.0020001221e+02 4.9970001221e+02 4.9920001221e+02 4.9870001221e+02 4.9820001221e+02 4.9770001221e+02 4.9720001221e+02 4.9670001221e+02 4.9620001221e+02 4.9570001221e+02 4.9520001221e+02 4.9470001221e+02 4.9429998779e+02 4.9379998779e+02 4.9339999390e+02 4.9289999390e+02 4.9239999390e+02 4.9200000000e+02 4.9160000610e+02
5.0270001221e+02 5.0270001221e+02 5.0270001221e+02 5.0270001221e+02 5.0260000610e+02 5.0260000610e+02 5.0260000610e+02 5.0260000610e+02 5.0250000000e+02 5.0250000000e+02 5.0239999390e+02 5.0239999390e+02 5.0239999390e+02 5.0229998779e+02 5.0229998779e+02 5.0229998779e+02 5.0220001221e+02 5.0220001221e+02 5.0220001221e+02 5.0220001221e+02 5.0220001221e+02 5.0220001221e+02 5.0210000610e+02 5.0200000000e+02 5.0170001221e+02 5.0139999390e+02 5.0100000000e+02 5.0060000610e+02 5.0010000610e+02 4.9970001221e+02 4.9920001221e+02 4.9870001221e+02 4.9820001221e+02 4.9770001221e+02 4.9720001221e+02 4.9679998779e+02 4.9629998779e+02 4.9579998779e+02 4.9529998779e+02 4.9479998779e+02 4.9429998779e+02 4.9389999390e+02 4.9350000000e+02 4.9310000610e+02 4.9260000610e+02 4.9220001221e+02
5.0279998779e+02 5.0270001221e+02 5.0270001221e+02 5.0270001221e+02 5.0260000610e+02 5.0260000610e+02 5.0260000610e+02 5.0260000610e+02 5.0250000000e+02 5.0250000000e+02 5.0239999390e+02 5.0239999390e+02 5.0239999390e+02 5.0229998779e+02 5.0229998779e+02 5.0229998779e+02 5.0220001221e+02 5.0220001221e+02 5.0220001221e+02 5.0220001221e+02 5.0210000610e+02 5.0210000610e+02 5.0210000610e+02 5.0210000610e+02 5.0200000000e+02 5.0179998779e+02 5.0150000000e+02 5.0110000610e+02 5.0060000610e+02 5.0010000610e+02 4.9960000610e+02 4.9920001221e+02 4.9879998779e+02 4.9829998779e+02 4.9779998779e+02 4.9729998779e+02 4.9689999390e+02 4.9639999390e+02 4.9589999390e+02 4.9529998779e+02 4.9489999390e+02 4.9439999390e+02 4.9410000610e+02 4.9370001221e+02 4.9320001221e+02 4.9279998779e+02
5.0279998779e+02 5.0270001221e+02 5.0270001221e+02 5.0270001221e+02 5.0270001221e+02 5.0260000610e+02 5.0260000610e+02 5.0260000610e+02 5.0250000000e+02 5.0250000000e+02 5.0239999390e+02 5.0239999390e+02 5.0239999390e+02 5.0229998779e+02 5.0229998779e+02 5.0229998779e+02 5.0220001221e+02 5.0220001221e+02 5.0220001221e+02 5.0220001221e+02 5.0220001221e+02 5.0210000610e+02 5.0210000610e+02 5.0210000610e+02 5.0210000610e+02 5.0200000000e+02 5.0179998779e+02 5.0150000000e+02 5.0110000610e+02 5.0060000610e+02 5.0020001221e+02 4.9970001221e+02 4.9929998779e+02 4.9879998779e+02 4.9829998779e+02 4.9789999390e+02 4.9750000000e+02 4.9700000000e+02 4.9650000000e+02 4.9589999390e+02 4.9550000000e+02 4.9500000000e+02 4.9460000610e+02 4.9420001221e+02 4.9389999390e+02 4.9339999390e+02
5.0270001221e+02 5.0270001221e+02 5.0270001221e+02 5.0270001221e+02 5.0270001221e+02 5.0260000610e+02 5.0260000610e+02 5.0260000610e+02 5.0260000610e+02 5.0250000000e+02 5.0250000000e+02 5.0239999390e+02 5.0239999390e+02 5.0229998779e+02 5.0229998779e+02 5.0229998779e+02 5.0229998779e+02 5.0220001221e+02 5.0220001221e+02 5.0220001221e+02 5.0220001221e+02 5.0210000610e+02 5.0210000610e+02 5.0210000610e+02 5.0210000610e+02 5.0210000610e+02 5.0200000000e+02 5.0179998779e+02 5.0150000000e+02 5.0120001221e+02 5.0070001221e+02 5.0029998779e+02 4.9979998779e+02 4.9929998779e+02 4.9889999390e+02 4.9850000000e+02 4.9820001221e+02 4.9770001221e+02 4.9710000610e+02 4.9660000610e+02 4.9610000610e+02 4.9560000610e+02 4.9510000610e+02 4.9470001221e+02 4.9439999390e+02 4.9400000000e+02
5.0270001221e+02 5.0260000610e+02 5.0260000610e+02 5.0260000610e+02 5.0260000610e+02 5.0260000610e+02 5.0260000610e+02 5.0260000610e+02 5.0260000610e+02 5.0250000000e+02 5.0250000000e+02 5.0250000000e+02 5.0239999390e+02 5.0239999390e+02 5.0229998779e+02 5.0229998779e+02 5.0229998779e+02 5.0220001221e+02 5.0220001221e+02 5.0220001221e+02 5.0220001221e+02 5.0220001221e+02 5.0210000610e+02 5.0210000610e+02 5.0210000610e+02 5.0210000610e+02 5.0200000000e+02 5.0200000000e+02 5.0189999390e+02 5.0160000610e+02 5.0129998779e+02 5.0079998779e+02 5.0039999390e+02 4.9989999390e+02 4.9950000000e+02 4.9910000610e+02 4.9870001221e+02 4.9820001221e+02 4.9770001221e+02 4.9720001221e+02 4.9670001221e+02 4.9620001221e+02 4.9570001221e+02 4.9529998779e+02 4.9489999390e+02 4.9450000000e+02
5.0260000610e+02 5.0260000610e+02 5.0250000000e+02 5.0250000000e+02 5.0250000000e+02 5.0250000000e+02 5.0250000000e+02 5.0250000000e+02 5.0250000000e+02 5.0250000000e+02 5.0250000000e+02 5.0250000000e+02 5.0239999390e+02 5.0239999390e+02 5.0239999390e+02 5.0229998779e+02 5.0229998779e+02 5.0220001221e+02 5.0220001221e+02 5.0220001221e+02 5.0220001221e+02 5.0220001221e+02 5.0210000610e+02 5.0210000610e+02 5.0210000610e+02 5.0210000610e+02 5.0200000000e+02 5.0200000000e+02 5.0200000000e+02 5.0189999390e+02 5.0160000610e+02 5.0129998779e+02 5.0089999390e+02 5.0039999390e+02 5.0000000000e+02 4.9960000610e+02 4.9929998779e+02 4.9879998779e+02 4.9829998779e+02 4.9779998779e+02 4.9729998779e+02 4.9679998779e+02 4.9639999390e+02 4.9589999390e+02 4.9550000000e+02 4.9510000610e+02
5.0270001221e+02 5.0260000610e+02 5.0260000610e+02 5.0250000000e+02 5.0239999390e+02 5.0239999390e+02 5.0229998779e+02 5.0229998779e+02 5.0229998779e+02 5.0239999390e+02 5.0250000000e+02 5.0239999390e+02 5.0239999390e+02 5.0229998779e+02 5.0229998779e+02 5.0229998779e+02 5.0229998779e+02 5.0229998779e+02 5.0220001221e+02 5.0220001221e+02 5.0220001221e+02 5.0210000610e+02 5.0210000610e+02 5.0210000610e+02 5.0210000610e+02 5.0210000610e+02 5.0200000000e+02 5.0200000000e+02 5.0200000000e+02 5.0189999390e+02 5.0179998779e+02 5.0160000610e+02 5.0129998779e+02 5.0100000000e+02 5.0060000610e+02 5.0020001221e+02 4.9979998779e+02 4.9929998779e+02 4.9879998779e+02 4.9839999390e+02 4.9789999390e+02 4.9750000000e+02 4.9700000000e+02 4.9660000610e+02 4.9610000610e+02 4.9570001221e+02
5.0270001221e+02 5.0260000610e+02 5.0260000610e+02 5.0260000610e+02 5.0250000000e+02 5.0239999390e+02 5.0229998779e+02 5.0229998779e+02 5.0220001221e+02 5.0220001221e+02 5.0229998779e+02 5.0229998779e+02 5.0229998779e+02 5.0229998779e+02 5.0229998779e+02 5.0229998779e+02 5.0229998779e+02 5.0229998779e+02 5.0229998779e+02 5.0220001221e+02 5.0220001221e+02 5.0220001221e+02 5.0220001221e+02 5.0210000610e+02 5.0210000610e+02 5.0210000610e+02 5.0200000000e+02 5.0200000000e+02 5.0189999390e+02 5.0189999390e+02 5.0189999390e+02 5.0179998779e+02 5.0170001221e+02 5.0150000000e+02 5.0110000610e+02 5.0070001221e+02 5.0029998779e+02 4.9979998779e+02 4.9939999390e+02 4.9900000000e+02 4.9850000000e+02 4.9810000610e+02 4.9770001221e+02 4.9720001221e+02 4.9679998779e+02 4.9629998779e+02
5.0270001221e+02 5.0270001221e+02 5.0260000610e+02 5.0260000610e+02 5.0250000000e+02 5.0250000000e+02 5.0239999390e+02 5.0229998779e+02 5.0229998779e+02 5.0220001221e+02 5.0220001221e+02 5.0220001221e+02 5.0220001221e+02 5.0220001221e+02 5.0220001221e+02 5.0220001221e+02 5.0220001221e+02 5.0220001221e+02 5.0220001221e+02 5.0220001221e+02 5.0220001221e+02 5.0220001221e+02 5.0220001221e+02 5.0210000610e+02 5.0210000610e+02 5.0210000610e+02 5.0200000000e+02 5.0200000000e+02 5.0200000000e+02 5.0189999390e+02 5.0189999390e+02 5.0189999390e+02 5.0189999390e+02 5.0179998779e+02 5.0160000610e+02 5.0129998779e+02 5.0079998779e+02 5.0039999390e+02 4.9989999390e+02 4.9950000000e+02 4.9910000610e+02 4.9870001221e+02 4.9829998779e+02 4.9779998779e+02 4.9729998779e+02 4.9689999390e+02
5.0270001221e+02 5.0270001221e+02 5.0260000610e+02 5.0260000610e+02 5.0260000610e+02 5.0250000000e+02 5.0250000000e+02 5.0239999390e+02 5.0229998779e+02 5.0229998779e+02 5.0220001221e+02 5.0220001221e+02 5.0220001221e+02 5.0220001221e+02 5.0220001221e+02 5.0220001221e+02 5.0220001221e+02 5.0220001221e+02 5.0220001221e+02 5.0220001221e+02 5.0220001221e+02 5.0210000610e+02 5.0210000610e+02 5.0210000610e+02 5.0210000610e+02 5.0210000610e+02 5.0200000000e+02 5.0200000000e+02 5.0200000000e+02 5.0189999390e+02 5.0189999390e+02 5.0189999390e+02 5.0189999390e+02 5.0179998779e+02 5.0179998779e+02 5.0170001221e+02 5.0129998779e+02 5.0089999390e+02 5.0050000000e+02 5.0010000610e+02 4.9970001221e+02 4.9929998779e+02 4.9889999390e+02 4.9839999390e+02 4.9789999390e+02 4.9750000000e+02
5.0270001221e+02 5.0270001221e+02 5.0260000610e+02 5.0260000610e+02 5.0260000610e+02 5.0260000610e+02 5.0250000000e+02 5.0250000000e+02 5.0239999390e+02 5.0239999390e+02 5.0229998779e+02 5.0229998779e+02 5.0220001221e+02 5.0210000610e+02 5.0210000610e+02 5.0210000610e+02 5.0210000610e+02 5.0210000610e+02 5.0220001221e+02 5.0210000610e+02 5.0210000610e+02 5.0210000610e+02 5.0210000610e+02 5.0210000610e+02 5.0210000610e+02 5.0210000610e+02 5.0200000000e+02 5.0200000000e+02 5.0200000000e+02 5.0189999390e+02 5.0189999390e+02 5.0189999390e+02 5.0189999390e+02 5.0179998779e+02 5.0179998779e+02 5.0170001221e+02 5.0160000610e+02 5.0129998779e+02 5.0100000000e+02 5.0060000610e+02 5.0029998779e+02 4.9979998779e+02 4.9939999390e+02 4.9900000000e+02 4.9860000610e+02 4.9820001221e+02
5.0270001221e+02 5.0260000610e+02 5.0260000610e+02 5.0260000610e+02 5.0260000610e+02 5.0260000610e+02 5.0250000000e+02 5.0250000000e+02 5.0239999390e+02 5.0239999390e+02 5.0239999390e+02 5.0229998779e+02 5.0220001221e+02 5.0220001221e+02 5.0210000610e+02 5.0210000610e+02 5.0200000000e+02 5.0210000610e+02 5.0210000610e+02 5.0210000610e+02 5.0210000610e+02 5.0210000610e+02 5.0200000000e+02 5.0200000000e+02 5.0200000000e+02 5.0200000000e+02 5.0210000610e+02 5.0200000000e+02 5.0200000000e+02 5.0200000000e+02 5.0189999390e+02 5.0189999390e+02 5.0189999390e+02 5.0179998779e+02 5.0179998779e+02 5.0179998779e+02 5.0170001221e+02 5.0170001221e+02 5.0139999390e+02 5.0110000610e+02 5.0079998779e+02 5.0039999390e+02 5.0000000000e+02 4.9960000610e+02 4.9920001221e+02 4.9879998779e+02
