DGM_1M_UPPER_AUSTRIA/19/11.asc
NCOLS 100
NROWS 100
XLLCORNER 6.2050500000e+04
YLLCORNER 2.9418850000e+05
CELLSIZE 1.0000000000e+00
NODATA_VALUE -9.9990000000e+03
[rows 20 to 39 of 100, columns 46 to 91 of 100]
5.0270001221e+02 5.0270001221e+02 5.0260000610e+02 5.0260000610e+02 5.0260000610e+02 5.0260000610e+02 5.0250000000e+02 5.0250000000e+02 5.0239999390e+02 5.0239999390e+02 5.0239999390e+02 5.0239999390e+02 5.0229998779e+02 5.0220001221e+02 5.0220001221e+02 5.0210000610e+02 5.0200000000e+02 5.0200000000e+02 5.0200000000e+02 5.0200000000e+02 5.0210000610e+02 5.0210000610e+02 5.0200000000e+02 5.0200000000e+02 5.0200000000e+02 5.0200000000e+02 5.0200000000e+02 5.0200000000e+02 5.0200000000e+02 5.0200000000e+02 5.0189999390e+02 5.0189999390e+02 5.0189999390e+02 5.0179998779e+02 5.0179998779e+02 5.0179998779e+02 5.0170001221e+02 5.0170001221e+02 5.0170001221e+02 5.0150000000e+02 5.0120001221e+02 5.0089999390e+02 5.0050000000e+02 5.0010000610e+02 4.9970001221e+02 4.9929998779e+02
5.0270001221e+02 5.0270001221e+02 5.0270001221e+02 5.0260000610e+02 5.0260000610e+02 5.0260000610e+02 5.0260000610e+02 5.0250000000e+02 5.0250000000e+02 5.0239999390e+02 5.0239999390e+02 5.0239999390e+02 5.0229998779e+02 5.0229998779e+02 5.0220001221e+02 5.0210000610e+02 5.0200000000e+02 5.0189999390e+02 5.0189999390e+02 5.0189999390e+02 5.0200000000e+02 5.0200000000e+02 5.0210000610e+02 5.0200000000e+02 5.0200000000e+02 5.0200000000e+02 5.0200000000e+02 5.0200000000e+02 5.0200000000e+02 5.0200000000e+02 5.0189999390e+02 5.0189999390e+02 5.0189999390e+02 5.0189999390e+02 5.0179998779e+02 5.0179998779e+02 5.0170001221e+02 5.0170001221e+02 5.0170001221e+02 5.0160000610e+02 5.0150000000e+02 5.0129998779e+02 5.0089999390e+02 5.0050000000e+02 5.0020001221e+02 4.9979998779e+02
5.0279998779e+02 5.0270001221e+02 5.0270001221e+02 5.0260000610e+02 5.0260000610e+02 5.0260000610e+02 5.0260000610e+02 5.0250000000e+02 5.0250000000e+02 5.0239999390e+02 5.0239999390e+02 5.0239999390e+02 5.0229998779e+02 5.0229998779e+02 5.0220001221e+02 5.0210000610e+02 5.0200000000e+02 5.0200000000e+02 5.0189999390e+02 5.0179998779e+02 5.0189999390e+02 5.0200000000e+02 5.0200000000e+02 5.0200000000e+02 5.0200000000e+02 5.0200000000e+02 5.0189999390e+02 5.0189999390e+02 5.0200000000e+02 5.0200000000e+02 5.0189999390e+02 5.0189999390e+02 5.0189999390e+02 5.0189999390e+02 5.0179998779e+02 5.0179998779e+02 5.0170001221e+02 5.0170001221e+02 5.0170001221e+02 5.0160000610e+02 5.0160000610e+02 5.0150000000e+02 5.0120001221e+02 5.0100000000e+02 5.0060000610e+02 5.0020001221e+02
5.0279998779e+02 5.0270001221e+02 5.0270001221e+02 5.0270001221e+02 5.0260000610e+02 5.0260000610e+02 5.0260000610e+02 5.0250000000e+02 5.0250000000e+02 5.0239999390e+02 5.0239999390e+02 5.0239999390e+02 5.0229998779e+02 5.0229998779e+02 5.0220001221e+02 5.0220001221e+02 5.0210000610e+02 5.0200000000e+02 5.0189999390e+02 5.0179998779e+02 5.0189999390e+02 5.0189999390e+02 5.0189999390e+02 5.0200000000e+02 5.0200000000e+02 5.0200000000e+02 5.0189999390e+02 5.0189999390e+02 5.0189999390e+02 5.0189999390e+02 5.0189999390e+02 5.0189999390e+02 5.0189999390e+02 5.0189999390e+02 5.0179998779e+02 5.0179998779e+02 5.0179998779e+02 5.0170001221e+02 5.0170001221e+02 5.0170001221e+02 5.0160000610e+02 5.0160000610e+02 5.0150000000e+02 5.0129998779e+02 5.0110000610e+02 5.0079998779e+02
5.0279998779e+02 5.0270001221e+02 5.0270001221e+02 5.0270001221e+02 5.0260000610e+02 5.0260000610e+02 5.0260000610e+02 5.0260000610e+02 5.0250000000e+02 5.0239999390e+02 5.0239999390e+02 5.0239999390e+02 5.0229998779e+02 5.0229998779e+02 5.0220001221e+02 5.0220001221e+02 5.0220001221e+02 5.0210000610e+02 5.0200000000e+02 5.0189999390e+02 5.0189999390e+02 5.0189999390e+02 5.0189999390e+02 5.0189999390e+02 5.0189999390e+02 5.0200000000e+02 5.0189999390e+02 5.0189999390e+02 5.0189999390e+02 5.0189999390e+02 5.0179998779e+02 5.0179998779e+02 5.0179998779e+02 5.0179998779e+02 5.0179998779e+02 5.0179998779e+02 5.0179998779e+02 5.0170001221e+02 5.0170001221e+02 5.0170001221e+02 5.0160000610e+02 5.0160000610e+02 5.0160000610e+02 5.0150000000e+02 5.0139999390e+02 5.0120001221e+02
5.0279998779e+02 5.0270001221e+02 5.0270001221e+02 5.0270001221e+02 5.0260000610e+02 5.0260000610e+02 5.0260000610e+02 5.0260000610e+02 5.0250000000e+02 5.0239999390e+02 5.0239999390e+02 5.0239999390e+02 5.0229998779e+02 5.0229998779e+02 5.0220001221e+02 5.0220001221e+02 5.0220001221e+02 5.0210000610e+02 5.0210000610e+02 5.0200000000e+02 5.0189999390e+02 5.0189999390e+02 5.0189999390e+02 5.0189999390e+02 5.0179998779e+02 5.0189999390e+02 5.0189999390e+02 5.0189999390e+02 5.0189999390e+02 5.0179998779e+02 5.0179998779e+02 5.0179998779e+02 5.0179998779e+02 5.0179998779e+02 5.0179998779e+02 5.0179998779e+02 5.0179998779e+02 5.0170001221e+02 5.0170001221e+02 5.0170001221e+02 5.0160000610e+02 5.0160000610e+02 5.0160000610e+02 5.0150000000e+02 5.0150000000e+02 5.0139999390e+02
5.0279998779e+02 5.0270001221e+02 5.0270001221e+02 5.0270001221e+02 5.0260000610e+02 5.0260000610e+02 5.0260000610e+02 5.0250000000e+02 5.0250000000e+02 5.0239999390e+02 5.0239999390e+02 5.0239999390e+02 5.0229998779e+02 5.0229998779e+02 5.0220001221e+02 5.0220001221e+02 5.0220001221e+02 5.0210000610e+02 5.0210000610e+02 5.0200000000e+02 5.0200000000e+02 5.0189999390e+02 5.0189999390e+02 5.0189999390e+02 5.0179998779e+02 5.0179998779e+02 5.0179998779e+02 5.0179998779e+02 5.0179998779e+02 5.0179998779e+02 5.0179998779e+02 5.0179998779e+02 5.0179998779e+02 5.0179998779e+02 5.0179998779e+02 5.0179998779e+02 5.0179998779e+02 5.0170001221e+02 5.0170001221e+02 5.0170001221e+02 5.0160000610e+02 5.0160000610e+02 5.0160000610e+02 5.0150000000e+02 5.0150000000e+02 5.0150000000e+02
5.0279998779e+02 5.0279998779e+02 5.0270001221e+02 5.0270001221e+02 5.0260000610e+02 5.0260000610e+02 5.0260000610e+02 5.0250000000e+02 5.0250000000e+02 5.0250000000e+02 5.0239999390e+02 5.0239999390e+02 5.0229998779e+02 5.0229998779e+02 5.0229998779e+02 5.0220001221e+02 5.0220001221e+02 5.0210000610e+02 5.0210000610e+02 5.0210000610e+02 5.0200000000e+02 5.0200000000e+02 5.0189999390e+02 5.0189999390e+02 5.0179998779e+02 5.0179998779e+02 5.0179998779e+02 5.0179998779e+02 5.0179998779e+02 5.0179998779e+02 5.0179998779e+02 5.0179998779e+02 5.0179998779e+02 5.0170001221e+02 5.0170001221e+02 5.0170001221e+02 5.0170001221e+02 5.0170001221e+02 5.0170001221e+02 5.0170001221e+02 5.0160000610e+02 5.0160000610e+02 5.0160000610e+02 5.0150000000e+02 5.0150000000e+02 5.0139999390e+02
5.0279998779e+02 5.0279998779e+02 5.0270001221e+02 5.0270001221e+02 5.0260000610e+02 5.0260000610e+02 5.0260000610e+02 5.0260000610e+02 5.0250000000e+02 5.0250000000e+02 5.0250000000e+02 5.0239999390e+02 5.0239999390e+02 5.0229998779e+02 5.0229998779e+02 5.0220001221e+02 5.0220001221e+02 5.0220001221e+02 5.0220001221e+02 5.0210000610e+02 5.0210000610e+02 5.0200000000e+02 5.0200000000e+02 5.0189999390e+02 5.0189999390e+02 5.0179998779e+02 5.0179998779e+02 5.0170001221e+02 5.0170001221e+02 5.0170001221e+02 5.0179998779e+02 5.0179998779e+02 5.0179998779e+02 5.0170001221e+02 5.0170001221e+02 5.0170001221e+02 5.0170001221e+02 5.0170001221e+02 5.0170001221e+02 5.0170001221e+02 5.0160000610e+02 5.0160000610e+02 5.0160000610e+02 5.0150000000e+02 5.0150000000e+02 5.0139999390e+02
5.0279998779e+02 5.0279998779e+02 5.0270001221e+02 5.0270001221e+02 5.0270001221e+02 5.0260000610e+02 5.0260000610e+02 5.0260000610e+02 5.0250000000e+02 5.0250000000e+02 5.0250000000e+02 5.0239999390e+02 5.0239999390e+02 5.0229998779e+02 5.0229998779e+02 5.0220001221e+02 5.0220001221e+02 5.0220001221e+02 5.0220001221e+02 5.0210000610e+02 5.0210000610e+02 5.0210000610e+02 5.0200000000e+02 5.0200000000e+02 5.0189999390e+02 5.0179998779e+02 5.0170001221e+02 5.0170001221e+02 5.0170001221e+02 5.0170001221e+02 5.0170001221e+02 5.0170001221e+02 5.0179998779e+02 5.0170001221e+02 5.0170001221e+02 5.0170001221e+02 5.0160000610e+02 5.0160000610e+02 5.0160000610e+02 5.0160000610e+02 5.0160000610e+02 5.0160000610e+02 5.0160000610e+02 5.0150000000e+02 5.0150000000e+02 5.0139999390e+02
5.0279998779e+02 5.0279998779e+02 5.0279998779e+02 5.0270001221e+02 5.0270001221e+02 5.0270001221e+02 5.0260000610e+02 5.0260000610e+02 5.0260000610e+02 5.0250000000e+02 5.0239999390e+02 5.0239999390e+02 5.0239999390e+02 5.0229998779e+02 5.0229998779e+02 5.0229998779e+02 5.0220001221e+02 5.0220001221e+02 5.0220001221e+02 5.0210000610e+02 5.0210000610e+02 5.0210000610e+02 5.0200000000e+02 5.0200000000e+02 5.0189999390e+02 5.0179998779e+02 5.0179998779e+02 5.0170001221e+02 5.0170001221e+02 5.0160000610e+02 5.0170001221e+02 5.0170001221e+02 5.0170001221e+02 5.0170001221e+02 5.0170001221e+02 5.0160000610e+02 5.0160000610e+02 5.0160000610e+02 5.0150000000e+02 5.0150000000e+02 5.0150000000e+02 5.0160000610e+02 5.0160000610e+02 5.0150000000e+02 5.0150000000e+02 5.0139999390e+02
5.0279998779e+02 5.0279998779e+02 5.0279998779e+02 5.0270001221e+02 5.0270001221e+02 5.0270001221e+02 5.0260000610e+02 5.0260000610e+02 5.0260000610e+02 5.0250000000e+02 5.0250000000e+02 5.0239999390e+02 5.0239999390e+02 5.0229998779e+02 5.0229998779e+02 5.0229998779e+02 5.0220001221e+02 5.0220001221e+02 5.0220001221e+02 5.0210000610e+02 5.0210000610e+02 5.0210000610e+02 5.0200000000e+02 5.0200000000e+02 5.0189999390e+02 5.0189999390e+02 5.0179998779e+02 5.0170001221e+02 5.0170001221e+02 5.0160000610e+02 5.0160000610e+02 5.0160000610e+02 5.0160000610e+02 5.0160000610e+02 5.0170001221e+02 5.0160000610e+02 5.0160000610e+02 5.0160000610e+02 5.0160000610e+02 5.0150000000e+02 5.0150000000e+02 5.0150000000e+02 5.0150000000e+02 5.0150000000e+02 5.0150000000e+02 5.0139999390e+02
5.0279998779e+02 5.0279998779e+02 5.0279998779e+02 5.0270001221e+02 5.0270001221e+02 5.0270001221e+02 5.0270001221e+02 5.0260000610e+02 5.0260000610e+02 5.0250000000e+02 5.0250000000e+02 5.0239999390e+02 5.0239999390e+02 5.0239999390e+02 5.0229998779e+02 5.0229998779e+02 5.0220001221e+02 5.0220001221e+02 5.0220001221e+02 5.0210000610e+02 5.0210000610e+02 5.0210000610e+02 5.0210000610e+02 5.0200000000e+02 5.0200000000e+02 5.0189999390e+02 5.0179998779e+02 5.0179998779e+02 5.0170001221e+02 5.0160000610e+02 5.0160000610e+02 5.0160000610e+02 5.0160000610e+02 5.0160000610e+02 5.0160000610e+02 5.0160000610e+02 5.0160000610e+02 5.0160000610e+02 5.0160000610e+02 5.0160000610e+02 5.0150000000e+02 5.0150000000e+02 5.0150000000e+02 5.0150000000e+02 5.0150000000e+02 5.0139999390e+02
5.0289999390e+02 5.0279998779e+02 5.0279998779e+02 5.0270001221e+02 5.0270001221e+02 5.0270001221e+02 5.0270001221e+02 5.0260000610e+02 5.0260000610e+02 5.0250000000e+02 5.0250000000e+02 5.0250000000e+02 5.0239999390e+02 5.0239999390e+02 5.0229998779e+02 5.0229998779e+02 5.0229998779e+02 5.0220001221e+02 5.0220001221e+02 5.0220001221e+02 5.0210000610e+02 5.0210000610e+02 5.0210000610e+02 5.0200000000e+02 5.0200000000e+02 5.0189999390e+02 5.0189999390e+02 5.0179998779e+02 5.0170001221e+02 5.0170001221e+02 5.0160000610e+02 5.0160000610e+02 5.0160000610e+02 5.0160000610e+02 5.0160000610e+02 5.0160000610e+02 5.0160000610e+02 5.0160000610e+02 5.0160000610e+02 5.0160000610e+02 5.0150000000e+02 5.0139999390e+02 5.0139999390e+02 5.0139999390e+02 5.0139999390e+02 5.0139999390e+02
5.0289999390e+02 5.0279998779e+02 5.0279998779e+02 5.0270001221e+02 5.0270001221e+02 5.0270001221e+02 5.0270001221e+02 5.0270001221e+02 5.0260000610e+02 5.0250000000e+02 5.0250000000e+02 5.0250000000e+02 5.0239999390e+02 5.0239999390e+02 5.0239999390e+02 5.0229998779e+02 5.0229998779e+02 5.0220001221e+02 5.0220001221e+02 5.0220001221e+02 5.0210000610e+02 5.0210000610e+02 5.0210000610e+02 5.0210000610e+02 5.0200000000e+02 5.0200000000e+02 5.0189999390e+02 5.0179998779e+02 5.0179998779e+02 5.0179998779e+02 5.0170001221e+02 5.0160000610e+02 5.0160000610e+02 5.0160000610e+02 5.0160000610e+02 5.0150000000e+02 5.0150000000e+02 5.0160000610e+02 5.0160000610e+02 5.0160000610e+02 5.0150000000e+02 5.0139999390e+02 5.0139999390e+02 5.0139999390e+02 5.0129998779e+02 5.0129998779e+02
5.0289999390e+02 5.0289999390e+02 5.0279998779e+02 5.0279998779e+02 5.0270001221e+02 5.0270001221e+02 5.0270001221e+02 5.0270001221e+02 5.0260000610e+02 5.0260000610e+02 5.0250000000e+02 5.0250000000e+02 5.0250000000e+02 5.0239999390e+02 5.0239999390e+02 5.0239999390e+02 5.0229998779e+02 5.0229998779e+02 5.0220001221e+02 5.0220001221e+02 5.0220001221e+02 5.0210000610e+02 5.0210000610e+02 5.0210000610e+02 5.0200000000e+02 5.0200000000e+02 5.0189999390e+02 5.0189999390e+02 5.0189999390e+02 5.0179998779e+02 5.0179998779e+02 5.0170001221e+02 5.0170001221e+02 5.0160000610e+02 5.0160000610e+02 5.0150000000e+02 5.0150000000e+02 5.0150000000e+02 5.0150000000e+02 5.0160000610e+02 5.0150000000e+02 5.0150000000e+02 5.0139999390e+02 5.0139999390e+02 5.0129998779e+02 5.0129998779e+02
5.0289999390e+02 5.0289999390e+02 5.0279998779e+02 5.0279998779e+02 5.0270001221e+02 5.0270001221e+02 5.0270001221e+02 5.0270001221e+02 5.0260000610e+02 5.0260000610e+02 5.0250000000e+02 5.0250000000e+02 5.0250000000e+02 5.0250000000e+02 5.0239999390e+02 5.0239999390e+02 5.0229998779e+02 5.0229998779e+02 5.0220001221e+02 5.0220001221e+02 5.0220001221e+02 5.0210000610e+02 5.0210000610e+02 5.0210000610e+02 5.0210000610e+02 5.0200000000e+02 5.0189999390e+02 5.0189999390e+02 5.0189999390e+02 5.0179998779e+02 5.0179998779e+02 5.0170001221e+02 5.0170001221e+02 5.0160000610e+02 5.0160000610e+02 5.0150000000e+02 5.0139999390e+02 5.0139999390e+02 5.0139999390e+02 5.0150000000e+02 5.0150000000e+02 5.0150000000e+02 5.0139999390e+02 5.0139999390e+02 5.0129998779e+02 5.0129998779e+02
5.0289999390e+02 5.0289999390e+02 5.0279998779e+02 5.0279998779e+02 5.0270001221e+02 5.0270001221e+02 5.0270001221e+02 5.0270001221e+02 5.0260000610e+02 5.0260000610e+02 5.0250000000e+02 5.0250000000e+02 5.0250000000e+02 5.0250000000e+02 5.0250000000e+02 5.0239999390e+02 5.0229998779e+02 5.0229998779e+02 5.0229998779e+02 5.0220001221e+02 5.0220001221e+02 5.0220001221e+02 5.0210000610e+02 5.0210000610e+02 5.0210000610e+02 5.0200000000e+02 5.0200000000e+02 5.0189999390e+02 5.0189999390e+02 5.0189999390e+02 5.0179998779e+02 5.0179998779e+02 5.0170001221e+02 5.0170001221e+02 5.0160000610e+02 5.0150000000e+02 5.0150000000e+02 5.0139999390e+02 5.0129998779e+02 5.0129998779e+02 5.0139999390e+02 5.0139999390e+02 5.0139999390e+02 5.0139999390e+02 5.0129998779e+02 5.0120001221e+02
5.0289999390e+02 5.0289999390e+02 5.0289999390e+02 5.0279998779e+02 5.0279998779e+02 5.0279998779e+02 5.0270001221e+02 5.0270001221e+02 5.0270001221e+02 5.0260000610e+02 5.0260000610e+02 5.0250000000e+02 5.0250000000e+02 5.0250000000e+02 5.0250000000e+02 5.0250000000e+02 5.0239999390e+02 5.0229998779e+02 5.0229998779e+02 5.0220001221e+02 5.0220001221e+02 5.0220001221e+02 5.0220001221e+02 5.0210000610e+02 5.0210000610e+02 5.0200000000e+02 5.0200000000e+02 5.0189999390e+02 5.0189999390e+02 5.0189999390e+02 5.0179998779e+02 5.0179998779e+02 5.0170001221e+02 5.0170001221e+02 5.0170001221e+02 5.0160000610e+02 5.0150000000e+02 5.0139999390e+02 5.0129998779e+02 5.0129998779e+02 5.0129998779e+02 5.0129998779e+02 5.0139999390e+02 5.0139999390e+02 5.0129998779e+02 5.0129998779e+02
5.0300000000e+02 5.0289999390e+02 5.0289999390e+02 5.0279998779e+02 5.0279998779e+02 5.0279998779e+02 5.0279998779e+02 5.0270001221e+02 5.0270001221e+02 5.0270001221e+02 5.0260000610e+02 5.0260000610e+02 5.0250000000e+02 5.0250000000e+02 5.0250000000e+02 5.0250000000e+02 5.0239999390e+02 5.0239999390e+02 5.0229998779e+02 5.0229998779e+02 5.0220001221e+02 5.0220001221e+02 5.0220001221e+02 5.0210000610e+02 5.0210000610e+02 5.0210000610e+02 5.0200000000e+02 5.0200000000e+02 5.0189999390e+02 5.0189999390e+02 5.0189999390e+02 5.0179998779e+02 5.0179998779e+02 5.0170001221e+02 5.0170001221e+02 5.0160000610e+02 5.0150000000e+02 5.0139999390e+02 5.0129998779e+02 5.0129998779e+02 5.0129998779e+02 5.0129998779e+02 5.0129998779e+02 5.0129998779e+02 5.0129998779e+02 5.0129998779e+02
