DGM_1M_UPPER_AUSTRIA/21/17.asc
NCOLS 100
NROWS 100
XLLCORNER 6.2250500000e+04
YLLCORNER 2.9358850000e+05
CELLSIZE 1.0000000000e+00
NODATA_VALUE -9.9990000000e+03
[rows 80 to 99 of 100, columns 46 to 91 of 100]
5.0860000610e+02 5.0860000610e+02 5.0850000000e+02 5.0850000000e+02 5.0839999390e+02 5.0839999390e+02 5.0829998779e+02 5.0829998779e+02 5.0829998779e+02 5.0820001221e+02 5.0820001221e+02 5.0820001221e+02 5.0810000610e+02 5.0810000610e+02 5.0810000610e+02 5.0810000610e+02 5.0800000000e+02 5.0800000000e+02 5.0800000000e+02 5.0800000000e+02 5.0810000610e+02 5.0829998779e+02 5.0850000000e+02 5.0850000000e+02 5.0860000610e+02 5.0860000610e+02 5.0860000610e+02 5.0860000610e+02 5.0850000000e+02 5.0850000000e+02 5.0850000000e+02 5.0850000000e+02 5.0839999390e+02 5.0839999390e+02 5.0839999390e+02 5.0839999390e+02 5.0829998779e+02 5.0810000610e+02 5.0779998779e+02 5.0750000000e+02 5.0720001221e+02 5.0700000000e+02 5.0689999390e+02 5.0689999390e+02 5.0689999390e+02 5.0689999390e+02
5.0860000610e+02 5.0860000610e+02 5.0860000610e+02 5.0850000000e+02 5.0850000000e+02 5.0850000000e+02 5.0839999390e+02 5.0839999390e+02 5.0829998779e+02 5.0829998779e+02 5.0829998779e+02 5.0820001221e+02 5.0820001221e+02 5.0810000610e+02 5.0810000610e+02 5.0810000610e+02 5.0810000610e+02 5.0810000610e+02 5.0800000000e+02 5.0800000000e+02 5.0800000000e+02 5.0820001221e+02 5.0839999390e+02 5.0850000000e+02 5.0860000610e+02 5.0860000610e+02 5.0860000610e+02 5.0860000610e+02 5.0860000610e+02 5.0850000000e+02 5.0850000000e+02 5.0850000000e+02 5.0839999390e+02 5.0839999390e+02 5.0839999390e+02 5.0839999390e+02 5.0839999390e+02 5.0829998779e+02 5.0810000610e+02 5.0779998779e+02 5.0750000000e+02 5.0720001221e+02 5.0700000000e+02 5.0689999390e+02 5.0689999390e+02 5.0689999390e+02
5.0870001221e+02 5.0860000610e+02 5.0860000610e+02 5.0860000610e+02 5.0850000000e+02 5.0850000000e+02 5.0850000000e+02 5.0850000000e+02 5.0839999390e+02 5.0829998779e+02 5.0829998779e+02 5.0829998779e+02 5.0820001221e+02 5.0820001221e+02 5.0810000610e+02 5.0810000610e+02 5.0810000610e+02 5.0810000610e+02 5.0800000000e+02 5.0800000000e+02 5.0800000000e+02 5.0810000610e+02 5.0820001221e+02 5.0839999390e+02 5.0850000000e+02 5.0860000610e+02 5.0860000610e+02 5.0860000610e+02 5.0860000610e+02 5.0860000610e+02 5.0850000000e+02 5.0850000000e+02 5.0850000000e+02 5.0839999390e+02 5.0850000000e+02 5.0839999390e+02 5.0839999390e+02 5.0829998779e+02 5.0820001221e+02 5.0800000000e+02 5.0770001221e+02 5.0739999390e+02 5.0710000610e+02 5.0700000000e+02 5.0689999390e+02 5.0689999390e+02
5.0879998779e+02 5.0870001221e+02 5.0870001221e+02 5.0860000610e+02 5.0860000610e+02 5.0860000610e+02 5.0850000000e+02 5.0850000000e+02 5.0850000000e+02 5.0839999390e+02 5.0839999390e+02 5.0829998779e+02 5.0829998779e+02 5.0829998779e+02 5.0820001221e+02 5.0810000610e+02 5.0810000610e+02 5.0810000610e+02 5.0810000610e+02 5.0810000610e+02 5.0810000610e+02 5.0810000610e+02 5.0810000610e+02 5.0829998779e+02 5.0850000000e+02 5.0850000000e+02 5.0860000610e+02 5.0860000610e+02 5.0860000610e+02 5.0860000610e+02 5.0850000000e+02 5.0850000000e+02 5.0850000000e+02 5.0850000000e+02 5.0850000000e+02 5.0850000000e+02 5.0839999390e+02 5.0839999390e+02 5.0839999390e+02 5.0820001221e+02 5.0800000000e+02 5.0770001221e+02 5.0729998779e+02 5.0710000610e+02 5.0700000000e+02 5.0689999390e+02
5.0879998779e+02 5.0879998779e+02 5.0879998779e+02 5.0870001221e+02 5.0860000610e+02 5.0860000610e+02 5.0860000610e+02 5.0850000000e+02 5.0850000000e+02 5.0850000000e+02 5.0850000000e+02 5.0839999390e+02 5.0829998779e+02 5.0829998779e+02 5.0829998779e+02 5.0820001221e+02 5.0820001221e+02 5.0810000610e+02 5.0810000610e+02 5.0810000610e+02 5.0810000610e+02 5.0810000610e+02 5.0810000610e+02 5.0820001221e+02 5.0829998779e+02 5.0850000000e+02 5.0860000610e+02 5.0860000610e+02 5.0860000610e+02 5.0860000610e+02 5.0860000610e+02 5.0860000610e+02 5.0850000000e+02 5.0850000000e+02 5.0850000000e+02 5.0850000000e+02 5.0850000000e+02 5.0839999390e+02 5.0839999390e+02 5.0829998779e+02 5.0820001221e+02 5.0789999390e+02 5.0760000610e+02 5.0729998779e+02 5.0710000610e+02 5.0689999390e+02
5.0889999390e+02 5.0889999390e+02 5.0879998779e+02 5.0879998779e+02 5.0870001221e+02 5.0870001221e+02 5.0860000610e+02 5.0860000610e+02 5.0860000610e+02 5.0850000000e+02 5.0850000000e+02 5.0850000000e+02 5.0839999390e+02 5.0829998779e+02 5.0829998779e+02 5.0829998779e+02 5.0829998779e+02 5.0820001221e+02 5.0810000610e+02 5.0810000610e+02 5.0810000610e+02 5.0810000610e+02 5.0810000610e+02 5.0810000610e+02 5.0820001221e+02 5.0839999390e+02 5.0850000000e+02 5.0860000610e+02 5.0860000610e+02 5.0860000610e+02 5.0860000610e+02 5.0860000610e+02 5.0860000610e+02 5.0850000000e+02 5.0850000000e+02 5.0850000000e+02 5.0850000000e+02 5.0850000000e+02 5.0839999390e+02 5.0839999390e+02 5.0829998779e+02 5.0810000610e+02 5.0779998779e+02 5.0750000000e+02 5.0720001221e+02 5.0700000000e+02
5.0900000000e+02 5.0900000000e+02 5.0889999390e+02 5.0889999390e+02 5.0879998779e+02 5.0879998779e+02 5.0870001221e+02 5.0870001221e+02 5.0860000610e+02 5.0860000610e+02 5.0860000610e+02 5.0850000000e+02 5.0850000000e+02 5.0839999390e+02 5.0839999390e+02 5.0829998779e+02 5.0829998779e+02 5.0829998779e+02 5.0820001221e+02 5.0820001221e+02 5.0810000610e+02 5.0810000610e+02 5.0810000610e+02 5.0810000610e+02 5.0820001221e+02 5.0829998779e+02 5.0839999390e+02 5.0850000000e+02 5.0860000610e+02 5.0860000610e+02 5.0860000610e+02 5.0860000610e+02 5.0860000610e+02 5.0860000610e+02 5.0850000000e+02 5.0850000000e+02 5.0850000000e+02 5.0850000000e+02 5.0839999390e+02 5.0839999390e+02 5.0839999390e+02 5.0829998779e+02 5.0810000610e+02 5.0770001221e+02 5.0739999390e+02 5.0720001221e+02
5.0900000000e+02 5.0900000000e+02 5.0900000000e+02 5.0900000000e+02 5.0889999390e+02 5.0879998779e+02 5.0879998779e+02 5.0879998779e+02 5.0870001221e+02 5.0870001221e+02 5.0860000610e+02 5.0860000610e+02 5.0850000000e+02 5.0850000000e+02 5.0850000000e+02 5.0839999390e+02 5.0839999390e+02 5.0829998779e+02 5.0829998779e+02 5.0820001221e+02 5.0820001221e+02 5.0810000610e+02 5.0810000610e+02 5.0810000610e+02 5.0810000610e+02 5.0820001221e+02 5.0829998779e+02 5.0850000000e+02 5.0860000610e+02 5.0860000610e+02 5.0860000610e+02 5.0860000610e+02 5.0860000610e+02 5.0860000610e+02 5.0860000610e+02 5.0850000000e+02 5.0850000000e+02 5.0850000000e+02 5.0850000000e+02 5.0839999390e+02 5.0839999390e+02 5.0839999390e+02 5.0820001221e+02 5.0800000000e+02 5.0770001221e+02 5.0739999390e+02
5.0910000610e+02 5.0910000610e+02 5.0910000610e+02 5.0900000000e+02 5.0900000000e+02 5.0889999390e+02 5.0889999390e+02 5.0889999390e+02 5.0879998779e+02 5.0879998779e+02 5.0870001221e+02 5.0870001221e+02 5.0860000610e+02 5.0860000610e+02 5.0850000000e+02 5.0850000000e+02 5.0839999390e+02 5.0839999390e+02 5.0829998779e+02 5.0829998779e+02 5.0829998779e+02 5.0820001221e+02 5.0820001221e+02 5.0820001221e+02 5.0810000610e+02 5.0810000610e+02 5.0820001221e+02 5.0839999390e+02 5.0850000000e+02 5.0860000610e+02 5.0860000610e+02 5.0860000610e+02 5.0860000610e+02 5.0860000610e+02 5.0860000610e+02 5.0850000000e+02 5.0850000000e+02 5.0850000000e+02 5.0850000000e+02 5.0839999390e+02 5.0839999390e+02 5.0839999390e+02 5.0839999390e+02 5.0820001221e+02 5.0800000000e+02 5.0770001221e+02
5.0910000610e+02 5.0920001221e+02 5.0910000610e+02 5.0910000610e+02 5.0900000000e+02 5.0900000000e+02 5.0900000000e+02 5.0889999390e+02 5.0889999390e+02 5.0879998779e+02 5.0879998779e+02 5.0870001221e+02 5.0870001221e+02 5.0860000610e+02 5.0860000610e+02 5.0850000000e+02 5.0850000000e+02 5.0850000000e+02 5.0839999390e+02 5.0829998779e+02 5.0829998779e+02 5.0829998779e+02 5.0829998779e+02 5.0820001221e+02 5.0820001221e+02 5.0820001221e+02 5.0820001221e+02 5.0829998779e+02 5.0850000000e+02 5.0860000610e+02 5.0860000610e+02 5.0860000610e+02 5.0860000610e+02 5.0860000610e+02 5.0860000610e+02 5.0860000610e+02 5.0850000000e+02 5.0850000000e+02 5.0850000000e+02 5.0850000000e+02 5.0850000000e+02 5.0839999390e+02 5.0839999390e+02 5.0839999390e+02 5.0820001221e+02 5.0789999390e+02
5.0920001221e+02 5.0929998779e+02 5.0920001221e+02 5.0910000610e+02 5.0910000610e+02 5.0910000610e+02 5.0900000000e+02 5.0900000000e+02 5.0900000000e+02 5.0889999390e+02 5.0889999390e+02 5.0879998779e+02 5.0879998779e+02 5.0870001221e+02 5.0860000610e+02 5.0860000610e+02 5.0860000610e+02 5.0850000000e+02 5.0850000000e+02 5.0839999390e+02 5.0839999390e+02 5.0829998779e+02 5.0829998779e+02 5.0829998779e+02 5.0829998779e+02 5.0820001221e+02 5.0820001221e+02 5.0820001221e+02 5.0829998779e+02 5.0850000000e+02 5.0860000610e+02 5.0860000610e+02 5.0860000610e+02 5.0860000610e+02 5.0860000610e+02 5.0860000610e+02 5.0860000610e+02 5.0850000000e+02 5.0850000000e+02 5.0850000000e+02 5.0850000000e+02 5.0839999390e+02 5.0839999390e+02 5.0839999390e+02 5.0829998779e+02 5.0810000610e+02
5.0929998779e+02 5.0929998779e+02 5.0929998779e+02 5.0920001221e+02 5.0920001221e+02 5.0920001221e+02 5.0910000610e+02 5.0910000610e+02 5.0900000000e+02 5.0900000000e+02 5.0900000000e+02 5.0889999390e+02 5.0889999390e+02 5.0879998779e+02 5.0870001221e+02 5.0870001221e+02 5.0860000610e+02 5.0860000610e+02 5.0850000000e+02 5.0850000000e+02 5.0850000000e+02 5.0839999390e+02 5.0839999390e+02 5.0829998779e+02 5.0829998779e+02 5.0829998779e+02 5.0829998779e+02 5.0820001221e+02 5.0820001221e+02 5.0839999390e+02 5.0850000000e+02 5.0860000610e+02 5.0860000610e+02 5.0860000610e+02 5.0860000610e+02 5.0860000610e+02 5.0860000610e+02 5.0860000610e+02 5.0850000000e+02 5.0850000000e+02 5.0850000000e+02 5.0850000000e+02 5.0839999390e+02 5.0839999390e+02 5.0839999390e+02 5.0829998779e+02
5.0939999390e+02 5.0939999390e+02 5.0939999390e+02 5.0929998779e+02 5.0929998779e+02 5.0929998779e+02 5.0920001221e+02 5.0920001221e+02 5.0910000610e+02 5.0910000610e+02 5.0900000000e+02 5.0900000000e+02 5.0900000000e+02 5.0889999390e+02 5.0889999390e+02 5.0879998779e+02 5.0870001221e+02 5.0870001221e+02 5.0860000610e+02 5.0860000610e+02 5.0850000000e+02 5.0850000000e+02 5.0850000000e+02 5.0839999390e+02 5.0839999390e+02 5.0829998779e+02 5.0829998779e+02 5.0829998779e+02 5.0820001221e+02 5.0820001221e+02 5.0829998779e+02 5.0850000000e+02 5.0860000610e+02 5.0860000610e+02 5.0860000610e+02 5.0860000610e+02 5.0860000610e+02 5.0860000610e+02 5.0860000610e+02 5.0850000000e+02 5.0850000000e+02 5.0850000000e+02 5.0839999390e+02 5.0839999390e+02 5.0839999390e+02 5.0829998779e+02
5.0950000000e+02 5.0950000000e+02 5.0950000000e+02 5.0939999390e+02 5.0939999390e+02 5.0929998779e+02 5.0929998779e+02 5.0929998779e+02 5.0920001221e+02 5.0910000610e+02 5.0910000610e+02 5.0910000610e+02 5.0900000000e+02 5.0900000000e+02 5.0900000000e+02 5.0889999390e+02 5.0879998779e+02 5.0879998779e+02 5.0870001221e+02 5.0870001221e+02 5.0860000610e+02 5.0860000610e+02 5.0850000000e+02 5.0850000000e+02 5.0850000000e+02 5.0839999390e+02 5.0839999390e+02 5.0829998779e+02 5.0829998779e+02 5.0820001221e+02 5.0829998779e+02 5.0839999390e+02 5.0850000000e+02 5.0860000610e+02 5.0860000610e+02 5.0860000610e+02 5.0860000610e+02 5.0860000610e+02 5.0860000610e+02 5.0850000000e+02 5.0850000000e+02 5.0850000000e+02 5.0850000000e+02 5.0839999390e+02 5.0839999390e+02 5.0839999390e+02
5.0960000610e+02 5.0960000610e+02 5.0950000000e+02 5.0950000000e+02 5.0950000000e+02 5.0939999390e+02 5.0939999390e+02 5.0939999390e+02 5.0929998779e+02 5.0920001221e+02 5.0920001221e+02 5.0920001221e+02 5.0910000610e+02 5.0910000610e+02 5.0900000000e+02 5.0900000000e+02 5.0889999390e+02 5.0889999390e+02 5.0879998779e+02 5.0879998779e+02 5.0870001221e+02 5.0870001221e+02 5.0860000610e+02 5.0850000000e+02 5.0850000000e+02 5.0850000000e+02 5.0850000000e+02 5.0839999390e+02 5.0829998779e+02 5.0829998779e+02 5.0829998779e+02 5.0839999390e+02 5.0850000000e+02 5.0850000000e+02 5.0860000610e+02 5.0860000610e+02 5.0860000610e+02 5.0860000610e+02 5.0860000610e+02 5.0850000000e+02 5.0850000000e+02 5.0850000000e+02 5.0850000000e+02 5.0839999390e+02 5.0839999390e+02 5.0839999390e+02
5.0960000610e+02 5.0960000610e+02 5.0960000610e+02 5.0960000610e+02 5.0950000000e+02 5.0950000000e+02 5.0950000000e+02 5.0950000000e+02 5.0939999390e+02 5.0929998779e+02 5.0929998779e+02 5.0929998779e+02 5.0920001221e+02 5.0920001221e+02 5.0910000610e+02 5.0900000000e+02 5.0900000000e+02 5.0900000000e+02 5.0889999390e+02 5.0889999390e+02 5.0879998779e+02 5.0879998779e+02 5.0870001221e+02 5.0870001221e+02 5.0860000610e+02 5.0850000000e+02 5.0850000000e+02 5.0850000000e+02 5.0839999390e+02 5.0839999390e+02 5.0829998779e+02 5.0829998779e+02 5.0839999390e+02 5.0850000000e+02 5.0850000000e+02 5.0860000610e+02 5.0860000610e+02 5.0860000610e+02 5.0860000610e+02 5.0860000610e+02 5.0860000610e+02 5.0850000000e+02 5.0850000000e+02 5.0839999390e+02 5.0839999390e+02 5.0839999390e+02
5.0970001221e+02 5.0970001221e+02 5.0970001221e+02 5.0960000610e+02 5.0960000610e+02 5.0960000610e+02 5.0960000610e+02 5.0950000000e+02 5.0950000000e+02 5.0939999390e+02 5.0939999390e+02 5.0939999390e+02 5.0929998779e+02 5.0929998779e+02 5.0920001221e+02 5.0920001221e+02 5.0910000610e+02 5.0900000000e+02 5.0900000000e+02 5.0900000000e+02 5.0889999390e+02 5.0889999390e+02 5.0879998779e+02 5.0879998779e+02 5.0870001221e+02 5.0860000610e+02 5.0860000610e+02 5.0850000000e+02 5.0850000000e+02 5.0850000000e+02 5.0839999390e+02 5.0839999390e+02 5.0829998779e+02 5.0839999390e+02 5.0850000000e+02 5.0860000610e+02 5.0860000610e+02 5.0860000610e+02 5.0860000610e+02 5.0860000610e+02 5.0860000610e+02 5.0860000610e+02 5.0850000000e+02 5.0850000000e+02 5.0850000000e+02 5.0839999390e+02
5.0979998779e+02 5.0979998779e+02 5.0979998779e+02 5.0970001221e+02 5.0970001221e+02 5.0970001221e+02 5.0960000610e+02 5.0960000610e+02 5.0960000610e+02 5.0950000000e+02 5.0950000000e+02 5.0950000000e+02 5.0939999390e+02 5.0939999390e+02 5.0929998779e+02 5.0929998779e+02 5.0920001221e+02 5.0920001221e+02 5.0910000610e+02 5.0900000000e+02 5.0900000000e+02 5.0900000000e+02 5.0889999390e+02 5.0889999390e+02 5.0879998779e+02 5.0870001221e+02 5.0870001221e+02 5.0860000610e+02 5.0860000610e+02 5.0850000000e+02 5.0850000000e+02 5.0850000000e+02 5.0839999390e+02 5.0829998779e+02 5.0839999390e+02 5.0850000000e+02 5.0860000610e+02 5.0860000610e+02 5.0860000610e+02 5.0860000610e+02 5.0860000610e+02 5.0860000610e+02 5.0850000000e+02 5.0850000000e+02 5.0850000000e+02 5.0839999390e+02
5.0989999390e+02 5.0989999390e+02 5.0989999390e+02 5.0979998779e+02 5.0979998779e+02 5.0979998779e+02 5.0970001221e+02 5.0970001221e+02 5.0970001221e+02 5.0960000610e+02 5.0960000610e+02 5.0950000000e+02 5.0950000000e+02 5.0950000000e+02 5.0939999390e+02 5.0939999390e+02 5.0929998779e+02 5.0929998779e+02 5.0920001221e+02 5.0920001221e+02 5.0910000610e+02 5.0900000000e+02 5.0900000000e+02 5.0900000000e+02 5.0889999390e+02 5.0879998779e+02 5.0879998779e+02 5.0870001221e+02 5.0860000610e+02 5.0860000610e+02 5.0850000000e+02 5.0850000000e+02 5.0850000000e+02 5.0839999390e+02 5.0829998779e+02 5.0839999390e+02 5.0850000000e+02 5.0860000610e+02 5.0860000610e+02 5.0860000610e+02 5.0860000610e+02 5.0860000610e+02 5.0850000000e+02 5.0850000000e+02 5.0850000000e+02 5.0839999390e+02
5.1000000000e+02 5.1000000000e+02 5.1000000000e+02 5.0989999390e+02 5.0989999390e+02 5.0989999390e+02 5.0979998779e+02 5.0979998779e+02 5.0979998779e+02 5.0970001221e+02 5.0970001221e+02 5.0960000610e+02 5.0960000610e+02 5.0960000610e+02 5.0950000000e+02 5.0950000000e+02 5.0939999390e+02 5.0939999390e+02 5.0929998779e+02 5.0929998779e+02 5.0920001221e+02 5.0910000610e+02 5.0910000610e+02 5.0910000610e+02 5.0900000000e+02 5.0889999390e+02 5.0889999390e+02 5.0879998779e+02 5.0870001221e+02 5.0870001221e+02 5.0860000610e+02 5.0860000610e+02 5.0850000000e+02 5.0850000000e+02 5.0839999390e+02 5.0839999390e+02 5.0850000000e+02 5.0850000000e+02 5.0860000610e+02 5.0860000610e+02 5.0860000610e+02 5.0860000610e+02 5.0850000000e+02 5.0850000000e+02 5.0850000000e+02 5.0850000000e+02
