DGM_1M_UPPER_AUSTRIA/21/34.asc
NCOLS 100
NROWS 100
XLLCORNER 6.2250500000e+04
YLLCORNER 2.9188850000e+05
CELLSIZE 1.0000000000e+00
NODATA_VALUE -9.9990000000e+03
[rows 80 to 99 of 100, columns 46 to 91 of 100]
6.3500000000e+02 6.3400000000e+02 6.3320001221e+02 6.3250000000e+02 6.3170001221e+02 6.3079998779e+02 6.2970001221e+02 6.2870001221e+02 6.2770001221e+02 6.2650000000e+02 6.2529998779e+02 6.2409997559e+02 6.2290002441e+02 6.2190002441e+02 6.2079998779e+02 6.1990002441e+02 6.1900000000e+02 6.1779998779e+02 6.1620001221e+02 6.1490002441e+02 6.1390002441e+02 6.1290002441e+02 6.1190002441e+02 6.1090002441e+02 6.1000000000e+02 6.0920001221e+02 6.0829998779e+02 6.0770001221e+02 6.0690002441e+02 6.0620001221e+02 6.0550000000e+02 6.0500000000e+02 6.0440002441e+02 6.0379998779e+02 6.0320001221e+02 6.0270001221e+02 6.0209997559e+02 6.0170001221e+02 6.0120001221e+02 6.0070001221e+02 6.0029998779e+02 5.9990002441e+02 5.9959997559e+02 5.9929998779e+02 5.9909997559e+02 5.9879998779e+02
6.3429998779e+02 6.3340002441e+02 6.3270001221e+02 6.3200000000e+02 6.3120001221e+02 6.3020001221e+02 6.2920001221e+02 6.2829998779e+02 6.2729998779e+02 6.2620001221e+02 6.2500000000e+02 6.2390002441e+02 6.2279998779e+02 6.2179998779e+02 6.2070001221e+02 6.1959997559e+02 6.1870001221e+02 6.1750000000e+02 6.1600000000e+02 6.1470001221e+02 6.1370001221e+02 6.1270001221e+02 6.1170001221e+02 6.1079998779e+02 6.0990002441e+02 6.0900000000e+02 6.0809997559e+02 6.0729998779e+02 6.0659997559e+02 6.0579998779e+02 6.0520001221e+02 6.0459997559e+02 6.0400000000e+02 6.0340002441e+02 6.0279998779e+02 6.0220001221e+02 6.0170001221e+02 6.0120001221e+02 6.0070001221e+02 6.0029998779e+02 5.9979998779e+02 5.9929998779e+02 5.9900000000e+02 5.9859997559e+02 5.9829998779e+02 5.9809997559e+02
6.3350000000e+02 6.3279998779e+02 6.3209997559e+02 6.3140002441e+02 6.3059997559e+02 6.2970001221e+02 6.2879998779e+02 6.2790002441e+02 6.2690002441e+02 6.2590002441e+02 6.2479998779e+02 6.2379998779e+02 6.2279998779e+02 6.2170001221e+02 6.2059997559e+02 6.1959997559e+02 6.1850000000e+02 6.1729998779e+02 6.1600000000e+02 6.1470001221e+02 6.1359997559e+02 6.1259997559e+02 6.1170001221e+02 6.1070001221e+02 6.0979998779e+02 6.0890002441e+02 6.0800000000e+02 6.0709997559e+02 6.0629998779e+02 6.0550000000e+02 6.0479998779e+02 6.0420001221e+02 6.0359997559e+02 6.0300000000e+02 6.0240002441e+02 6.0179998779e+02 6.0129998779e+02 6.0079998779e+02 6.0029998779e+02 5.9979998779e+02 5.9929998779e+02 5.9879998779e+02 5.9840002441e+02 5.9800000000e+02 5.9770001221e+02 5.9750000000e+02
6.3270001221e+02 6.3209997559e+02 6.3140002441e+02 6.3079998779e+02 6.3009997559e+02 6.2929998779e+02 6.2850000000e+02 6.2759997559e+02 6.2670001221e+02 6.2579998779e+02 6.2479998779e+02 6.2390002441e+02 6.2300000000e+02 6.2200000000e+02 6.2090002441e+02 6.1979998779e+02 6.1850000000e+02 6.1720001221e+02 6.1590002441e+02 6.1470001221e+02 6.1359997559e+02 6.1250000000e+02 6.1150000000e+02 6.1059997559e+02 6.0970001221e+02 6.0879998779e+02 6.0790002441e+02 6.0700000000e+02 6.0609997559e+02 6.0520001221e+02 6.0440002441e+02 6.0379998779e+02 6.0320001221e+02 6.0259997559e+02 6.0190002441e+02 6.0140002441e+02 6.0090002441e+02 6.0029998779e+02 5.9979998779e+02 5.9929998779e+02 5.9879998779e+02 5.9829998779e+02 5.9779998779e+02 5.9740002441e+02 5.9709997559e+02 5.9679998779e+02
6.3170001221e+02 6.3109997559e+02 6.3059997559e+02 6.3009997559e+02 6.2950000000e+02 6.2890002441e+02 6.2820001221e+02 6.2750000000e+02 6.2670001221e+02 6.2590002441e+02 6.2500000000e+02 6.2409997559e+02 6.2329998779e+02 6.2240002441e+02 6.2140002441e+02 6.2020001221e+02 6.1890002441e+02 6.1750000000e+02 6.1600000000e+02 6.1470001221e+02 6.1359997559e+02 6.1240002441e+02 6.1140002441e+02 6.1050000000e+02 6.0970001221e+02 6.0879998779e+02 6.0779998779e+02 6.0679998779e+02 6.0590002441e+02 6.0500000000e+02 6.0420001221e+02 6.0340002441e+02 6.0279998779e+02 6.0209997559e+02 6.0150000000e+02 6.0090002441e+02 6.0040002441e+02 5.9990002441e+02 5.9929998779e+02 5.9870001221e+02 5.9820001221e+02 5.9779998779e+02 5.9729998779e+02 5.9679998779e+02 5.9650000000e+02 5.9609997559e+02
6.3059997559e+02 6.3020001221e+02 6.2979998779e+02 6.2929998779e+02 6.2890002441e+02 6.2829998779e+02 6.2779998779e+02 6.2729998779e+02 6.2670001221e+02 6.2609997559e+02 6.2529998779e+02 6.2450000000e+02 6.2379998779e+02 6.2290002441e+02 6.2190002441e+02 6.2079998779e+02 6.1950000000e+02 6.1800000000e+02 6.1640002441e+02 6.1490002441e+02 6.1359997559e+02 6.1240002441e+02 6.1129998779e+02 6.1040002441e+02 6.0950000000e+02 6.0870001221e+02 6.0770001221e+02 6.0670001221e+02 6.0559997559e+02 6.0479998779e+02 6.0390002441e+02 6.0309997559e+02 6.0240002441e+02 6.0170001221e+02 6.0109997559e+02 6.0040002441e+02 5.9979998779e+02 5.9929998779e+02 5.9879998779e+02 5.9820001221e+02 5.9770001221e+02 5.9720001221e+02 5.9679998779e+02 5.9629998779e+02 5.9590002441e+02 5.9550000000e+02
6.2970001221e+02 6.2940002441e+02 6.2900000000e+02 6.2859997559e+02 6.2820001221e+02 6.2770001221e+02 6.2729998779e+02 6.2690002441e+02 6.2659997559e+02 6.2620001221e+02 6.2570001221e+02 6.2509997559e+02 6.2429998779e+02 6.2340002441e+02 6.2229998779e+02 6.2120001221e+02 6.2000000000e+02 6.1859997559e+02 6.1690002441e+02 6.1529998779e+02 6.1390002441e+02 6.1240002441e+02 6.1120001221e+02 6.1020001221e+02 6.0940002441e+02 6.0859997559e+02 6.0750000000e+02 6.0650000000e+02 6.0550000000e+02 6.0470001221e+02 6.0379998779e+02 6.0290002441e+02 6.0209997559e+02 6.0140002441e+02 6.0059997559e+02 5.9990002441e+02 5.9929998779e+02 5.9879998779e+02 5.9829998779e+02 5.9770001221e+02 5.9720001221e+02 5.9670001221e+02 5.9620001221e+02 5.9570001221e+02 5.9529998779e+02 5.9500000000e+02
6.2879998779e+02 6.2850000000e+02 6.2820001221e+02 6.2779998779e+02 6.2750000000e+02 6.2700000000e+02 6.2670001221e+02 6.2640002441e+02 6.2620001221e+02 6.2609997559e+02 6.2570001221e+02 6.2529998779e+02 6.2459997559e+02 6.2359997559e+02 6.2250000000e+02 6.2140002441e+02 6.2020001221e+02 6.1890002441e+02 6.1729998779e+02 6.1579998779e+02 6.1429998779e+02 6.1270001221e+02 6.1129998779e+02 6.1020001221e+02 6.0929998779e+02 6.0840002441e+02 6.0729998779e+02 6.0629998779e+02 6.0540002441e+02 6.0450000000e+02 6.0359997559e+02 6.0270001221e+02 6.0179998779e+02 6.0100000000e+02 6.0029998779e+02 5.9950000000e+02 5.9890002441e+02 5.9829998779e+02 5.9770001221e+02 5.9720001221e+02 5.9670001221e+02 5.9620001221e+02 5.9559997559e+02 5.9520001221e+02 5.9479998779e+02 5.9450000000e+02
6.2790002441e+02 6.2759997559e+02 6.2729998779e+02 6.2700000000e+02 6.2659997559e+02 6.2629998779e+02 6.2600000000e+02 6.2579998779e+02 6.2570001221e+02 6.2559997559e+02 6.2550000000e+02 6.2509997559e+02 6.2450000000e+02 6.2359997559e+02 6.2250000000e+02 6.2129998779e+02 6.2009997559e+02 6.1890002441e+02 6.1759997559e+02 6.1629998779e+02 6.1490002441e+02 6.1329998779e+02 6.1159997559e+02 6.1029998779e+02 6.0929998779e+02 6.0820001221e+02 6.0709997559e+02 6.0620001221e+02 6.0520001221e+02 6.0420001221e+02 6.0340002441e+02 6.0240002441e+02 6.0150000000e+02 6.0070001221e+02 5.9990002441e+02 5.9909997559e+02 5.9840002441e+02 5.9779998779e+02 5.9720001221e+02 5.9670001221e+02 5.9609997559e+02 5.9559997559e+02 5.9509997559e+02 5.9459997559e+02 5.9429998779e+02 5.9390002441e+02
6.2700000000e+02 6.2679998779e+02 6.2650000000e+02 6.2620001221e+02 6.2579998779e+02 6.2540002441e+02 6.2520001221e+02 6.2500000000e+02 6.2500000000e+02 6.2500000000e+02 6.2500000000e+02 6.2470001221e+02 6.2420001221e+02 6.2340002441e+02 6.2220001221e+02 6.2100000000e+02 6.1970001221e+02 6.1850000000e+02 6.1750000000e+02 6.1659997559e+02 6.1540002441e+02 6.1379998779e+02 6.1209997559e+02 6.1059997559e+02 6.0940002441e+02 6.0820001221e+02 6.0700000000e+02 6.0600000000e+02 6.0500000000e+02 6.0400000000e+02 6.0309997559e+02 6.0220001221e+02 6.0120001221e+02 6.0040002441e+02 5.9950000000e+02 5.9870001221e+02 5.9800000000e+02 5.9729998779e+02 5.9670001221e+02 5.9609997559e+02 5.9559997559e+02 5.9500000000e+02 5.9459997559e+02 5.9409997559e+02 5.9370001221e+02 5.9340002441e+02
6.2609997559e+02 6.2590002441e+02 6.2570001221e+02 6.2540002441e+02 6.2500000000e+02 6.2459997559e+02 6.2440002441e+02 6.2420001221e+02 6.2429998779e+02 6.2429998779e+02 6.2429998779e+02 6.2409997559e+02 6.2359997559e+02 6.2290002441e+02 6.2179998779e+02 6.2040002441e+02 6.1900000000e+02 6.1790002441e+02 6.1709997559e+02 6.1640002441e+02 6.1540002441e+02 6.1409997559e+02 6.1240002441e+02 6.1100000000e+02 6.0959997559e+02 6.0829998779e+02 6.0690002441e+02 6.0570001221e+02 6.0470001221e+02 6.0359997559e+02 6.0270001221e+02 6.0190002441e+02 6.0100000000e+02 6.0009997559e+02 5.9909997559e+02 5.9829998779e+02 5.9750000000e+02 5.9679998779e+02 5.9620001221e+02 5.9559997559e+02 5.9509997559e+02 5.9459997559e+02 5.9409997559e+02 5.9370001221e+02 5.9320001221e+02 5.9279998779e+02
6.2529998779e+02 6.2500000000e+02 6.2479998779e+02 6.2450000000e+02 6.2420001221e+02 6.2379998779e+02 6.2359997559e+02 6.2340002441e+02 6.2340002441e+02 6.2359997559e+02 6.2359997559e+02 6.2340002441e+02 6.2300000000e+02 6.2240002441e+02 6.2129998779e+02 6.1979998779e+02 6.1840002441e+02 6.1729998779e+02 6.1650000000e+02 6.1579998779e+02 6.1509997559e+02 6.1409997559e+02 6.1270001221e+02 6.1129998779e+02 6.0970001221e+02 6.0820001221e+02 6.0679998779e+02 6.0540002441e+02 6.0420001221e+02 6.0320001221e+02 6.0229998779e+02 6.0159997559e+02 6.0070001221e+02 5.9979998779e+02 5.9879998779e+02 5.9790002441e+02 5.9709997559e+02 5.9640002441e+02 5.9570001221e+02 5.9520001221e+02 5.9459997559e+02 5.9420001221e+02 5.9370001221e+02 5.9320001221e+02 5.9279998779e+02 5.9229998779e+02
6.2429998779e+02 6.2409997559e+02 6.2390002441e+02 6.2359997559e+02 6.2320001221e+02 6.2290002441e+02 6.2259997559e+02 6.2229998779e+02 6.2240002441e+02 6.2259997559e+02 6.2279998779e+02 6.2270001221e+02 6.2240002441e+02 6.2170001221e+02 6.2050000000e+02 6.1909997559e+02 6.1779998779e+02 6.1659997559e+02 6.1570001221e+02 6.1500000000e+02 6.1429998779e+02 6.1359997559e+02 6.1259997559e+02 6.1120001221e+02 6.0959997559e+02 6.0809997559e+02 6.0670001221e+02 6.0509997559e+02 6.0379998779e+02 6.0279998779e+02 6.0200000000e+02 6.0129998779e+02 6.0040002441e+02 5.9950000000e+02 5.9850000000e+02 5.9770001221e+02 5.9679998779e+02 5.9600000000e+02 5.9529998779e+02 5.9470001221e+02 5.9420001221e+02 5.9370001221e+02 5.9320001221e+02 5.9270001221e+02 5.9229998779e+02 5.9179998779e+02
6.2320001221e+02 6.2309997559e+02 6.2290002441e+02 6.2259997559e+02 6.2220001221e+02 6.2190002441e+02 6.2159997559e+02 6.2120001221e+02 6.2129998779e+02 6.2159997559e+02 6.2170001221e+02 6.2159997559e+02 6.2140002441e+02 6.2079998779e+02 6.1959997559e+02 6.1829998779e+02 6.1709997559e+02 6.1579998779e+02 6.1479998779e+02 6.1400000000e+02 6.1329998779e+02 6.1270001221e+02 6.1200000000e+02 6.1090002441e+02 6.0950000000e+02 6.0800000000e+02 6.0650000000e+02 6.0500000000e+02 6.0359997559e+02 6.0259997559e+02 6.0170001221e+02 6.0090002441e+02 6.0000000000e+02 5.9909997559e+02 5.9820001221e+02 5.9729998779e+02 5.9640002441e+02 5.9559997559e+02 5.9490002441e+02 5.9429998779e+02 5.9370001221e+02 5.9320001221e+02 5.9270001221e+02 5.9220001221e+02 5.9170001221e+02 5.9129998779e+02
6.2229998779e+02 6.2200000000e+02 6.2179998779e+02 6.2159997559e+02 6.2129998779e+02 6.2100000000e+02 6.2059997559e+02 6.2020001221e+02 6.2009997559e+02 6.2029998779e+02 6.2040002441e+02 6.2029998779e+02 6.2020001221e+02 6.1979998779e+02 6.1890002441e+02 6.1770001221e+02 6.1629998779e+02 6.1470001221e+02 6.1359997559e+02 6.1290002441e+02 6.1220001221e+02 6.1170001221e+02 6.1109997559e+02 6.1040002441e+02 6.0920001221e+02 6.0770001221e+02 6.0620001221e+02 6.0470001221e+02 6.0329998779e+02 6.0220001221e+02 6.0129998779e+02 6.0040002441e+02 5.9950000000e+02 5.9870001221e+02 5.9779998779e+02 5.9690002441e+02 5.9609997559e+02 5.9529998779e+02 5.9450000000e+02 5.9390002441e+02 5.9329998779e+02 5.9270001221e+02 5.9220001221e+02 5.9159997559e+02 5.9120001221e+02 5.9070001221e+02
6.2140002441e+02 6.2100000000e+02 6.2059997559e+02 6.2050000000e+02 6.2029998779e+02 6.2000000000e+02 6.1959997559e+02 6.1909997559e+02 6.1879998779e+02 6.1890002441e+02 6.1890002441e+02 6.1890002441e+02 6.1900000000e+02 6.1890002441e+02 6.1829998779e+02 6.1720001221e+02 6.1540002441e+02 6.1350000000e+02 6.1240002441e+02 6.1179998779e+02 6.1120001221e+02 6.1059997559e+02 6.1009997559e+02 6.0950000000e+02 6.0859997559e+02 6.0729998779e+02 6.0600000000e+02 6.0450000000e+02 6.0290002441e+02 6.0170001221e+02 6.0079998779e+02 5.9990002441e+02 5.9909997559e+02 5.9820001221e+02 5.9740002441e+02 5.9650000000e+02 5.9570001221e+02 5.9490002441e+02 5.9409997559e+02 5.9350000000e+02 5.9279998779e+02 5.9229998779e+02 5.9170001221e+02 5.9109997559e+02 5.9059997559e+02 5.9009997559e+02
6.2050000000e+02 6.1990002441e+02 6.1959997559e+02 6.1940002441e+02 6.1920001221e+02 6.1890002441e+02 6.1850000000e+02 6.1809997559e+02 6.1779998779e+02 6.1759997559e+02 6.1750000000e+02 6.1750000000e+02 6.1770001221e+02 6.1750000000e+02 6.1650000000e+02 6.1540002441e+02 6.1350000000e+02 6.1200000000e+02 6.1129998779e+02 6.1070001221e+02 6.1009997559e+02 6.0959997559e+02 6.0909997559e+02 6.0859997559e+02 6.0779998779e+02 6.0679998779e+02 6.0570001221e+02 6.0429998779e+02 6.0250000000e+02 6.0120001221e+02 6.0029998779e+02 5.9940002441e+02 5.9859997559e+02 5.9779998779e+02 5.9690002441e+02 5.9620001221e+02 5.9540002441e+02 5.9459997559e+02 5.9379998779e+02 5.9309997559e+02 5.9240002441e+02 5.9179998779e+02 5.9120001221e+02 5.9070001221e+02 5.9020001221e+02 5.8959997559e+02
6.1959997559e+02 6.1890002441e+02 6.1859997559e+02 6.1840002441e+02 6.1820001221e+02 6.1790002441e+02 6.1750000000e+02 6.1720001221e+02 6.1679998779e+02 6.1640002441e+02 6.1620001221e+02 6.1609997559e+02 6.1620001221e+02 6.1540002441e+02 6.1390002441e+02 6.1259997559e+02 6.1159997559e+02 6.1079998779e+02 6.1029998779e+02 6.0970001221e+02 6.0920001221e+02 6.0879998779e+02 6.0829998779e+02 6.0759997559e+02 6.0679998779e+02 6.0600000000e+02 6.0509997559e+02 6.0400000000e+02 6.0209997559e+02 6.0070001221e+02 5.9979998779e+02 5.9890002441e+02 5.9800000000e+02 5.9720001221e+02 5.9650000000e+02 5.9579998779e+02 5.9509997559e+02 5.9420001221e+02 5.9340002441e+02 5.9270001221e+02 5.9209997559e+02 5.9140002441e+02 5.9090002441e+02 5.9029998779e+02 5.8970001221e+02 5.8909997559e+02
6.1870001221e+02 6.1809997559e+02 6.1770001221e+02 6.1729998779e+02 6.1709997559e+02 6.1679998779e+02 6.1650000000e+02 6.1620001221e+02 6.1579998779e+02 6.1529998779e+02 6.1490002441e+02 6.1450000000e+02 6.1390002441e+02 6.1290002441e+02 6.1170001221e+02 6.1090002441e+02 6.1029998779e+02 6.0990002441e+02 6.0950000000e+02 6.0890002441e+02 6.0829998779e+02 6.0790002441e+02 6.0729998779e+02 6.0659997559e+02 6.0590002441e+02 6.0520001221e+02 6.0440002441e+02 6.0340002441e+02 6.0159997559e+02 6.0009997559e+02 5.9920001221e+02 5.9840002441e+02 5.9750000000e+02 5.9670001221e+02 5.9600000000e+02 5.9529998779e+02 5.9470001221e+02 5.9390002441e+02 5.9309997559e+02 5.9240002441e+02 5.9170001221e+02 5.9100000000e+02 5.9040002441e+02 5.8990002441e+02 5.8920001221e+02 5.8859997559e+02
6.1779998779e+02 6.1720001221e+02 6.1679998779e+02 6.1640002441e+02 6.1600000000e+02 6.1579998779e+02 6.1550000000e+02 6.1509997559e+02 6.1440002441e+02 6.1379998779e+02 6.1320001221e+02 6.1259997559e+02 6.1200000000e+02 6.1129998779e+02 6.1059997559e+02 6.1009997559e+02 6.0959997559e+02 6.0909997559e+02 6.0870001221e+02 6.0809997559e+02 6.0750000000e+02 6.0700000000e+02 6.0640002441e+02 6.0570001221e+02 6.0500000000e+02 6.0429998779e+02 6.0359997559e+02 6.0259997559e+02 6.0109997559e+02 5.9970001221e+02 5.9870001221e+02 5.9790002441e+02 5.9709997559e+02 5.9629998779e+02 5.9559997559e+02 5.9490002441e+02 5.9429998779e+02 5.9350000000e+02 5.9279998779e+02 5.9200000000e+02 5.9129998779e+02 5.9059997559e+02 5.9000000000e+02 5.8940002441e+02 5.8879998779e+02 5.8820001221e+02
