DGM_1M_UPPER_AUSTRIA/21/34.asc
NCOLS 100
NROWS 100
XLLCORNER 6.2250500000e+04
YLLCORNER 2.9188850000e+05
CELLSIZE 1.0000000000e+00
NODATA_VALUE -9.9990000000e+03
[rows 0 to 19 of 100, columns 0 to 45 of 100]
6.9529998779e+02 6.9440002441e+02 6.9350000000e+02 6.9279998779e+02 6.9220001221e+02 6.9159997559e+02 6.9100000000e+02 6.9040002441e+02 6.8979998779e+02 6.8920001221e+02 6.8859997559e+02 6.8800000000e+02 6.8750000000e+02 6.8700000000e+02 6.8659997559e+02 6.8620001221e+02 6.8579998779e+02 6.8550000000e+02 6.8520001221e+02 6.8490002441e+02 6.8450000000e+02 6.8400000000e+02 6.8350000000e+02 6.8320001221e+02 6.8290002441e+02 6.8259997559e+02 6.8229998779e+02 6.8200000000e+02 6.8170001221e+02 6.8129998779e+02 6.8070001221e+02 6.8029998779e+02 6.7979998779e+02 6.7940002441e+02 6.7909997559e+02 6.7859997559e+02 6.7820001221e+02 6.7770001221e+02 6.7709997559e+02 6.7640002441e+02 6.7570001221e+02 6.7509997559e+02 6.7450000000e+02 6.7390002441e+02 6.7329998779e+02 6.7270001221e+02
6.9520001221e+02 6.9429998779e+02 6.9329998779e+02 6.9250000000e+02 6.9190002441e+02 6.9140002441e+02 6.9079998779e+02 6.9009997559e+02 6.8950000000e+02 6.8879998779e+02 6.8820001221e+02 6.8759997559e+02 6.8709997559e+02 6.8650000000e+02 6.8600000000e+02 6.8550000000e+02 6.8509997559e+02 6.8470001221e+02 6.8429998779e+02 6.8390002441e+02 6.8359997559e+02 6.8309997559e+02 6.8259997559e+02 6.8229998779e+02 6.8200000000e+02 6.8170001221e+02 6.8140002441e+02 6.8100000000e+02 6.8070001221e+02 6.8020001221e+02 6.7970001221e+02 6.7929998779e+02 6.7890002441e+02 6.7850000000e+02 6.7820001221e+02 6.7790002441e+02 6.7750000000e+02 6.7700000000e+02 6.7650000000e+02 6.7579998779e+02 6.7520001221e+02 6.7470001221e+02 6.7409997559e+02 6.7350000000e+02 6.7279998779e+02 6.7229998779e+02
6.9509997559e+02 6.9420001221e+02 6.9320001221e+02 6.9240002441e+02 6.9170001221e+02 6.9109997559e+02 6.9050000000e+02 6.8990002441e+02 6.8920001221e+02 6.8850000000e+02 6.8790002441e+02 6.8729998779e+02 6.8670001221e+02 6.8609997559e+02 6.8559997559e+02 6.8500000000e+02 6.8450000000e+02 6.8400000000e+02 6.8350000000e+02 6.8309997559e+02 6.8270001221e+02 6.8220001221e+02 6.8190002441e+02 6.8140002441e+02 6.8109997559e+02 6.8079998779e+02 6.8050000000e+02 6.8020001221e+02 6.7979998779e+02 6.7929998779e+02 6.7879998779e+02 6.7840002441e+02 6.7809997559e+02 6.7770001221e+02 6.7740002441e+02 6.7709997559e+02 6.7670001221e+02 6.7609997559e+02 6.7550000000e+02 6.7490002441e+02 6.7450000000e+02 6.7400000000e+02 6.7340002441e+02 6.7279998779e+02 6.7220001221e+02 6.7170001221e+02
6.9509997559e+02 6.9409997559e+02 6.9309997559e+02 6.9220001221e+02 6.9159997559e+02 6.9090002441e+02 6.9029998779e+02 6.8959997559e+02 6.8890002441e+02 6.8820001221e+02 6.8759997559e+02 6.8700000000e+02 6.8640002441e+02 6.8579998779e+02 6.8520001221e+02 6.8459997559e+02 6.8409997559e+02 6.8350000000e+02 6.8290002441e+02 6.8250000000e+02 6.8200000000e+02 6.8150000000e+02 6.8100000000e+02 6.8059997559e+02 6.8029998779e+02 6.7990002441e+02 6.7959997559e+02 6.7929998779e+02 6.7890002441e+02 6.7840002441e+02 6.7790002441e+02 6.7759997559e+02 6.7720001221e+02 6.7690002441e+02 6.7650000000e+02 6.7600000000e+02 6.7550000000e+02 6.7479998779e+02 6.7429998779e+02 6.7390002441e+02 6.7350000000e+02 6.7320001221e+02 6.7259997559e+02 6.7200000000e+02 6.7150000000e+02 6.7090002441e+02
6.9509997559e+02 6.9409997559e+02 6.9309997559e+02 6.9220001221e+02 6.9159997559e+02 6.9090002441e+02 6.9020001221e+02 6.8950000000e+02 6.8870001221e+02 6.8800000000e+02 6.8740002441e+02 6.8670001221e+02 6.8609997559e+02 6.8550000000e+02 6.8490002441e+02 6.8429998779e+02 6.8370001221e+02 6.8300000000e+02 6.8240002441e+02 6.8190002441e+02 6.8129998779e+02 6.8070001221e+02 6.8020001221e+02 6.7979998779e+02 6.7940002441e+02 6.7900000000e+02 6.7859997559e+02 6.7820001221e+02 6.7779998779e+02 6.7740002441e+02 6.7700000000e+02 6.7670001221e+02 6.7629998779e+02 6.7579998779e+02 6.7529998779e+02 6.7479998779e+02 6.7420001221e+02 6.7359997559e+02 6.7329998779e+02 6.7300000000e+02 6.7259997559e+02 6.7220001221e+02 6.7170001221e+02 6.7109997559e+02 6.7059997559e+02 6.7000000000e+02
6.9509997559e+02 6.9400000000e+02 6.9309997559e+02 6.9229998779e+02 6.9159997559e+02 6.9090002441e+02 6.9000000000e+02 6.8929998779e+02 6.8859997559e+02 6.8800000000e+02 6.8729998779e+02 6.8659997559e+02 6.8590002441e+02 6.8520001221e+02 6.8459997559e+02 6.8390002441e+02 6.8329998779e+02 6.8259997559e+02 6.8200000000e+02 6.8140002441e+02 6.8070001221e+02 6.8009997559e+02 6.7959997559e+02 6.7900000000e+02 6.7850000000e+02 6.7809997559e+02 6.7770001221e+02 6.7729998779e+02 6.7690002441e+02 6.7650000000e+02 6.7609997559e+02 6.7570001221e+02 6.7529998779e+02 6.7459997559e+02 6.7409997559e+02 6.7359997559e+02 6.7309997559e+02 6.7270001221e+02 6.7240002441e+02 6.7209997559e+02 6.7170001221e+02 6.7120001221e+02 6.7059997559e+02 6.7000000000e+02 6.6950000000e+02 6.6890002441e+02
6.9509997559e+02 6.9409997559e+02 6.9320001221e+02 6.9229998779e+02 6.9170001221e+02 6.9090002441e+02 6.9000000000e+02 6.8920001221e+02 6.8850000000e+02 6.8800000000e+02 6.8729998779e+02 6.8650000000e+02 6.8579998779e+02 6.8500000000e+02 6.8440002441e+02 6.8370001221e+02 6.8300000000e+02 6.8229998779e+02 6.8150000000e+02 6.8090002441e+02 6.8020001221e+02 6.7959997559e+02 6.7909997559e+02 6.7840002441e+02 6.7779998779e+02 6.7740002441e+02 6.7700000000e+02 6.7659997559e+02 6.7609997559e+02 6.7570001221e+02 6.7520001221e+02 6.7470001221e+02 6.7420001221e+02 6.7359997559e+02 6.7309997559e+02 6.7259997559e+02 6.7209997559e+02 6.7179998779e+02 6.7150000000e+02 6.7109997559e+02 6.7059997559e+02 6.7009997559e+02 6.6950000000e+02 6.6890002441e+02 6.6840002441e+02 6.6779998779e+02
6.9500000000e+02 6.9409997559e+02 6.9320001221e+02 6.9229998779e+02 6.9159997559e+02 6.9079998779e+02 6.8990002441e+02 6.8909997559e+02 6.8850000000e+02 6.8790002441e+02 6.8729998779e+02 6.8650000000e+02 6.8570001221e+02 6.8490002441e+02 6.8429998779e+02 6.8350000000e+02 6.8270001221e+02 6.8200000000e+02 6.8129998779e+02 6.8059997559e+02 6.8000000000e+02 6.7929998779e+02 6.7870001221e+02 6.7809997559e+02 6.7750000000e+02 6.7700000000e+02 6.7659997559e+02 6.7600000000e+02 6.7540002441e+02 6.7490002441e+02 6.7440002441e+02 6.7390002441e+02 6.7329998779e+02 6.7270001221e+02 6.7220001221e+02 6.7170001221e+02 6.7129998779e+02 6.7090002441e+02 6.7059997559e+02 6.7009997559e+02 6.6959997559e+02 6.6909997559e+02 6.6850000000e+02 6.6800000000e+02 6.6750000000e+02 6.6690002441e+02
6.9500000000e+02 6.9409997559e+02 6.9320001221e+02 6.9229998779e+02 6.9150000000e+02 6.9059997559e+02 6.8979998779e+02 6.8909997559e+02 6.8850000000e+02 6.8790002441e+02 6.8720001221e+02 6.8650000000e+02 6.8570001221e+02 6.8490002441e+02 6.8429998779e+02 6.8329998779e+02 6.8250000000e+02 6.8179998779e+02 6.8120001221e+02 6.8050000000e+02 6.7970001221e+02 6.7900000000e+02 6.7840002441e+02 6.7779998779e+02 6.7720001221e+02 6.7670001221e+02 6.7620001221e+02 6.7550000000e+02 6.7490002441e+02 6.7429998779e+02 6.7370001221e+02 6.7320001221e+02 6.7259997559e+02 6.7200000000e+02 6.7140002441e+02 6.7100000000e+02 6.7050000000e+02 6.7009997559e+02 6.6970001221e+02 6.6920001221e+02 6.6870001221e+02 6.6820001221e+02 6.6770001221e+02 6.6720001221e+02 6.6659997559e+02 6.6600000000e+02
6.9500000000e+02 6.9409997559e+02 6.9320001221e+02 6.9229998779e+02 6.9150000000e+02 6.9070001221e+02 6.8990002441e+02 6.8909997559e+02 6.8850000000e+02 6.8779998779e+02 6.8720001221e+02 6.8640002441e+02 6.8559997559e+02 6.8490002441e+02 6.8420001221e+02 6.8329998779e+02 6.8240002441e+02 6.8170001221e+02 6.8100000000e+02 6.8029998779e+02 6.7950000000e+02 6.7879998779e+02 6.7820001221e+02 6.7750000000e+02 6.7690002441e+02 6.7629998779e+02 6.7570001221e+02 6.7509997559e+02 6.7440002441e+02 6.7379998779e+02 6.7320001221e+02 6.7250000000e+02 6.7190002441e+02 6.7129998779e+02 6.7079998779e+02 6.7029998779e+02 6.6979998779e+02 6.6929998779e+02 6.6890002441e+02 6.6829998779e+02 6.6779998779e+02 6.6729998779e+02 6.6679998779e+02 6.6629998779e+02 6.6570001221e+02 6.6520001221e+02
6.9509997559e+02 6.9409997559e+02 6.9329998779e+02 6.9250000000e+02 6.9159997559e+02 6.9079998779e+02 6.9000000000e+02 6.8920001221e+02 6.8859997559e+02 6.8800000000e+02 6.8740002441e+02 6.8650000000e+02 6.8559997559e+02 6.8490002441e+02 6.8409997559e+02 6.8320001221e+02 6.8240002441e+02 6.8170001221e+02 6.8090002441e+02 6.8020001221e+02 6.7940002441e+02 6.7870001221e+02 6.7800000000e+02 6.7729998779e+02 6.7670001221e+02 6.7600000000e+02 6.7540002441e+02 6.7470001221e+02 6.7400000000e+02 6.7329998779e+02 6.7270001221e+02 6.7200000000e+02 6.7129998779e+02 6.7070001221e+02 6.7020001221e+02 6.6970001221e+02 6.6920001221e+02 6.6870001221e+02 6.6820001221e+02 6.6770001221e+02 6.6709997559e+02 6.6659997559e+02 6.6609997559e+02 6.6550000000e+02 6.6500000000e+02 6.6440002441e+02
6.9509997559e+02 6.9429998779e+02 6.9359997559e+02 6.9270001221e+02 6.9179998779e+02 6.9100000000e+02 6.9020001221e+02 6.8940002441e+02 6.8870001221e+02 6.8820001221e+02 6.8750000000e+02 6.8670001221e+02 6.8590002441e+02 6.8509997559e+02 6.8420001221e+02 6.8329998779e+02 6.8250000000e+02 6.8170001221e+02 6.8100000000e+02 6.8020001221e+02 6.7940002441e+02 6.7870001221e+02 6.7790002441e+02 6.7709997559e+02 6.7640002441e+02 6.7570001221e+02 6.7509997559e+02 6.7440002441e+02 6.7370001221e+02 6.7300000000e+02 6.7229998779e+02 6.7159997559e+02 6.7090002441e+02 6.7020001221e+02 6.6970001221e+02 6.6929998779e+02 6.6879998779e+02 6.6820001221e+02 6.6750000000e+02 6.6700000000e+02 6.6640002441e+02 6.6579998779e+02 6.6529998779e+02 6.6470001221e+02 6.6420001221e+02 6.6359997559e+02
6.9509997559e+02 6.9429998779e+02 6.9359997559e+02 6.9279998779e+02 6.9200000000e+02 6.9120001221e+02 6.9040002441e+02 6.8959997559e+02 6.8890002441e+02 6.8829998779e+02 6.8770001221e+02 6.8700000000e+02 6.8629998779e+02 6.8550000000e+02 6.8459997559e+02 6.8359997559e+02 6.8279998779e+02 6.8200000000e+02 6.8120001221e+02 6.8040002441e+02 6.7950000000e+02 6.7870001221e+02 6.7790002441e+02 6.7700000000e+02 6.7620001221e+02 6.7550000000e+02 6.7479998779e+02 6.7409997559e+02 6.7340002441e+02 6.7270001221e+02 6.7200000000e+02 6.7120001221e+02 6.7059997559e+02 6.7000000000e+02 6.6940002441e+02 6.6890002441e+02 6.6840002441e+02 6.6770001221e+02 6.6700000000e+02 6.6629998779e+02 6.6570001221e+02 6.6509997559e+02 6.6459997559e+02 6.6400000000e+02 6.6350000000e+02 6.6290002441e+02
6.9500000000e+02 6.9420001221e+02 6.9350000000e+02 6.9270001221e+02 6.9190002441e+02 6.9109997559e+02 6.9029998779e+02 6.8959997559e+02 6.8900000000e+02 6.8829998779e+02 6.8779998779e+02 6.8720001221e+02 6.8659997559e+02 6.8579998779e+02 6.8500000000e+02 6.8420001221e+02 6.8329998779e+02 6.8240002441e+02 6.8150000000e+02 6.8059997559e+02 6.7970001221e+02 6.7879998779e+02 6.7790002441e+02 6.7700000000e+02 6.7620001221e+02 6.7540002441e+02 6.7459997559e+02 6.7390002441e+02 6.7320001221e+02 6.7250000000e+02 6.7170001221e+02 6.7109997559e+02 6.7040002441e+02 6.6979998779e+02 6.6920001221e+02 6.6850000000e+02 6.6790002441e+02 6.6720001221e+02 6.6659997559e+02 6.6579998779e+02 6.6520001221e+02 6.6450000000e+02 6.6400000000e+02 6.6340002441e+02 6.6290002441e+02 6.6229998779e+02
6.9470001221e+02 6.9400000000e+02 6.9320001221e+02 6.9240002441e+02 6.9159997559e+02 6.9079998779e+02 6.9009997559e+02 6.8940002441e+02 6.8890002441e+02 6.8829998779e+02 6.8779998779e+02 6.8729998779e+02 6.8670001221e+02 6.8609997559e+02 6.8540002441e+02 6.8470001221e+02 6.8379998779e+02 6.8279998779e+02 6.8190002441e+02 6.8100000000e+02 6.8000000000e+02 6.7909997559e+02 6.7820001221e+02 6.7729998779e+02 6.7629998779e+02 6.7550000000e+02 6.7470001221e+02 6.7379998779e+02 6.7309997559e+02 6.7240002441e+02 6.7170001221e+02 6.7100000000e+02 6.7029998779e+02 6.6959997559e+02 6.6890002441e+02 6.6820001221e+02 6.6750000000e+02 6.6690002441e+02 6.6620001221e+02 6.6550000000e+02 6.6490002441e+02 6.6420001221e+02 6.6359997559e+02 6.6300000000e+02 6.6240002441e+02 6.6179998779e+02
6.9450000000e+02 6.9370001221e+02 6.9290002441e+02 6.9209997559e+02 6.9129998779e+02 6.9040002441e+02 6.8970001221e+02 6.8909997559e+02 6.8859997559e+02 6.8800000000e+02 6.8759997559e+02 6.8709997559e+02 6.8659997559e+02 6.8600000000e+02 6.8550000000e+02 6.8490002441e+02 6.8409997559e+02 6.8309997559e+02 6.8209997559e+02 6.8120001221e+02 6.8029998779e+02 6.7940002441e+02 6.7850000000e+02 6.7759997559e+02 6.7670001221e+02 6.7579998779e+02 6.7479998779e+02 6.7390002441e+02 6.7309997559e+02 6.7240002441e+02 6.7170001221e+02 6.7100000000e+02 6.7020001221e+02 6.6950000000e+02 6.6870001221e+02 6.6800000000e+02 6.6729998779e+02 6.6659997559e+02 6.6600000000e+02 6.6529998779e+02 6.6470001221e+02 6.6400000000e+02 6.6340002441e+02 6.6279998779e+02 6.6209997559e+02 6.6150000000e+02
6.9420001221e+02 6.9340002441e+02 6.9259997559e+02 6.9179998779e+02 6.9090002441e+02 6.9000000000e+02 6.8929998779e+02 6.8879998779e+02 6.8829998779e+02 6.8770001221e+02 6.8720001221e+02 6.8670001221e+02 6.8620001221e+02 6.8579998779e+02 6.8529998779e+02 6.8479998779e+02 6.8409997559e+02 6.8320001221e+02 6.8229998779e+02 6.8140002441e+02 6.8050000000e+02 6.7959997559e+02 6.7859997559e+02 6.7770001221e+02 6.7679998779e+02 6.7590002441e+02 6.7500000000e+02 6.7409997559e+02 6.7329998779e+02 6.7250000000e+02 6.7179998779e+02 6.7100000000e+02 6.7020001221e+02 6.6950000000e+02 6.6870001221e+02 6.6790002441e+02 6.6720001221e+02 6.6650000000e+02 6.6579998779e+02 6.6520001221e+02 6.6450000000e+02 6.6390002441e+02 6.6329998779e+02 6.6270001221e+02 6.6190002441e+02 6.6120001221e+02
6.9379998779e+02 6.9300000000e+02 6.9229998779e+02 6.9150000000e+02 6.9059997559e+02 6.8970001221e+02 6.8900000000e+02 6.8840002441e+02 6.8790002441e+02 6.8729998779e+02 6.8679998779e+02 6.8629998779e+02 6.8570001221e+02 6.8529998779e+02 6.8490002441e+02 6.8450000000e+02 6.8390002441e+02 6.8320001221e+02 6.8229998779e+02 6.8140002441e+02 6.8040002441e+02 6.7940002441e+02 6.7850000000e+02 6.7770001221e+02 6.7679998779e+02 6.7600000000e+02 6.7509997559e+02 6.7420001221e+02 6.7340002441e+02 6.7270001221e+02 6.7190002441e+02 6.7109997559e+02 6.7029998779e+02 6.6950000000e+02 6.6879998779e+02 6.6800000000e+02 6.6720001221e+02 6.6640002441e+02 6.6570001221e+02 6.6509997559e+02 6.6440002441e+02 6.6379998779e+02 6.6320001221e+02 6.6259997559e+02 6.6179998779e+02 6.6100000000e+02
6.9350000000e+02 6.9270001221e+02 6.9200000000e+02 6.9109997559e+02 6.9029998779e+02 6.8940002441e+02 6.8870001221e+02 6.8809997559e+02 6.8750000000e+02 6.8700000000e+02 6.8640002441e+02 6.8579998779e+02 6.8520001221e+02 6.8470001221e+02 6.8429998779e+02 6.8390002441e+02 6.8350000000e+02 6.8290002441e+02 6.8209997559e+02 6.8109997559e+02 6.8009997559e+02 6.7909997559e+02 6.7829998779e+02 6.7750000000e+02 6.7670001221e+02 6.7590002441e+02 6.7509997559e+02 6.7420001221e+02 6.7340002441e+02 6.7270001221e+02 6.7200000000e+02 6.7120001221e+02 6.7050000000e+02 6.6959997559e+02 6.6890002441e+02 6.6809997559e+02 6.6729998779e+02 6.6650000000e+02 6.6570001221e+02 6.6509997559e+02 6.6440002441e+02 6.6370001221e+02 6.6309997559e+02 6.6240002441e+02 6.6170001221e+02 6.6090002441e+02
6.9320001221e+02 6.9240002441e+02 6.9159997559e+02 6.9079998779e+02 6.9009997559e+02 6.8920001221e+02 6.8850000000e+02 6.8779998779e+02 6.8709997559e+02 6.8650000000e+02 6.8590002441e+02 6.8529998779e+02 6.8470001221e+02 6.8420001221e+02 6.8359997559e+02 6.8320001221e+02 6.8290002441e+02 6.8240002441e+02 6.8159997559e+02 6.8070001221e+02 6.7970001221e+02 6.7870001221e+02 6.7790002441e+02 6.7720001221e+02 6.7640002441e+02 6.7559997559e+02 6.7479998779e+02 6.7400000000e+02 6.7329998779e+02 6.7259997559e+02 6.7190002441e+02 6.7120001221e+02 6.7050000000e+02 6.6970001221e+02 6.6900000000e+02 6.6820001221e+02 6.6750000000e+02 6.6659997559e+02 6.6579998779e+02 6.6509997559e+02 6.6440002441e+02 6.6370001221e+02 6.6300000000e+02 6.6229998779e+02 6.6159997559e+02 6.6090002441e+02
