DGM_1M_UPPER_AUSTRIA/21/34.asc
NCOLS 100
NROWS 100
XLLCORNER 6.2250500000e+04
YLLCORNER 2.9188850000e+05
CELLSIZE 1.0000000000e+00
NODATA_VALUE -9.9990000000e+03
[rows 40 to 59 of 100, columns 0 to 45 of 100]
6.8470001221e+02 6.8409997559e+02 6.8329998779e+02 6.8259997559e+02 6.8179998779e+02 6.8109997559e+02 6.8029998779e+02 6.7940002441e+02 6.7850000000e+02 6.7779998779e+02 6.7709997559e+02 6.7640002441e+02 6.7579998779e+02 6.7529998779e+02 6.7459997559e+02 6.7400000000e+02 6.7320001221e+02 6.7240002441e+02 6.7170001221e+02 6.7090002441e+02 6.7029998779e+02 6.6970001221e+02 6.6900000000e+02 6.6840002441e+02 6.6779998779e+02 6.6720001221e+02 6.6659997559e+02 6.6590002441e+02 6.6509997559e+02 6.6440002441e+02 6.6359997559e+02 6.6279998779e+02 6.6209997559e+02 6.6140002441e+02 6.6059997559e+02 6.5970001221e+02 6.5890002441e+02 6.5809997559e+02 6.5750000000e+02 6.5679998779e+02 6.5590002441e+02 6.5509997559e+02 6.5429998779e+02 6.5350000000e+02 6.5270001221e+02 6.5190002441e+02
6.8429998779e+02 6.8359997559e+02 6.8290002441e+02 6.8220001221e+02 6.8140002441e+02 6.8059997559e+02 6.7979998779e+02 6.7890002441e+02 6.7809997559e+02 6.7729998779e+02 6.7659997559e+02 6.7600000000e+02 6.7540002441e+02 6.7470001221e+02 6.7409997559e+02 6.7340002441e+02 6.7270001221e+02 6.7190002441e+02 6.7120001221e+02 6.7040002441e+02 6.6970001221e+02 6.6909997559e+02 6.6840002441e+02 6.6779998779e+02 6.6720001221e+02 6.6659997559e+02 6.6600000000e+02 6.6529998779e+02 6.6459997559e+02 6.6400000000e+02 6.6329998779e+02 6.6250000000e+02 6.6179998779e+02 6.6109997559e+02 6.6029998779e+02 6.5950000000e+02 6.5870001221e+02 6.5800000000e+02 6.5740002441e+02 6.5659997559e+02 6.5579998779e+02 6.5500000000e+02 6.5420001221e+02 6.5329998779e+02 6.5250000000e+02 6.5170001221e+02
6.8370001221e+02 6.8300000000e+02 6.8229998779e+02 6.8159997559e+02 6.8090002441e+02 6.8009997559e+02 6.7929998779e+02 6.7850000000e+02 6.7759997559e+02 6.7690002441e+02 6.7620001221e+02 6.7550000000e+02 6.7479998779e+02 6.7420001221e+02 6.7350000000e+02 6.7279998779e+02 6.7209997559e+02 6.7140002441e+02 6.7070001221e+02 6.6990002441e+02 6.6920001221e+02 6.6850000000e+02 6.6790002441e+02 6.6729998779e+02 6.6670001221e+02 6.6609997559e+02 6.6540002441e+02 6.6490002441e+02 6.6429998779e+02 6.6359997559e+02 6.6290002441e+02 6.6220001221e+02 6.6150000000e+02 6.6079998779e+02 6.6009997559e+02 6.5929998779e+02 6.5859997559e+02 6.5800000000e+02 6.5729998779e+02 6.5659997559e+02 6.5579998779e+02 6.5500000000e+02 6.5409997559e+02 6.5329998779e+02 6.5250000000e+02 6.5170001221e+02
6.8309997559e+02 6.8240002441e+02 6.8170001221e+02 6.8100000000e+02 6.8020001221e+02 6.7950000000e+02 6.7870001221e+02 6.7790002441e+02 6.7709997559e+02 6.7640002441e+02 6.7570001221e+02 6.7500000000e+02 6.7420001221e+02 6.7359997559e+02 6.7290002441e+02 6.7229998779e+02 6.7159997559e+02 6.7090002441e+02 6.7020001221e+02 6.6950000000e+02 6.6879998779e+02 6.6800000000e+02 6.6740002441e+02 6.6679998779e+02 6.6620001221e+02 6.6559997559e+02 6.6500000000e+02 6.6450000000e+02 6.6390002441e+02 6.6320001221e+02 6.6259997559e+02 6.6190002441e+02 6.6109997559e+02 6.6050000000e+02 6.5979998779e+02 6.5909997559e+02 6.5850000000e+02 6.5790002441e+02 6.5720001221e+02 6.5650000000e+02 6.5579998779e+02 6.5509997559e+02 6.5420001221e+02 6.5320001221e+02 6.5240002441e+02 6.5170001221e+02
6.8259997559e+02 6.8179998779e+02 6.8109997559e+02 6.8040002441e+02 6.7959997559e+02 6.7890002441e+02 6.7809997559e+02 6.7729998779e+02 6.7659997559e+02 6.7590002441e+02 6.7520001221e+02 6.7450000000e+02 6.7370001221e+02 6.7309997559e+02 6.7240002441e+02 6.7179998779e+02 6.7109997559e+02 6.7040002441e+02 6.6979998779e+02 6.6909997559e+02 6.6829998779e+02 6.6750000000e+02 6.6679998779e+02 6.6620001221e+02 6.6570001221e+02 6.6509997559e+02 6.6459997559e+02 6.6400000000e+02 6.6340002441e+02 6.6279998779e+02 6.6220001221e+02 6.6150000000e+02 6.6079998779e+02 6.6009997559e+02 6.5950000000e+02 6.5879998779e+02 6.5820001221e+02 6.5770001221e+02 6.5700000000e+02 6.5629998779e+02 6.5570001221e+02 6.5500000000e+02 6.5420001221e+02 6.5320001221e+02 6.5240002441e+02 6.5159997559e+02
6.8200000000e+02 6.8129998779e+02 6.8059997559e+02 6.7990002441e+02 6.7909997559e+02 6.7840002441e+02 6.7759997559e+02 6.7670001221e+02 6.7600000000e+02 6.7540002441e+02 6.7479998779e+02 6.7409997559e+02 6.7340002441e+02 6.7270001221e+02 6.7200000000e+02 6.7129998779e+02 6.7059997559e+02 6.6990002441e+02 6.6929998779e+02 6.6859997559e+02 6.6770001221e+02 6.6700000000e+02 6.6620001221e+02 6.6559997559e+02 6.6500000000e+02 6.6450000000e+02 6.6400000000e+02 6.6340002441e+02 6.6290002441e+02 6.6229998779e+02 6.6170001221e+02 6.6100000000e+02 6.6029998779e+02 6.5959997559e+02 6.5900000000e+02 6.5840002441e+02 6.5779998779e+02 6.5729998779e+02 6.5670001221e+02 6.5600000000e+02 6.5540002441e+02 6.5479998779e+02 6.5400000000e+02 6.5300000000e+02 6.5220001221e+02 6.5140002441e+02
6.8150000000e+02 6.8079998779e+02 6.8009997559e+02 6.7940002441e+02 6.7870001221e+02 6.7800000000e+02 6.7720001221e+02 6.7640002441e+02 6.7570001221e+02 6.7509997559e+02 6.7450000000e+02 6.7379998779e+02 6.7309997559e+02 6.7229998779e+02 6.7159997559e+02 6.7090002441e+02 6.7029998779e+02 6.6950000000e+02 6.6879998779e+02 6.6809997559e+02 6.6729998779e+02 6.6650000000e+02 6.6579998779e+02 6.6509997559e+02 6.6450000000e+02 6.6390002441e+02 6.6329998779e+02 6.6270001221e+02 6.6209997559e+02 6.6170001221e+02 6.6100000000e+02 6.6020001221e+02 6.5950000000e+02 6.5890002441e+02 6.5829998779e+02 6.5779998779e+02 6.5729998779e+02 6.5679998779e+02 6.5629998779e+02 6.5570001221e+02 6.5500000000e+02 6.5429998779e+02 6.5340002441e+02 6.5250000000e+02 6.5170001221e+02 6.5070001221e+02
6.8100000000e+02 6.8040002441e+02 6.7970001221e+02 6.7900000000e+02 6.7829998779e+02 6.7759997559e+02 6.7679998779e+02 6.7620001221e+02 6.7550000000e+02 6.7479998779e+02 6.7420001221e+02 6.7340002441e+02 6.7270001221e+02 6.7200000000e+02 6.7140002441e+02 6.7070001221e+02 6.7000000000e+02 6.6920001221e+02 6.6829998779e+02 6.6770001221e+02 6.6700000000e+02 6.6620001221e+02 6.6529998779e+02 6.6450000000e+02 6.6390002441e+02 6.6320001221e+02 6.6259997559e+02 6.6200000000e+02 6.6129998779e+02 6.6079998779e+02 6.6009997559e+02 6.5940002441e+02 6.5870001221e+02 6.5809997559e+02 6.5759997559e+02 6.5700000000e+02 6.5650000000e+02 6.5620001221e+02 6.5570001221e+02 6.5500000000e+02 6.5429998779e+02 6.5350000000e+02 6.5259997559e+02 6.5170001221e+02 6.5090002441e+02 6.4990002441e+02
6.8040002441e+02 6.7990002441e+02 6.7920001221e+02 6.7850000000e+02 6.7779998779e+02 6.7720001221e+02 6.7650000000e+02 6.7590002441e+02 6.7520001221e+02 6.7450000000e+02 6.7379998779e+02 6.7309997559e+02 6.7240002441e+02 6.7170001221e+02 6.7109997559e+02 6.7050000000e+02 6.6970001221e+02 6.6870001221e+02 6.6790002441e+02 6.6720001221e+02 6.6659997559e+02 6.6579998779e+02 6.6500000000e+02 6.6400000000e+02 6.6329998779e+02 6.6259997559e+02 6.6190002441e+02 6.6120001221e+02 6.6050000000e+02 6.5990002441e+02 6.5920001221e+02 6.5859997559e+02 6.5800000000e+02 6.5750000000e+02 6.5690002441e+02 6.5629998779e+02 6.5570001221e+02 6.5509997559e+02 6.5459997559e+02 6.5390002441e+02 6.5320001221e+02 6.5250000000e+02 6.5170001221e+02 6.5090002441e+02 6.5020001221e+02 6.4940002441e+02
6.7990002441e+02 6.7929998779e+02 6.7870001221e+02 6.7809997559e+02 6.7740002441e+02 6.7679998779e+02 6.7620001221e+02 6.7559997559e+02 6.7490002441e+02 6.7420001221e+02 6.7350000000e+02 6.7279998779e+02 6.7209997559e+02 6.7150000000e+02 6.7079998779e+02 6.7009997559e+02 6.6920001221e+02 6.6829998779e+02 6.6740002441e+02 6.6670001221e+02 6.6620001221e+02 6.6550000000e+02 6.6470001221e+02 6.6370001221e+02 6.6290002441e+02 6.6209997559e+02 6.6120001221e+02 6.6040002441e+02 6.5970001221e+02 6.5909997559e+02 6.5840002441e+02 6.5779998779e+02 6.5720001221e+02 6.5679998779e+02 6.5620001221e+02 6.5570001221e+02 6.5500000000e+02 6.5420001221e+02 6.5359997559e+02 6.5300000000e+02 6.5240002441e+02 6.5170001221e+02 6.5100000000e+02 6.5040002441e+02 6.4970001221e+02 6.4900000000e+02
6.7940002441e+02 6.7879998779e+02 6.7820001221e+02 6.7759997559e+02 6.7709997559e+02 6.7650000000e+02 6.7590002441e+02 6.7529998779e+02 6.7470001221e+02 6.7409997559e+02 6.7329998779e+02 6.7250000000e+02 6.7179998779e+02 6.7109997559e+02 6.7040002441e+02 6.6970001221e+02 6.6879998779e+02 6.6800000000e+02 6.6709997559e+02 6.6640002441e+02 6.6570001221e+02 6.6500000000e+02 6.6429998779e+02 6.6340002441e+02 6.6259997559e+02 6.6159997559e+02 6.6059997559e+02 6.5979998779e+02 6.5900000000e+02 6.5829998779e+02 6.5759997559e+02 6.5700000000e+02 6.5650000000e+02 6.5600000000e+02 6.5550000000e+02 6.5490002441e+02 6.5420001221e+02 6.5350000000e+02 6.5290002441e+02 6.5229998779e+02 6.5159997559e+02 6.5100000000e+02 6.5040002441e+02 6.4979998779e+02 6.4920001221e+02 6.4850000000e+02
6.7890002441e+02 6.7829998779e+02 6.7779998779e+02 6.7720001221e+02 6.7670001221e+02 6.7620001221e+02 6.7559997559e+02 6.7500000000e+02 6.7450000000e+02 6.7390002441e+02 6.7300000000e+02 6.7220001221e+02 6.7140002441e+02 6.7070001221e+02 6.7000000000e+02 6.6929998779e+02 6.6850000000e+02 6.6770001221e+02 6.6690002441e+02 6.6609997559e+02 6.6540002441e+02 6.6470001221e+02 6.6390002441e+02 6.6309997559e+02 6.6229998779e+02 6.6129998779e+02 6.6029998779e+02 6.5929998779e+02 6.5840002441e+02 6.5770001221e+02 6.5700000000e+02 6.5629998779e+02 6.5570001221e+02 6.5529998779e+02 6.5470001221e+02 6.5400000000e+02 6.5329998779e+02 6.5270001221e+02 6.5209997559e+02 6.5150000000e+02 6.5090002441e+02 6.5020001221e+02 6.4959997559e+02 6.4900000000e+02 6.4850000000e+02 6.4790002441e+02
6.7840002441e+02 6.7790002441e+02 6.7729998779e+02 6.7679998779e+02 6.7629998779e+02 6.7579998779e+02 6.7520001221e+02 6.7459997559e+02 6.7409997559e+02 6.7340002441e+02 6.7259997559e+02 6.7170001221e+02 6.7090002441e+02 6.7020001221e+02 6.6950000000e+02 6.6879998779e+02 6.6809997559e+02 6.6729998779e+02 6.6659997559e+02 6.6579998779e+02 6.6509997559e+02 6.6440002441e+02 6.6370001221e+02 6.6290002441e+02 6.6200000000e+02 6.6109997559e+02 6.6009997559e+02 6.5909997559e+02 6.5809997559e+02 6.5720001221e+02 6.5640002441e+02 6.5570001221e+02 6.5509997559e+02 6.5450000000e+02 6.5390002441e+02 6.5320001221e+02 6.5250000000e+02 6.5190002441e+02 6.5120001221e+02 6.5059997559e+02 6.5009997559e+02 6.4940002441e+02 6.4879998779e+02 6.4820001221e+02 6.4770001221e+02 6.4720001221e+02
6.7779998779e+02 6.7729998779e+02 6.7679998779e+02 6.7629998779e+02 6.7579998779e+02 6.7529998779e+02 6.7470001221e+02 6.7400000000e+02 6.7350000000e+02 6.7279998779e+02 6.7190002441e+02 6.7109997559e+02 6.7040002441e+02 6.6959997559e+02 6.6890002441e+02 6.6820001221e+02 6.6759997559e+02 6.6690002441e+02 6.6620001221e+02 6.6550000000e+02 6.6479998779e+02 6.6409997559e+02 6.6340002441e+02 6.6259997559e+02 6.6170001221e+02 6.6100000000e+02 6.6009997559e+02 6.5909997559e+02 6.5800000000e+02 6.5709997559e+02 6.5609997559e+02 6.5529998779e+02 6.5459997559e+02 6.5390002441e+02 6.5309997559e+02 6.5240002441e+02 6.5179998779e+02 6.5109997559e+02 6.5040002441e+02 6.4979998779e+02 6.4920001221e+02 6.4850000000e+02 6.4790002441e+02 6.4740002441e+02 6.4690002441e+02 6.4640002441e+02
6.7720001221e+02 6.7670001221e+02 6.7620001221e+02 6.7570001221e+02 6.7520001221e+02 6.7459997559e+02 6.7400000000e+02 6.7329998779e+02 6.7270001221e+02 6.7190002441e+02 6.7109997559e+02 6.7029998779e+02 6.6970001221e+02 6.6900000000e+02 6.6840002441e+02 6.6770001221e+02 6.6709997559e+02 6.6640002441e+02 6.6570001221e+02 6.6509997559e+02 6.6440002441e+02 6.6379998779e+02 6.6309997559e+02 6.6229998779e+02 6.6150000000e+02 6.6079998779e+02 6.6000000000e+02 6.5909997559e+02 6.5809997559e+02 6.5700000000e+02 6.5600000000e+02 6.5520001221e+02 6.5440002441e+02 6.5359997559e+02 6.5259997559e+02 6.5179998779e+02 6.5100000000e+02 6.5029998779e+02 6.4970001221e+02 6.4900000000e+02 6.4829998779e+02 6.4770001221e+02 6.4709997559e+02 6.4650000000e+02 6.4600000000e+02 6.4550000000e+02
6.7659997559e+02 6.7609997559e+02 6.7559997559e+02 6.7500000000e+02 6.7440002441e+02 6.7379998779e+02 6.7320001221e+02 6.7250000000e+02 6.7200000000e+02 6.7120001221e+02 6.7040002441e+02 6.6970001221e+02 6.6909997559e+02 6.6850000000e+02 6.6790002441e+02 6.6720001221e+02 6.6659997559e+02 6.6600000000e+02 6.6529998779e+02 6.6470001221e+02 6.6409997559e+02 6.6340002441e+02 6.6259997559e+02 6.6190002441e+02 6.6120001221e+02 6.6050000000e+02 6.5979998779e+02 6.5900000000e+02 6.5809997559e+02 6.5700000000e+02 6.5600000000e+02 6.5520001221e+02 6.5440002441e+02 6.5350000000e+02 6.5229998779e+02 6.5140002441e+02 6.5050000000e+02 6.4970001221e+02 6.4909997559e+02 6.4829998779e+02 6.4770001221e+02 6.4700000000e+02 6.4629998779e+02 6.4570001221e+02 6.4509997559e+02 6.4450000000e+02
6.7600000000e+02 6.7550000000e+02 6.7490002441e+02 6.7440002441e+02 6.7370001221e+02 6.7300000000e+02 6.7240002441e+02 6.7179998779e+02 6.7120001221e+02 6.7050000000e+02 6.6979998779e+02 6.6920001221e+02 6.6850000000e+02 6.6790002441e+02 6.6729998779e+02 6.6679998779e+02 6.6620001221e+02 6.6559997559e+02 6.6490002441e+02 6.6420001221e+02 6.6359997559e+02 6.6300000000e+02 6.6220001221e+02 6.6140002441e+02 6.6070001221e+02 6.6009997559e+02 6.5959997559e+02 6.5890002441e+02 6.5800000000e+02 6.5709997559e+02 6.5609997559e+02 6.5520001221e+02 6.5440002441e+02 6.5340002441e+02 6.5209997559e+02 6.5109997559e+02 6.5020001221e+02 6.4929998779e+02 6.4850000000e+02 6.4770001221e+02 6.4709997559e+02 6.4629998779e+02 6.4559997559e+02 6.4490002441e+02 6.4420001221e+02 6.4359997559e+02
6.7550000000e+02 6.7490002441e+02 6.7440002441e+02 6.7379998779e+02 6.7309997559e+02 6.7240002441e+02 6.7170001221e+02 6.7109997559e+02 6.7050000000e+02 6.6979998779e+02 6.6920001221e+02 6.6850000000e+02 6.6790002441e+02 6.6729998779e+02 6.6679998779e+02 6.6629998779e+02 6.6570001221e+02 6.6500000000e+02 6.6440002441e+02 6.6370001221e+02 6.6309997559e+02 6.6250000000e+02 6.6179998779e+02 6.6079998779e+02 6.6000000000e+02 6.5950000000e+02 6.5909997559e+02 6.5850000000e+02 6.5779998779e+02 6.5700000000e+02 6.5620001221e+02 6.5520001221e+02 6.5429998779e+02 6.5320001221e+02 6.5200000000e+02 6.5090002441e+02 6.4990002441e+02 6.4909997559e+02 6.4820001221e+02 6.4729998779e+02 6.4650000000e+02 6.4570001221e+02 6.4490002441e+02 6.4409997559e+02 6.4340002441e+02 6.4279998779e+02
6.7490002441e+02 6.7429998779e+02 6.7390002441e+02 6.7329998779e+02 6.7259997559e+02 6.7179998779e+02 6.7120001221e+02 6.7050000000e+02 6.6979998779e+02 6.6920001221e+02 6.6859997559e+02 6.6790002441e+02 6.6720001221e+02 6.6670001221e+02 6.6609997559e+02 6.6570001221e+02 6.6509997559e+02 6.6450000000e+02 6.6379998779e+02 6.6329998779e+02 6.6259997559e+02 6.6209997559e+02 6.6129998779e+02 6.6020001221e+02 6.5940002441e+02 6.5890002441e+02 6.5850000000e+02 6.5800000000e+02 6.5740002441e+02 6.5670001221e+02 6.5590002441e+02 6.5500000000e+02 6.5409997559e+02 6.5309997559e+02 6.5190002441e+02 6.5079998779e+02 6.4979998779e+02 6.4879998779e+02 6.4790002441e+02 6.4700000000e+02 6.4609997559e+02 6.4520001221e+02 6.4440002441e+02 6.4359997559e+02 6.4290002441e+02 6.4209997559e+02
6.7429998779e+02 6.7379998779e+02 6.7320001221e+02 6.7259997559e+02 6.7190002441e+02 6.7120001221e+02 6.7059997559e+02 6.6990002441e+02 6.6929998779e+02 6.6870001221e+02 6.6809997559e+02 6.6740002441e+02 6.6670001221e+02 6.6600000000e+02 6.6550000000e+02 6.6500000000e+02 6.6450000000e+02 6.6390002441e+02 6.6329998779e+02 6.6270001221e+02 6.6209997559e+02 6.6150000000e+02 6.6070001221e+02 6.5959997559e+02 6.5890002441e+02 6.5840002441e+02 6.5779998779e+02 6.5729998779e+02 6.5679998779e+02 6.5609997559e+02 6.5540002441e+02 6.5459997559e+02 6.5370001221e+02 6.5270001221e+02 6.5159997559e+02 6.5050000000e+02 6.4959997559e+02 6.4859997559e+02 6.4759997559e+02 6.4670001221e+02 6.4579998779e+02 6.4490002441e+02 6.4409997559e+02 6.4329998779e+02 6.4250000000e+02 6.4170001221e+02
