DGM_1M_UPPER_AUSTRIA/7/20.asc
NCOLS 100
NROWS 100
XLLCORNER 6.0850500000e+04
YLLCORNER 2.9328850000e+05
CELLSIZE 1.0000000000e+00
NODATA_VALUE -9.9990000000e+03
[rows 40 to 59 of 100, columns 46 to 91 of 100]
1.0800999756e+03 1.0799000244e+03 1.0798000488e+03 1.0796999512e+03 1.0795000000e+03 1.0793000488e+03 1.0791999512e+03 1.0790000000e+03 1.0789000244e+03 1.0786999512e+03 1.0785999756e+03 1.0784000244e+03 1.0783000488e+03 1.0780999756e+03 1.0780000000e+03 1.0779000244e+03 1.0776999512e+03 1.0775999756e+03 1.0775000000e+03 1.0773000488e+03 1.0770999756e+03 1.0770000000e+03 1.0768000488e+03 1.0766999512e+03 1.0765999756e+03 1.0765000000e+03 1.0763000488e+03 1.0760999756e+03 1.0759000244e+03 1.0756999512e+03 1.0755999756e+03 1.0755000000e+03 1.0754000244e+03 1.0754000244e+03 1.0754000244e+03 1.0754000244e+03 1.0753000488e+03 1.0750000000e+03 1.0749000244e+03 1.0746999512e+03 1.0746999512e+03 1.0746999512e+03 1.0746999512e+03 1.0748000488e+03 1.0748000488e+03 1.0748000488e+03
1.0800999756e+03 1.0799000244e+03 1.0798000488e+03 1.0796999512e+03 1.0795000000e+03 1.0793000488e+03 1.0791999512e+03 1.0790000000e+03 1.0789000244e+03 1.0788000488e+03 1.0785999756e+03 1.0785000000e+03 1.0783000488e+03 1.0781999512e+03 1.0780999756e+03 1.0779000244e+03 1.0778000488e+03 1.0775999756e+03 1.0775000000e+03 1.0774000244e+03 1.0771999512e+03 1.0770999756e+03 1.0770000000e+03 1.0768000488e+03 1.0766999512e+03 1.0765999756e+03 1.0764000244e+03 1.0761999512e+03 1.0760000000e+03 1.0756999512e+03 1.0755999756e+03 1.0755000000e+03 1.0754000244e+03 1.0754000244e+03 1.0754000244e+03 1.0753000488e+03 1.0750999756e+03 1.0749000244e+03 1.0748000488e+03 1.0746999512e+03 1.0746999512e+03 1.0746999512e+03 1.0746999512e+03 1.0748000488e+03 1.0748000488e+03 1.0748000488e+03
1.0800000000e+03 1.0799000244e+03 1.0796999512e+03 1.0795999756e+03 1.0794000244e+03 1.0791999512e+03 1.0790999756e+03 1.0790000000e+03 1.0788000488e+03 1.0788000488e+03 1.0785999756e+03 1.0785000000e+03 1.0784000244e+03 1.0783000488e+03 1.0780999756e+03 1.0780000000e+03 1.0778000488e+03 1.0776999512e+03 1.0775999756e+03 1.0775000000e+03 1.0773000488e+03 1.0771999512e+03 1.0770000000e+03 1.0766999512e+03 1.0765999756e+03 1.0765000000e+03 1.0763000488e+03 1.0760999756e+03 1.0759000244e+03 1.0758000488e+03 1.0755999756e+03 1.0755000000e+03 1.0754000244e+03 1.0753000488e+03 1.0753000488e+03 1.0751999512e+03 1.0750000000e+03 1.0749000244e+03 1.0748000488e+03 1.0746999512e+03 1.0745999756e+03 1.0745999756e+03 1.0745999756e+03 1.0745999756e+03 1.0745999756e+03 1.0745999756e+03
1.0799000244e+03 1.0798000488e+03 1.0795999756e+03 1.0795000000e+03 1.0794000244e+03 1.0791999512e+03 1.0790000000e+03 1.0790000000e+03 1.0788000488e+03 1.0786999512e+03 1.0786999512e+03 1.0785999756e+03 1.0785000000e+03 1.0784000244e+03 1.0781999512e+03 1.0780000000e+03 1.0779000244e+03 1.0778000488e+03 1.0775999756e+03 1.0775000000e+03 1.0774000244e+03 1.0771999512e+03 1.0769000244e+03 1.0765999756e+03 1.0764000244e+03 1.0763000488e+03 1.0761999512e+03 1.0759000244e+03 1.0758000488e+03 1.0756999512e+03 1.0755999756e+03 1.0754000244e+03 1.0753000488e+03 1.0751999512e+03 1.0751999512e+03 1.0750999756e+03 1.0749000244e+03 1.0749000244e+03 1.0748000488e+03 1.0746999512e+03 1.0745999756e+03 1.0745000000e+03 1.0745000000e+03 1.0745000000e+03 1.0745000000e+03 1.0745000000e+03
1.0799000244e+03 1.0796999512e+03 1.0795999756e+03 1.0795000000e+03 1.0794000244e+03 1.0791999512e+03 1.0790999756e+03 1.0790000000e+03 1.0789000244e+03 1.0788000488e+03 1.0786999512e+03 1.0785999756e+03 1.0785000000e+03 1.0784000244e+03 1.0781999512e+03 1.0780999756e+03 1.0779000244e+03 1.0778000488e+03 1.0775000000e+03 1.0773000488e+03 1.0771999512e+03 1.0770000000e+03 1.0766999512e+03 1.0765000000e+03 1.0764000244e+03 1.0761999512e+03 1.0760000000e+03 1.0758000488e+03 1.0755999756e+03 1.0755000000e+03 1.0754000244e+03 1.0753000488e+03 1.0751999512e+03 1.0750999756e+03 1.0750999756e+03 1.0749000244e+03 1.0748000488e+03 1.0748000488e+03 1.0746999512e+03 1.0745999756e+03 1.0745000000e+03 1.0744000244e+03 1.0744000244e+03 1.0744000244e+03 1.0744000244e+03 1.0744000244e+03
1.0800000000e+03 1.0796999512e+03 1.0795999756e+03 1.0795000000e+03 1.0794000244e+03 1.0793000488e+03 1.0791999512e+03 1.0790999756e+03 1.0790000000e+03 1.0789000244e+03 1.0786999512e+03 1.0785999756e+03 1.0785000000e+03 1.0783000488e+03 1.0781999512e+03 1.0780000000e+03 1.0778000488e+03 1.0775999756e+03 1.0774000244e+03 1.0771999512e+03 1.0770000000e+03 1.0766999512e+03 1.0765000000e+03 1.0764000244e+03 1.0763000488e+03 1.0760999756e+03 1.0759000244e+03 1.0756999512e+03 1.0755000000e+03 1.0753000488e+03 1.0751999512e+03 1.0751999512e+03 1.0750999756e+03 1.0750000000e+03 1.0749000244e+03 1.0746999512e+03 1.0745999756e+03 1.0745999756e+03 1.0745000000e+03 1.0744000244e+03 1.0743000488e+03 1.0743000488e+03 1.0743000488e+03 1.0744000244e+03 1.0744000244e+03 1.0744000244e+03
1.0799000244e+03 1.0796999512e+03 1.0795999756e+03 1.0795000000e+03 1.0794000244e+03 1.0793000488e+03 1.0791999512e+03 1.0790999756e+03 1.0790000000e+03 1.0788000488e+03 1.0786999512e+03 1.0785000000e+03 1.0784000244e+03 1.0783000488e+03 1.0780999756e+03 1.0779000244e+03 1.0778000488e+03 1.0775000000e+03 1.0773000488e+03 1.0770000000e+03 1.0768000488e+03 1.0765999756e+03 1.0764000244e+03 1.0764000244e+03 1.0764000244e+03 1.0761999512e+03 1.0759000244e+03 1.0756999512e+03 1.0754000244e+03 1.0753000488e+03 1.0751999512e+03 1.0750999756e+03 1.0750999756e+03 1.0749000244e+03 1.0746999512e+03 1.0745000000e+03 1.0744000244e+03 1.0743000488e+03 1.0741999512e+03 1.0741999512e+03 1.0743000488e+03 1.0743000488e+03 1.0743000488e+03 1.0743000488e+03 1.0744000244e+03 1.0743000488e+03
1.0799000244e+03 1.0796999512e+03 1.0795999756e+03 1.0795000000e+03 1.0794000244e+03 1.0793000488e+03 1.0791999512e+03 1.0790999756e+03 1.0789000244e+03 1.0788000488e+03 1.0785999756e+03 1.0784000244e+03 1.0784000244e+03 1.0781999512e+03 1.0780000000e+03 1.0779000244e+03 1.0776999512e+03 1.0774000244e+03 1.0771999512e+03 1.0770000000e+03 1.0768000488e+03 1.0765000000e+03 1.0763000488e+03 1.0763000488e+03 1.0763000488e+03 1.0760999756e+03 1.0758000488e+03 1.0755000000e+03 1.0754000244e+03 1.0751999512e+03 1.0750999756e+03 1.0750999756e+03 1.0750000000e+03 1.0748000488e+03 1.0745999756e+03 1.0743000488e+03 1.0741999512e+03 1.0740999756e+03 1.0740000000e+03 1.0740000000e+03 1.0741999512e+03 1.0741999512e+03 1.0743000488e+03 1.0743000488e+03 1.0743000488e+03 1.0741999512e+03
1.0799000244e+03 1.0796999512e+03 1.0795999756e+03 1.0795000000e+03 1.0794000244e+03 1.0793000488e+03 1.0791999512e+03 1.0790000000e+03 1.0788000488e+03 1.0786999512e+03 1.0785999756e+03 1.0785000000e+03 1.0784000244e+03 1.0781999512e+03 1.0780000000e+03 1.0779000244e+03 1.0776999512e+03 1.0773000488e+03 1.0770999756e+03 1.0770000000e+03 1.0768000488e+03 1.0765000000e+03 1.0763000488e+03 1.0761999512e+03 1.0761999512e+03 1.0760000000e+03 1.0756999512e+03 1.0755000000e+03 1.0753000488e+03 1.0750999756e+03 1.0750000000e+03 1.0749000244e+03 1.0748000488e+03 1.0745999756e+03 1.0745000000e+03 1.0743000488e+03 1.0740999756e+03 1.0740000000e+03 1.0739000244e+03 1.0739000244e+03 1.0740000000e+03 1.0740999756e+03 1.0741999512e+03 1.0743000488e+03 1.0741999512e+03 1.0740000000e+03
1.0800000000e+03 1.0798000488e+03 1.0795999756e+03 1.0795000000e+03 1.0794000244e+03 1.0793000488e+03 1.0791999512e+03 1.0790000000e+03 1.0788000488e+03 1.0785999756e+03 1.0785000000e+03 1.0784000244e+03 1.0783000488e+03 1.0780999756e+03 1.0780000000e+03 1.0779000244e+03 1.0776999512e+03 1.0773000488e+03 1.0770999756e+03 1.0769000244e+03 1.0768000488e+03 1.0765000000e+03 1.0763000488e+03 1.0761999512e+03 1.0760999756e+03 1.0759000244e+03 1.0755999756e+03 1.0753000488e+03 1.0750999756e+03 1.0750000000e+03 1.0749000244e+03 1.0746999512e+03 1.0745999756e+03 1.0745000000e+03 1.0744000244e+03 1.0741999512e+03 1.0740000000e+03 1.0738000488e+03 1.0736999512e+03 1.0736999512e+03 1.0738000488e+03 1.0738000488e+03 1.0739000244e+03 1.0739000244e+03 1.0739000244e+03 1.0736999512e+03
1.0800000000e+03 1.0798000488e+03 1.0795999756e+03 1.0795000000e+03 1.0794000244e+03 1.0793000488e+03 1.0790999756e+03 1.0789000244e+03 1.0786999512e+03 1.0785999756e+03 1.0784000244e+03 1.0783000488e+03 1.0781999512e+03 1.0780000000e+03 1.0778000488e+03 1.0778000488e+03 1.0775999756e+03 1.0773000488e+03 1.0770999756e+03 1.0769000244e+03 1.0768000488e+03 1.0765999756e+03 1.0764000244e+03 1.0761999512e+03 1.0760000000e+03 1.0758000488e+03 1.0755000000e+03 1.0753000488e+03 1.0750000000e+03 1.0749000244e+03 1.0748000488e+03 1.0745999756e+03 1.0745000000e+03 1.0744000244e+03 1.0741999512e+03 1.0740999756e+03 1.0739000244e+03 1.0736999512e+03 1.0735999756e+03 1.0735000000e+03 1.0735000000e+03 1.0735000000e+03 1.0735000000e+03 1.0734000244e+03 1.0734000244e+03 1.0734000244e+03
1.0799000244e+03 1.0796999512e+03 1.0795999756e+03 1.0794000244e+03 1.0794000244e+03 1.0793000488e+03 1.0790999756e+03 1.0789000244e+03 1.0786999512e+03 1.0785999756e+03 1.0784000244e+03 1.0783000488e+03 1.0780999756e+03 1.0780000000e+03 1.0778000488e+03 1.0775999756e+03 1.0775000000e+03 1.0773000488e+03 1.0770999756e+03 1.0769000244e+03 1.0766999512e+03 1.0765999756e+03 1.0764000244e+03 1.0760999756e+03 1.0759000244e+03 1.0756999512e+03 1.0754000244e+03 1.0751999512e+03 1.0750000000e+03 1.0749000244e+03 1.0746999512e+03 1.0745999756e+03 1.0744000244e+03 1.0741999512e+03 1.0740999756e+03 1.0739000244e+03 1.0736999512e+03 1.0735999756e+03 1.0735000000e+03 1.0734000244e+03 1.0733000488e+03 1.0731999512e+03 1.0730999756e+03 1.0730000000e+03 1.0730000000e+03 1.0730000000e+03
1.0799000244e+03 1.0796999512e+03 1.0795000000e+03 1.0794000244e+03 1.0793000488e+03 1.0791999512e+03 1.0790999756e+03 1.0789000244e+03 1.0788000488e+03 1.0785999756e+03 1.0784000244e+03 1.0783000488e+03 1.0780999756e+03 1.0780000000e+03 1.0780000000e+03 1.0778000488e+03 1.0775000000e+03 1.0773000488e+03 1.0771999512e+03 1.0770000000e+03 1.0766999512e+03 1.0765000000e+03 1.0763000488e+03 1.0760999756e+03 1.0758000488e+03 1.0755999756e+03 1.0753000488e+03 1.0751999512e+03 1.0750000000e+03 1.0749000244e+03 1.0746999512e+03 1.0744000244e+03 1.0741999512e+03 1.0740999756e+03 1.0740000000e+03 1.0738000488e+03 1.0736999512e+03 1.0735000000e+03 1.0734000244e+03 1.0733000488e+03 1.0731999512e+03 1.0730000000e+03 1.0729000244e+03 1.0728000488e+03 1.0726999512e+03 1.0726999512e+03
1.0800000000e+03 1.0796999512e+03 1.0795000000e+03 1.0794000244e+03 1.0793000488e+03 1.0791999512e+03 1.0790999756e+03 1.0789000244e+03 1.0788000488e+03 1.0785999756e+03 1.0784000244e+03 1.0783000488e+03 1.0781999512e+03 1.0780999756e+03 1.0780000000e+03 1.0778000488e+03 1.0775999756e+03 1.0774000244e+03 1.0771999512e+03 1.0770000000e+03 1.0766999512e+03 1.0764000244e+03 1.0761999512e+03 1.0760000000e+03 1.0758000488e+03 1.0755000000e+03 1.0753000488e+03 1.0750999756e+03 1.0750000000e+03 1.0748000488e+03 1.0745999756e+03 1.0743000488e+03 1.0741999512e+03 1.0740000000e+03 1.0738000488e+03 1.0736999512e+03 1.0735999756e+03 1.0735000000e+03 1.0734000244e+03 1.0733000488e+03 1.0730999756e+03 1.0729000244e+03 1.0726999512e+03 1.0725999756e+03 1.0725000000e+03 1.0725000000e+03
1.0800000000e+03 1.0798000488e+03 1.0795999756e+03 1.0795000000e+03 1.0794000244e+03 1.0791999512e+03 1.0790000000e+03 1.0789000244e+03 1.0788000488e+03 1.0785999756e+03 1.0784000244e+03 1.0781999512e+03 1.0780999756e+03 1.0780000000e+03 1.0779000244e+03 1.0776999512e+03 1.0775999756e+03 1.0773000488e+03 1.0770999756e+03 1.0769000244e+03 1.0765999756e+03 1.0763000488e+03 1.0761999512e+03 1.0759000244e+03 1.0756999512e+03 1.0754000244e+03 1.0753000488e+03 1.0750999756e+03 1.0749000244e+03 1.0746999512e+03 1.0745000000e+03 1.0743000488e+03 1.0740999756e+03 1.0739000244e+03 1.0738000488e+03 1.0735999756e+03 1.0735000000e+03 1.0734000244e+03 1.0733000488e+03 1.0731999512e+03 1.0729000244e+03 1.0726999512e+03 1.0725999756e+03 1.0724000244e+03 1.0723000488e+03 1.0721999512e+03
1.0800000000e+03 1.0798000488e+03 1.0796999512e+03 1.0795999756e+03 1.0794000244e+03 1.0790999756e+03 1.0789000244e+03 1.0788000488e+03 1.0786999512e+03 1.0785000000e+03 1.0784000244e+03 1.0781999512e+03 1.0780999756e+03 1.0779000244e+03 1.0776999512e+03 1.0775999756e+03 1.0774000244e+03 1.0771999512e+03 1.0770000000e+03 1.0766999512e+03 1.0765000000e+03 1.0763000488e+03 1.0760999756e+03 1.0758000488e+03 1.0755999756e+03 1.0754000244e+03 1.0753000488e+03 1.0750999756e+03 1.0749000244e+03 1.0745999756e+03 1.0744000244e+03 1.0741999512e+03 1.0740000000e+03 1.0738000488e+03 1.0736999512e+03 1.0735000000e+03 1.0734000244e+03 1.0731999512e+03 1.0730000000e+03 1.0729000244e+03 1.0726999512e+03 1.0725000000e+03 1.0724000244e+03 1.0723000488e+03 1.0720999756e+03 1.0720000000e+03
1.0800000000e+03 1.0796999512e+03 1.0795999756e+03 1.0795999756e+03 1.0794000244e+03 1.0790999756e+03 1.0790000000e+03 1.0788000488e+03 1.0786999512e+03 1.0785000000e+03 1.0783000488e+03 1.0781999512e+03 1.0780999756e+03 1.0779000244e+03 1.0776999512e+03 1.0775000000e+03 1.0773000488e+03 1.0770999756e+03 1.0768000488e+03 1.0765999756e+03 1.0764000244e+03 1.0761999512e+03 1.0760000000e+03 1.0758000488e+03 1.0755000000e+03 1.0754000244e+03 1.0753000488e+03 1.0750999756e+03 1.0749000244e+03 1.0745999756e+03 1.0744000244e+03 1.0741999512e+03 1.0740000000e+03 1.0738000488e+03 1.0735999756e+03 1.0734000244e+03 1.0733000488e+03 1.0730999756e+03 1.0729000244e+03 1.0726999512e+03 1.0725000000e+03 1.0723000488e+03 1.0721999512e+03 1.0720000000e+03 1.0719000244e+03 1.0718000488e+03
1.0799000244e+03 1.0796999512e+03 1.0795999756e+03 1.0795000000e+03 1.0793000488e+03 1.0791999512e+03 1.0790000000e+03 1.0788000488e+03 1.0785999756e+03 1.0785000000e+03 1.0783000488e+03 1.0781999512e+03 1.0780999756e+03 1.0779000244e+03 1.0776999512e+03 1.0775000000e+03 1.0771999512e+03 1.0770000000e+03 1.0768000488e+03 1.0765000000e+03 1.0763000488e+03 1.0760999756e+03 1.0759000244e+03 1.0756999512e+03 1.0755000000e+03 1.0753000488e+03 1.0751999512e+03 1.0750000000e+03 1.0748000488e+03 1.0745999756e+03 1.0744000244e+03 1.0741999512e+03 1.0740000000e+03 1.0738000488e+03 1.0735999756e+03 1.0734000244e+03 1.0733000488e+03 1.0730999756e+03 1.0729000244e+03 1.0725999756e+03 1.0724000244e+03 1.0720999756e+03 1.0719000244e+03 1.0718000488e+03 1.0716999512e+03 1.0715000000e+03
1.0799000244e+03 1.0796999512e+03 1.0795000000e+03 1.0793000488e+03 1.0791999512e+03 1.0791999512e+03 1.0790000000e+03 1.0788000488e+03 1.0785999756e+03 1.0784000244e+03 1.0781999512e+03 1.0781999512e+03 1.0780999756e+03 1.0779000244e+03 1.0776999512e+03 1.0775000000e+03 1.0771999512e+03 1.0770000000e+03 1.0766999512e+03 1.0765000000e+03 1.0761999512e+03 1.0760000000e+03 1.0758000488e+03 1.0755999756e+03 1.0754000244e+03 1.0753000488e+03 1.0750999756e+03 1.0750000000e+03 1.0749000244e+03 1.0745999756e+03 1.0744000244e+03 1.0741999512e+03 1.0740000000e+03 1.0738000488e+03 1.0735999756e+03 1.0734000244e+03 1.0731999512e+03 1.0730000000e+03 1.0728000488e+03 1.0725999756e+03 1.0723000488e+03 1.0720000000e+03 1.0716999512e+03 1.0715000000e+03 1.0714000244e+03 1.0714000244e+03
1.0798000488e+03 1.0795999756e+03 1.0795000000e+03 1.0793000488e+03 1.0791999512e+03 1.0790999756e+03 1.0790000000e+03 1.0788000488e+03 1.0785000000e+03 1.0783000488e+03 1.0781999512e+03 1.0780999756e+03 1.0780999756e+03 1.0779000244e+03 1.0776999512e+03 1.0775000000e+03 1.0773000488e+03 1.0770000000e+03 1.0768000488e+03 1.0765000000e+03 1.0761999512e+03 1.0760000000e+03 1.0759000244e+03 1.0755999756e+03 1.0754000244e+03 1.0751999512e+03 1.0750999756e+03 1.0750000000e+03 1.0749000244e+03 1.0745999756e+03 1.0744000244e+03 1.0741999512e+03 1.0740999756e+03 1.0739000244e+03 1.0735999756e+03 1.0733000488e+03 1.0730999756e+03 1.0729000244e+03 1.0726999512e+03 1.0725000000e+03 1.0720999756e+03 1.0718000488e+03 1.0715000000e+03 1.0713000488e+03 1.0711999512e+03 1.0710999756e+03
