DGM_1M_UPPER_AUSTRIA/7/22.asc
NCOLS 100
NROWS 100
XLLCORNER 6.0850500000e+04
YLLCORNER 2.9308850000e+05
CELLSIZE 1.0000000000e+00
NODATA_VALUE -9.9990000000e+03
[rows 0 to 19 of 100, columns 0 to 45 of 100]
1.0070000000e+03 1.0070999756e+03 1.0072999878e+03 1.0075000000e+03 1.0077999878e+03 1.0080000000e+03 1.0082000122e+03 1.0084000244e+03 1.0085999756e+03 1.0089000244e+03 1.0090999756e+03 1.0092999878e+03 1.0095000000e+03 1.0097000122e+03 1.0099000244e+03 1.0102000122e+03 1.0105000000e+03 1.0107000122e+03 1.0110999756e+03 1.0115000000e+03 1.0119000244e+03 1.0122000122e+03 1.0125000000e+03 1.0125999756e+03 1.0127999878e+03 1.0129000244e+03 1.0130999756e+03 1.0132999878e+03 1.0135999756e+03 1.0139000244e+03 1.0142000122e+03 1.0145000000e+03 1.0147999878e+03 1.0150999756e+03 1.0152000122e+03 1.0154000244e+03 1.0155999756e+03 1.0157999878e+03 1.0160999756e+03 1.0162000122e+03 1.0162999878e+03 1.0165000000e+03 1.0167000122e+03 1.0169000244e+03 1.0170999756e+03 1.0172999878e+03
1.0062999878e+03 1.0065000000e+03 1.0065999756e+03 1.0069000244e+03 1.0070999756e+03 1.0074000244e+03 1.0075999756e+03 1.0079000244e+03 1.0080000000e+03 1.0082999878e+03 1.0085000000e+03 1.0087000122e+03 1.0089000244e+03 1.0090999756e+03 1.0092999878e+03 1.0095999756e+03 1.0099000244e+03 1.0102000122e+03 1.0105999756e+03 1.0110000000e+03 1.0112999878e+03 1.0115999756e+03 1.0117999878e+03 1.0120000000e+03 1.0122000122e+03 1.0124000244e+03 1.0125000000e+03 1.0127000122e+03 1.0130000000e+03 1.0132999878e+03 1.0135999756e+03 1.0139000244e+03 1.0142000122e+03 1.0144000244e+03 1.0147000122e+03 1.0147999878e+03 1.0150000000e+03 1.0152000122e+03 1.0155000000e+03 1.0157000122e+03 1.0157999878e+03 1.0159000244e+03 1.0160999756e+03 1.0164000244e+03 1.0165999756e+03 1.0167000122e+03
1.0057000122e+03 1.0059000244e+03 1.0060999756e+03 1.0062999878e+03 1.0065000000e+03 1.0067999878e+03 1.0070000000e+03 1.0072000122e+03 1.0075000000e+03 1.0077000122e+03 1.0079000244e+03 1.0080999756e+03 1.0082999878e+03 1.0085000000e+03 1.0087000122e+03 1.0090000000e+03 1.0092999878e+03 1.0095999756e+03 1.0100000000e+03 1.0104000244e+03 1.0107000122e+03 1.0110000000e+03 1.0112000122e+03 1.0114000244e+03 1.0115000000e+03 1.0117000122e+03 1.0119000244e+03 1.0120999756e+03 1.0122999878e+03 1.0125999756e+03 1.0130000000e+03 1.0132999878e+03 1.0135000000e+03 1.0137999878e+03 1.0140000000e+03 1.0142999878e+03 1.0145000000e+03 1.0145999756e+03 1.0149000244e+03 1.0152000122e+03 1.0152999878e+03 1.0154000244e+03 1.0155999756e+03 1.0157999878e+03 1.0159000244e+03 1.0160000000e+03
1.0052000122e+03 1.0054000244e+03 1.0055999756e+03 1.0057000122e+03 1.0059000244e+03 1.0062000122e+03 1.0064000244e+03 1.0065999756e+03 1.0067999878e+03 1.0070999756e+03 1.0072999878e+03 1.0075000000e+03 1.0077000122e+03 1.0079000244e+03 1.0080999756e+03 1.0084000244e+03 1.0087000122e+03 1.0090000000e+03 1.0092999878e+03 1.0097999878e+03 1.0100999756e+03 1.0104000244e+03 1.0105999756e+03 1.0107999878e+03 1.0110000000e+03 1.0110999756e+03 1.0112999878e+03 1.0115000000e+03 1.0117999878e+03 1.0120000000e+03 1.0124000244e+03 1.0127000122e+03 1.0130000000e+03 1.0132000122e+03 1.0134000244e+03 1.0137000122e+03 1.0140000000e+03 1.0142000122e+03 1.0145000000e+03 1.0145999756e+03 1.0147000122e+03 1.0147999878e+03 1.0150000000e+03 1.0150999756e+03 1.0152000122e+03 1.0152999878e+03
1.0045999756e+03 1.0049000244e+03 1.0050999756e+03 1.0052000122e+03 1.0054000244e+03 1.0055999756e+03 1.0057999878e+03 1.0060000000e+03 1.0062000122e+03 1.0064000244e+03 1.0067000122e+03 1.0069000244e+03 1.0070999756e+03 1.0072999878e+03 1.0075999756e+03 1.0077999878e+03 1.0080999756e+03 1.0084000244e+03 1.0087000122e+03 1.0090999756e+03 1.0094000244e+03 1.0097999878e+03 1.0100000000e+03 1.0102000122e+03 1.0104000244e+03 1.0105000000e+03 1.0107000122e+03 1.0109000244e+03 1.0112000122e+03 1.0115000000e+03 1.0117999878e+03 1.0120999756e+03 1.0124000244e+03 1.0125999756e+03 1.0129000244e+03 1.0130999756e+03 1.0134000244e+03 1.0137000122e+03 1.0139000244e+03 1.0140000000e+03 1.0140999756e+03 1.0142999878e+03 1.0144000244e+03 1.0145000000e+03 1.0145999756e+03 1.0147000122e+03
1.0040999756e+03 1.0042999878e+03 1.0045999756e+03 1.0047000122e+03 1.0049000244e+03 1.0050000000e+03 1.0050999756e+03 1.0054000244e+03 1.0055000000e+03 1.0057999878e+03 1.0060999756e+03 1.0064000244e+03 1.0065999756e+03 1.0067999878e+03 1.0070000000e+03 1.0072999878e+03 1.0075000000e+03 1.0079000244e+03 1.0080999756e+03 1.0084000244e+03 1.0087000122e+03 1.0089000244e+03 1.0092000122e+03 1.0094000244e+03 1.0095999756e+03 1.0099000244e+03 1.0100999756e+03 1.0104000244e+03 1.0105999756e+03 1.0109000244e+03 1.0112000122e+03 1.0115999756e+03 1.0119000244e+03 1.0120999756e+03 1.0124000244e+03 1.0125999756e+03 1.0129000244e+03 1.0130999756e+03 1.0132999878e+03 1.0134000244e+03 1.0135999756e+03 1.0137000122e+03 1.0137999878e+03 1.0139000244e+03 1.0140000000e+03 1.0140999756e+03
1.0034000244e+03 1.0037000122e+03 1.0039000244e+03 1.0042000122e+03 1.0042999878e+03 1.0042999878e+03 1.0044000244e+03 1.0047000122e+03 1.0049000244e+03 1.0050999756e+03 1.0054000244e+03 1.0057000122e+03 1.0060000000e+03 1.0062000122e+03 1.0065000000e+03 1.0067000122e+03 1.0070000000e+03 1.0072999878e+03 1.0075999756e+03 1.0077999878e+03 1.0080000000e+03 1.0082000122e+03 1.0085000000e+03 1.0087000122e+03 1.0090000000e+03 1.0092000122e+03 1.0095000000e+03 1.0097999878e+03 1.0100999756e+03 1.0104000244e+03 1.0107000122e+03 1.0110000000e+03 1.0114000244e+03 1.0117000122e+03 1.0119000244e+03 1.0120000000e+03 1.0122999878e+03 1.0125000000e+03 1.0125999756e+03 1.0127999878e+03 1.0130000000e+03 1.0130999756e+03 1.0132999878e+03 1.0134000244e+03 1.0134000244e+03 1.0135000000e+03
1.0027000122e+03 1.0030000000e+03 1.0032000122e+03 1.0034000244e+03 1.0035999756e+03 1.0037000122e+03 1.0037999878e+03 1.0040999756e+03 1.0042999878e+03 1.0045000000e+03 1.0047999878e+03 1.0050000000e+03 1.0052999878e+03 1.0055999756e+03 1.0057999878e+03 1.0060999756e+03 1.0062999878e+03 1.0067000122e+03 1.0069000244e+03 1.0072000122e+03 1.0074000244e+03 1.0075999756e+03 1.0077999878e+03 1.0080999756e+03 1.0082999878e+03 1.0085999756e+03 1.0087999878e+03 1.0090999756e+03 1.0094000244e+03 1.0097999878e+03 1.0100999756e+03 1.0104000244e+03 1.0107999878e+03 1.0110999756e+03 1.0114000244e+03 1.0115000000e+03 1.0115999756e+03 1.0117999878e+03 1.0120000000e+03 1.0122000122e+03 1.0122999878e+03 1.0125000000e+03 1.0125999756e+03 1.0127000122e+03 1.0127999878e+03 1.0129000244e+03
1.0019000244e+03 1.0022000122e+03 1.0025000000e+03 1.0027000122e+03 1.0029000244e+03 1.0032000122e+03 1.0034000244e+03 1.0035000000e+03 1.0037000122e+03 1.0039000244e+03 1.0040000000e+03 1.0042999878e+03 1.0047000122e+03 1.0049000244e+03 1.0050999756e+03 1.0052999878e+03 1.0055999756e+03 1.0059000244e+03 1.0062000122e+03 1.0065000000e+03 1.0067000122e+03 1.0070000000e+03 1.0072000122e+03 1.0074000244e+03 1.0077000122e+03 1.0079000244e+03 1.0082000122e+03 1.0084000244e+03 1.0087999878e+03 1.0090999756e+03 1.0094000244e+03 1.0097999878e+03 1.0100999756e+03 1.0104000244e+03 1.0107000122e+03 1.0109000244e+03 1.0110000000e+03 1.0112000122e+03 1.0114000244e+03 1.0115999756e+03 1.0117000122e+03 1.0117999878e+03 1.0120000000e+03 1.0120999756e+03 1.0120999756e+03 1.0122999878e+03
1.0010999756e+03 1.0012999878e+03 1.0017000122e+03 1.0019000244e+03 1.0022000122e+03 1.0025000000e+03 1.0027999878e+03 1.0029000244e+03 1.0030000000e+03 1.0032000122e+03 1.0034000244e+03 1.0035999756e+03 1.0039000244e+03 1.0042000122e+03 1.0045000000e+03 1.0047000122e+03 1.0050000000e+03 1.0052999878e+03 1.0055000000e+03 1.0059000244e+03 1.0060999756e+03 1.0064000244e+03 1.0065000000e+03 1.0067999878e+03 1.0070000000e+03 1.0072999878e+03 1.0075000000e+03 1.0079000244e+03 1.0082000122e+03 1.0085000000e+03 1.0087999878e+03 1.0092000122e+03 1.0095000000e+03 1.0097999878e+03 1.0100000000e+03 1.0102999878e+03 1.0105000000e+03 1.0105999756e+03 1.0109000244e+03 1.0110000000e+03 1.0110999756e+03 1.0112000122e+03 1.0112999878e+03 1.0115000000e+03 1.0115999756e+03 1.0117000122e+03
1.0002999878e+03 1.0005999756e+03 1.0009000244e+03 1.0012000122e+03 1.0015000000e+03 1.0017999878e+03 1.0020000000e+03 1.0022000122e+03 1.0022999878e+03 1.0025000000e+03 1.0027000122e+03 1.0029000244e+03 1.0032000122e+03 1.0035000000e+03 1.0039000244e+03 1.0040999756e+03 1.0044000244e+03 1.0045999756e+03 1.0049000244e+03 1.0052000122e+03 1.0055000000e+03 1.0057000122e+03 1.0059000244e+03 1.0060999756e+03 1.0062999878e+03 1.0065999756e+03 1.0069000244e+03 1.0072999878e+03 1.0075999756e+03 1.0079000244e+03 1.0082000122e+03 1.0085999756e+03 1.0090000000e+03 1.0092000122e+03 1.0094000244e+03 1.0095999756e+03 1.0097999878e+03 1.0100000000e+03 1.0102000122e+03 1.0104000244e+03 1.0105000000e+03 1.0107000122e+03 1.0107999878e+03 1.0109000244e+03 1.0110000000e+03 1.0112000122e+03
9.9970001221e+02 1.0000000000e+03 1.0002999878e+03 1.0005999756e+03 1.0009000244e+03 1.0010999756e+03 1.0014000244e+03 1.0015000000e+03 1.0017000122e+03 1.0019000244e+03 1.0020999756e+03 1.0022999878e+03 1.0025000000e+03 1.0029000244e+03 1.0032000122e+03 1.0035999756e+03 1.0039000244e+03 1.0040999756e+03 1.0042999878e+03 1.0045000000e+03 1.0047999878e+03 1.0050000000e+03 1.0052000122e+03 1.0054000244e+03 1.0057000122e+03 1.0060000000e+03 1.0064000244e+03 1.0067000122e+03 1.0070000000e+03 1.0072999878e+03 1.0075999756e+03 1.0080999756e+03 1.0084000244e+03 1.0085999756e+03 1.0087999878e+03 1.0090000000e+03 1.0092999878e+03 1.0094000244e+03 1.0095999756e+03 1.0097999878e+03 1.0100000000e+03 1.0100999756e+03 1.0102000122e+03 1.0102999878e+03 1.0105000000e+03 1.0107000122e+03
9.9909997559e+02 9.9940002441e+02 9.9970001221e+02 1.0000000000e+03 1.0002999878e+03 1.0005000000e+03 1.0007000122e+03 1.0009000244e+03 1.0010000000e+03 1.0012999878e+03 1.0015000000e+03 1.0017000122e+03 1.0019000244e+03 1.0020999756e+03 1.0024000244e+03 1.0027999878e+03 1.0032000122e+03 1.0035000000e+03 1.0037000122e+03 1.0037999878e+03 1.0040999756e+03 1.0042999878e+03 1.0045999756e+03 1.0049000244e+03 1.0052000122e+03 1.0055000000e+03 1.0057999878e+03 1.0060999756e+03 1.0065000000e+03 1.0067000122e+03 1.0070000000e+03 1.0072999878e+03 1.0077000122e+03 1.0079000244e+03 1.0082000122e+03 1.0084000244e+03 1.0087000122e+03 1.0087999878e+03 1.0089000244e+03 1.0092000122e+03 1.0094000244e+03 1.0095000000e+03 1.0097000122e+03 1.0097999878e+03 1.0099000244e+03 1.0100000000e+03
9.9859997559e+02 9.9879998779e+02 9.9900000000e+02 9.9929998779e+02 9.9959997559e+02 9.9990002441e+02 1.0000999756e+03 1.0002999878e+03 1.0004000244e+03 1.0005999756e+03 1.0007999878e+03 1.0010000000e+03 1.0012999878e+03 1.0015000000e+03 1.0017999878e+03 1.0022000122e+03 1.0025999756e+03 1.0029000244e+03 1.0030000000e+03 1.0030999756e+03 1.0032999878e+03 1.0035999756e+03 1.0039000244e+03 1.0042999878e+03 1.0045999756e+03 1.0049000244e+03 1.0052000122e+03 1.0055999756e+03 1.0059000244e+03 1.0062000122e+03 1.0065000000e+03 1.0067000122e+03 1.0070000000e+03 1.0072999878e+03 1.0075000000e+03 1.0077999878e+03 1.0080000000e+03 1.0080999756e+03 1.0082000122e+03 1.0084000244e+03 1.0087000122e+03 1.0089000244e+03 1.0090999756e+03 1.0092000122e+03 1.0092999878e+03 1.0095000000e+03
9.9800000000e+02 9.9820001221e+02 9.9840002441e+02 9.9859997559e+02 9.9890002441e+02 9.9920001221e+02 9.9940002441e+02 9.9959997559e+02 9.9970001221e+02 9.9990002441e+02 1.0000999756e+03 1.0004000244e+03 1.0005999756e+03 1.0009000244e+03 1.0012999878e+03 1.0015000000e+03 1.0019000244e+03 1.0020999756e+03 1.0022999878e+03 1.0025000000e+03 1.0025999756e+03 1.0029000244e+03 1.0032000122e+03 1.0035999756e+03 1.0040000000e+03 1.0044000244e+03 1.0047000122e+03 1.0050999756e+03 1.0054000244e+03 1.0055999756e+03 1.0059000244e+03 1.0060999756e+03 1.0064000244e+03 1.0065999756e+03 1.0067999878e+03 1.0070000000e+03 1.0072000122e+03 1.0074000244e+03 1.0075999756e+03 1.0077999878e+03 1.0080999756e+03 1.0082999878e+03 1.0084000244e+03 1.0085000000e+03 1.0087000122e+03 1.0089000244e+03
9.9740002441e+02 9.9759997559e+02 9.9779998779e+02 9.9800000000e+02 9.9820001221e+02 9.9840002441e+02 9.9870001221e+02 9.9890002441e+02 9.9900000000e+02 9.9920001221e+02 9.9940002441e+02 9.9959997559e+02 9.9990002441e+02 1.0002999878e+03 1.0005999756e+03 1.0009000244e+03 1.0010999756e+03 1.0014000244e+03 1.0015999756e+03 1.0017999878e+03 1.0020000000e+03 1.0022999878e+03 1.0027000122e+03 1.0030999756e+03 1.0035000000e+03 1.0039000244e+03 1.0042999878e+03 1.0045999756e+03 1.0049000244e+03 1.0052000122e+03 1.0054000244e+03 1.0055999756e+03 1.0057999878e+03 1.0060000000e+03 1.0060999756e+03 1.0064000244e+03 1.0065999756e+03 1.0067999878e+03 1.0070000000e+03 1.0072000122e+03 1.0074000244e+03 1.0075000000e+03 1.0077000122e+03 1.0079000244e+03 1.0080000000e+03 1.0082999878e+03
9.9679998779e+02 9.9700000000e+02 9.9720001221e+02 9.9740002441e+02 9.9750000000e+02 9.9770001221e+02 9.9790002441e+02 9.9809997559e+02 9.9840002441e+02 9.9850000000e+02 9.9870001221e+02 9.9890002441e+02 9.9920001221e+02 9.9959997559e+02 9.9990002441e+02 1.0002000122e+03 1.0005000000e+03 1.0007999878e+03 1.0010000000e+03 1.0012000122e+03 1.0015000000e+03 1.0017999878e+03 1.0022000122e+03 1.0025999756e+03 1.0030999756e+03 1.0035000000e+03 1.0037999878e+03 1.0042000122e+03 1.0045000000e+03 1.0047000122e+03 1.0049000244e+03 1.0050999756e+03 1.0052000122e+03 1.0054000244e+03 1.0055999756e+03 1.0057999878e+03 1.0060000000e+03 1.0062000122e+03 1.0064000244e+03 1.0065999756e+03 1.0067999878e+03 1.0069000244e+03 1.0070000000e+03 1.0072000122e+03 1.0074000244e+03 1.0075999756e+03
9.9609997559e+02 9.9629998779e+02 9.9659997559e+02 9.9679998779e+02 9.9690002441e+02 9.9700000000e+02 9.9720001221e+02 9.9740002441e+02 9.9759997559e+02 9.9790002441e+02 9.9809997559e+02 9.9829998779e+02 9.9859997559e+02 9.9890002441e+02 9.9929998779e+02 9.9959997559e+02 9.9990002441e+02 1.0002000122e+03 1.0005000000e+03 1.0007000122e+03 1.0010000000e+03 1.0014000244e+03 1.0017999878e+03 1.0022999878e+03 1.0027000122e+03 1.0030000000e+03 1.0034000244e+03 1.0037000122e+03 1.0040000000e+03 1.0042000122e+03 1.0044000244e+03 1.0045999756e+03 1.0047999878e+03 1.0049000244e+03 1.0050999756e+03 1.0052000122e+03 1.0054000244e+03 1.0055999756e+03 1.0057999878e+03 1.0060000000e+03 1.0062000122e+03 1.0064000244e+03 1.0065000000e+03 1.0065999756e+03 1.0067999878e+03 1.0070000000e+03
9.9540002441e+02 9.9570001221e+02 9.9600000000e+02 9.9620001221e+02 9.9620001221e+02 9.9629998779e+02 9.9650000000e+02 9.9670001221e+02 9.9700000000e+02 9.9729998779e+02 9.9750000000e+02 9.9770001221e+02 9.9800000000e+02 9.9820001221e+02 9.9859997559e+02 9.9890002441e+02 9.9920001221e+02 9.9950000000e+02 9.9990002441e+02 1.0002000122e+03 1.0005999756e+03 1.0009000244e+03 1.0012999878e+03 1.0017999878e+03 1.0022000122e+03 1.0025000000e+03 1.0027999878e+03 1.0030999756e+03 1.0034000244e+03 1.0037000122e+03 1.0039000244e+03 1.0040999756e+03 1.0042999878e+03 1.0045000000e+03 1.0045999756e+03 1.0047000122e+03 1.0049000244e+03 1.0050999756e+03 1.0052999878e+03 1.0055999756e+03 1.0057000122e+03 1.0059000244e+03 1.0060999756e+03 1.0062000122e+03 1.0062999878e+03 1.0065000000e+03
9.9470001221e+02 9.9500000000e+02 9.9529998779e+02 9.9550000000e+02 9.9559997559e+02 9.9570001221e+02 9.9590002441e+02 9.9609997559e+02 9.9629998779e+02 9.9659997559e+02 9.9690002441e+02 9.9709997559e+02 9.9740002441e+02 9.9770001221e+02 9.9800000000e+02 9.9820001221e+02 9.9850000000e+02 9.9890002441e+02 9.9920001221e+02 9.9959997559e+02 1.0000999756e+03 1.0005000000e+03 1.0009000244e+03 1.0012999878e+03 1.0015999756e+03 1.0020000000e+03 1.0022000122e+03 1.0025000000e+03 1.0027999878e+03 1.0030999756e+03 1.0034000244e+03 1.0035999756e+03 1.0037999878e+03 1.0040000000e+03 1.0040999756e+03 1.0042000122e+03 1.0044000244e+03 1.0045999756e+03 1.0047999878e+03 1.0050000000e+03 1.0052000122e+03 1.0055000000e+03 1.0055999756e+03 1.0057000122e+03 1.0057999878e+03 1.0060000000e+03
