DGM_1M_UPPER_AUSTRIA/7/22.asc
NCOLS 100
NROWS 100
XLLCORNER 6.0850500000e+04
YLLCORNER 2.9308850000e+05
CELLSIZE 1.0000000000e+00
NODATA_VALUE -9.9990000000e+03
[rows 60 to 79 of 100, columns 46 to 91 of 100]
9.7970001221e+02 9.7979998779e+02 9.8009997559e+02 9.8040002441e+02 9.8070001221e+02 9.8120001221e+02 9.8170001221e+02 9.8200000000e+02 9.8209997559e+02 9.8220001221e+02 9.8240002441e+02 9.8250000000e+02 9.8270001221e+02 9.8279998779e+02 9.8279998779e+02 9.8300000000e+02 9.8309997559e+02 9.8320001221e+02 9.8329998779e+02 9.8350000000e+02 9.8359997559e+02 9.8370001221e+02 9.8379998779e+02 9.8400000000e+02 9.8420001221e+02 9.8429998779e+02 9.8440002441e+02 9.8450000000e+02 9.8450000000e+02 9.8450000000e+02 9.8450000000e+02 9.8450000000e+02 9.8470001221e+02 9.8470001221e+02 9.8479998779e+02 9.8490002441e+02 9.8490002441e+02 9.8479998779e+02 9.8479998779e+02 9.8490002441e+02 9.8490002441e+02 9.8490002441e+02 9.8490002441e+02 9.8500000000e+02 9.8509997559e+02 9.8509997559e+02
9.7879998779e+02 9.7900000000e+02 9.7920001221e+02 9.7950000000e+02 9.7979998779e+02 9.8020001221e+02 9.8079998779e+02 9.8109997559e+02 9.8140002441e+02 9.8159997559e+02 9.8190002441e+02 9.8200000000e+02 9.8220001221e+02 9.8229998779e+02 9.8240002441e+02 9.8240002441e+02 9.8259997559e+02 9.8270001221e+02 9.8290002441e+02 9.8309997559e+02 9.8320001221e+02 9.8329998779e+02 9.8340002441e+02 9.8350000000e+02 9.8370001221e+02 9.8379998779e+02 9.8390002441e+02 9.8400000000e+02 9.8400000000e+02 9.8400000000e+02 9.8400000000e+02 9.8400000000e+02 9.8409997559e+02 9.8420001221e+02 9.8420001221e+02 9.8420001221e+02 9.8420001221e+02 9.8429998779e+02 9.8429998779e+02 9.8440002441e+02 9.8450000000e+02 9.8450000000e+02 9.8450000000e+02 9.8450000000e+02 9.8450000000e+02 9.8470001221e+02
9.7790002441e+02 9.7809997559e+02 9.7840002441e+02 9.7859997559e+02 9.7890002441e+02 9.7929998779e+02 9.7970001221e+02 9.8020001221e+02 9.8059997559e+02 9.8090002441e+02 9.8120001221e+02 9.8150000000e+02 9.8170001221e+02 9.8179998779e+02 9.8190002441e+02 9.8190002441e+02 9.8200000000e+02 9.8220001221e+02 9.8240002441e+02 9.8259997559e+02 9.8270001221e+02 9.8279998779e+02 9.8279998779e+02 9.8300000000e+02 9.8309997559e+02 9.8329998779e+02 9.8340002441e+02 9.8350000000e+02 9.8359997559e+02 9.8359997559e+02 9.8350000000e+02 9.8350000000e+02 9.8350000000e+02 9.8350000000e+02 9.8359997559e+02 9.8359997559e+02 9.8370001221e+02 9.8379998779e+02 9.8390002441e+02 9.8400000000e+02 9.8409997559e+02 9.8400000000e+02 9.8400000000e+02 9.8409997559e+02 9.8409997559e+02 9.8420001221e+02
9.7740002441e+02 9.7750000000e+02 9.7770001221e+02 9.7790002441e+02 9.7809997559e+02 9.7840002441e+02 9.7879998779e+02 9.7920001221e+02 9.7950000000e+02 9.8000000000e+02 9.8040002441e+02 9.8079998779e+02 9.8109997559e+02 9.8129998779e+02 9.8140002441e+02 9.8150000000e+02 9.8159997559e+02 9.8170001221e+02 9.8190002441e+02 9.8209997559e+02 9.8220001221e+02 9.8229998779e+02 9.8240002441e+02 9.8240002441e+02 9.8259997559e+02 9.8270001221e+02 9.8279998779e+02 9.8300000000e+02 9.8309997559e+02 9.8309997559e+02 9.8309997559e+02 9.8309997559e+02 9.8300000000e+02 9.8300000000e+02 9.8300000000e+02 9.8309997559e+02 9.8329998779e+02 9.8340002441e+02 9.8350000000e+02 9.8359997559e+02 9.8370001221e+02 9.8359997559e+02 9.8359997559e+02 9.8370001221e+02 9.8379998779e+02 9.8379998779e+02
9.7709997559e+02 9.7709997559e+02 9.7720001221e+02 9.7729998779e+02 9.7750000000e+02 9.7770001221e+02 9.7800000000e+02 9.7829998779e+02 9.7870001221e+02 9.7909997559e+02 9.7959997559e+02 9.8000000000e+02 9.8040002441e+02 9.8070001221e+02 9.8090002441e+02 9.8100000000e+02 9.8109997559e+02 9.8120001221e+02 9.8140002441e+02 9.8159997559e+02 9.8170001221e+02 9.8179998779e+02 9.8190002441e+02 9.8200000000e+02 9.8200000000e+02 9.8209997559e+02 9.8220001221e+02 9.8229998779e+02 9.8250000000e+02 9.8259997559e+02 9.8259997559e+02 9.8259997559e+02 9.8259997559e+02 9.8250000000e+02 9.8250000000e+02 9.8270001221e+02 9.8279998779e+02 9.8290002441e+02 9.8300000000e+02 9.8309997559e+02 9.8320001221e+02 9.8320001221e+02 9.8320001221e+02 9.8329998779e+02 9.8329998779e+02 9.8340002441e+02
9.7709997559e+02 9.7709997559e+02 9.7709997559e+02 9.7709997559e+02 9.7709997559e+02 9.7720001221e+02 9.7729998779e+02 9.7759997559e+02 9.7790002441e+02 9.7829998779e+02 9.7870001221e+02 9.7900000000e+02 9.7950000000e+02 9.7990002441e+02 9.8029998779e+02 9.8050000000e+02 9.8059997559e+02 9.8070001221e+02 9.8079998779e+02 9.8100000000e+02 9.8120001221e+02 9.8129998779e+02 9.8150000000e+02 9.8150000000e+02 9.8150000000e+02 9.8150000000e+02 9.8159997559e+02 9.8170001221e+02 9.8179998779e+02 9.8200000000e+02 9.8209997559e+02 9.8220001221e+02 9.8209997559e+02 9.8209997559e+02 9.8200000000e+02 9.8220001221e+02 9.8229998779e+02 9.8229998779e+02 9.8240002441e+02 9.8250000000e+02 9.8270001221e+02 9.8290002441e+02 9.8279998779e+02 9.8290002441e+02 9.8290002441e+02 9.8300000000e+02
9.7709997559e+02 9.7709997559e+02 9.7709997559e+02 9.7700000000e+02 9.7700000000e+02 9.7690002441e+02 9.7700000000e+02 9.7709997559e+02 9.7729998779e+02 9.7750000000e+02 9.7779998779e+02 9.7809997559e+02 9.7859997559e+02 9.7900000000e+02 9.7940002441e+02 9.7970001221e+02 9.7990002441e+02 9.8000000000e+02 9.8020001221e+02 9.8050000000e+02 9.8059997559e+02 9.8070001221e+02 9.8090002441e+02 9.8100000000e+02 9.8090002441e+02 9.8090002441e+02 9.8100000000e+02 9.8120001221e+02 9.8129998779e+02 9.8140002441e+02 9.8159997559e+02 9.8170001221e+02 9.8170001221e+02 9.8159997559e+02 9.8150000000e+02 9.8159997559e+02 9.8170001221e+02 9.8179998779e+02 9.8190002441e+02 9.8209997559e+02 9.8229998779e+02 9.8240002441e+02 9.8240002441e+02 9.8250000000e+02 9.8259997559e+02 9.8259997559e+02
9.7700000000e+02 9.7700000000e+02 9.7700000000e+02 9.7700000000e+02 9.7700000000e+02 9.7690002441e+02 9.7690002441e+02 9.7679998779e+02 9.7690002441e+02 9.7700000000e+02 9.7709997559e+02 9.7740002441e+02 9.7779998779e+02 9.7809997559e+02 9.7850000000e+02 9.7890002441e+02 9.7909997559e+02 9.7929998779e+02 9.7950000000e+02 9.7979998779e+02 9.8000000000e+02 9.8009997559e+02 9.8020001221e+02 9.8029998779e+02 9.8029998779e+02 9.8029998779e+02 9.8050000000e+02 9.8070001221e+02 9.8090002441e+02 9.8090002441e+02 9.8100000000e+02 9.8109997559e+02 9.8120001221e+02 9.8109997559e+02 9.8109997559e+02 9.8120001221e+02 9.8129998779e+02 9.8140002441e+02 9.8150000000e+02 9.8159997559e+02 9.8170001221e+02 9.8190002441e+02 9.8200000000e+02 9.8209997559e+02 9.8209997559e+02 9.8220001221e+02
9.7700000000e+02 9.7700000000e+02 9.7700000000e+02 9.7690002441e+02 9.7690002441e+02 9.7690002441e+02 9.7690002441e+02 9.7679998779e+02 9.7679998779e+02 9.7670001221e+02 9.7679998779e+02 9.7690002441e+02 9.7700000000e+02 9.7729998779e+02 9.7770001221e+02 9.7800000000e+02 9.7829998779e+02 9.7850000000e+02 9.7870001221e+02 9.7890002441e+02 9.7909997559e+02 9.7920001221e+02 9.7940002441e+02 9.7959997559e+02 9.7970001221e+02 9.7990002441e+02 9.8000000000e+02 9.8009997559e+02 9.8029998779e+02 9.8040002441e+02 9.8050000000e+02 9.8070001221e+02 9.8079998779e+02 9.8079998779e+02 9.8070001221e+02 9.8070001221e+02 9.8079998779e+02 9.8090002441e+02 9.8100000000e+02 9.8109997559e+02 9.8129998779e+02 9.8150000000e+02 9.8159997559e+02 9.8159997559e+02 9.8159997559e+02 9.8170001221e+02
9.7670001221e+02 9.7679998779e+02 9.7679998779e+02 9.7690002441e+02 9.7690002441e+02 9.7690002441e+02 9.7690002441e+02 9.7679998779e+02 9.7679998779e+02 9.7670001221e+02 9.7670001221e+02 9.7659997559e+02 9.7659997559e+02 9.7679998779e+02 9.7690002441e+02 9.7709997559e+02 9.7740002441e+02 9.7759997559e+02 9.7779998779e+02 9.7800000000e+02 9.7820001221e+02 9.7840002441e+02 9.7859997559e+02 9.7879998779e+02 9.7900000000e+02 9.7920001221e+02 9.7940002441e+02 9.7959997559e+02 9.7970001221e+02 9.7990002441e+02 9.8000000000e+02 9.8020001221e+02 9.8020001221e+02 9.8020001221e+02 9.8029998779e+02 9.8029998779e+02 9.8040002441e+02 9.8050000000e+02 9.8059997559e+02 9.8070001221e+02 9.8079998779e+02 9.8100000000e+02 9.8120001221e+02 9.8120001221e+02 9.8120001221e+02 9.8129998779e+02
9.7609997559e+02 9.7629998779e+02 9.7650000000e+02 9.7670001221e+02 9.7679998779e+02 9.7690002441e+02 9.7679998779e+02 9.7679998779e+02 9.7679998779e+02 9.7670001221e+02 9.7670001221e+02 9.7659997559e+02 9.7659997559e+02 9.7650000000e+02 9.7650000000e+02 9.7659997559e+02 9.7670001221e+02 9.7690002441e+02 9.7709997559e+02 9.7720001221e+02 9.7740002441e+02 9.7759997559e+02 9.7779998779e+02 9.7800000000e+02 9.7820001221e+02 9.7850000000e+02 9.7870001221e+02 9.7890002441e+02 9.7909997559e+02 9.7940002441e+02 9.7950000000e+02 9.7970001221e+02 9.7970001221e+02 9.7970001221e+02 9.7979998779e+02 9.7990002441e+02 9.8000000000e+02 9.8009997559e+02 9.8020001221e+02 9.8029998779e+02 9.8040002441e+02 9.8059997559e+02 9.8070001221e+02 9.8090002441e+02 9.8090002441e+02 9.8090002441e+02
9.7550000000e+02 9.7579998779e+02 9.7600000000e+02 9.7629998779e+02 9.7650000000e+02 9.7670001221e+02 9.7670001221e+02 9.7670001221e+02 9.7670001221e+02 9.7670001221e+02 9.7670001221e+02 9.7659997559e+02 9.7659997559e+02 9.7650000000e+02 9.7650000000e+02 9.7640002441e+02 9.7640002441e+02 9.7640002441e+02 9.7650000000e+02 9.7650000000e+02 9.7670001221e+02 9.7690002441e+02 9.7709997559e+02 9.7720001221e+02 9.7740002441e+02 9.7759997559e+02 9.7790002441e+02 9.7820001221e+02 9.7850000000e+02 9.7870001221e+02 9.7890002441e+02 9.7909997559e+02 9.7920001221e+02 9.7920001221e+02 9.7929998779e+02 9.7940002441e+02 9.7959997559e+02 9.7979998779e+02 9.7990002441e+02 9.8000000000e+02 9.8009997559e+02 9.8020001221e+02 9.8029998779e+02 9.8040002441e+02 9.8050000000e+02 9.8059997559e+02
9.7500000000e+02 9.7520001221e+02 9.7540002441e+02 9.7559997559e+02 9.7590002441e+02 9.7620001221e+02 9.7640002441e+02 9.7650000000e+02 9.7659997559e+02 9.7670001221e+02 9.7670001221e+02 9.7659997559e+02 9.7659997559e+02 9.7650000000e+02 9.7650000000e+02 9.7640002441e+02 9.7629998779e+02 9.7629998779e+02 9.7620001221e+02 9.7620001221e+02 9.7620001221e+02 9.7629998779e+02 9.7640002441e+02 9.7650000000e+02 9.7670001221e+02 9.7690002441e+02 9.7709997559e+02 9.7750000000e+02 9.7770001221e+02 9.7790002441e+02 9.7820001221e+02 9.7840002441e+02 9.7850000000e+02 9.7859997559e+02 9.7870001221e+02 9.7879998779e+02 9.7900000000e+02 9.7929998779e+02 9.7950000000e+02 9.7959997559e+02 9.7970001221e+02 9.7979998779e+02 9.7979998779e+02 9.7990002441e+02 9.8009997559e+02 9.8020001221e+02
9.7440002441e+02 9.7459997559e+02 9.7470001221e+02 9.7500000000e+02 9.7529998779e+02 9.7559997559e+02 9.7579998779e+02 9.7609997559e+02 9.7629998779e+02 9.7650000000e+02 9.7659997559e+02 9.7659997559e+02 9.7659997559e+02 9.7650000000e+02 9.7650000000e+02 9.7640002441e+02 9.7629998779e+02 9.7629998779e+02 9.7620001221e+02 9.7620001221e+02 9.7609997559e+02 9.7609997559e+02 9.7609997559e+02 9.7609997559e+02 9.7609997559e+02 9.7620001221e+02 9.7640002441e+02 9.7670001221e+02 9.7690002441e+02 9.7709997559e+02 9.7740002441e+02 9.7759997559e+02 9.7779998779e+02 9.7790002441e+02 9.7800000000e+02 9.7809997559e+02 9.7829998779e+02 9.7859997559e+02 9.7879998779e+02 9.7900000000e+02 9.7920001221e+02 9.7929998779e+02 9.7940002441e+02 9.7950000000e+02 9.7970001221e+02 9.7979998779e+02
9.7379998779e+02 9.7400000000e+02 9.7420001221e+02 9.7440002441e+02 9.7470001221e+02 9.7500000000e+02 9.7529998779e+02 9.7559997559e+02 9.7579998779e+02 9.7609997559e+02 9.7629998779e+02 9.7640002441e+02 9.7640002441e+02 9.7650000000e+02 9.7650000000e+02 9.7640002441e+02 9.7629998779e+02 9.7629998779e+02 9.7620001221e+02 9.7620001221e+02 9.7609997559e+02 9.7600000000e+02 9.7600000000e+02 9.7590002441e+02 9.7590002441e+02 9.7590002441e+02 9.7590002441e+02 9.7600000000e+02 9.7620001221e+02 9.7640002441e+02 9.7659997559e+02 9.7679998779e+02 9.7709997559e+02 9.7720001221e+02 9.7720001221e+02 9.7720001221e+02 9.7740002441e+02 9.7779998779e+02 9.7800000000e+02 9.7829998779e+02 9.7850000000e+02 9.7870001221e+02 9.7879998779e+02 9.7909997559e+02 9.7929998779e+02 9.7940002441e+02
9.7320001221e+02 9.7329998779e+02 9.7359997559e+02 9.7379998779e+02 9.7409997559e+02 9.7429998779e+02 9.7470001221e+02 9.7500000000e+02 9.7540002441e+02 9.7559997559e+02 9.7579998779e+02 9.7600000000e+02 9.7609997559e+02 9.7620001221e+02 9.7629998779e+02 9.7629998779e+02 9.7629998779e+02 9.7620001221e+02 9.7620001221e+02 9.7620001221e+02 9.7609997559e+02 9.7600000000e+02 9.7600000000e+02 9.7590002441e+02 9.7579998779e+02 9.7579998779e+02 9.7579998779e+02 9.7570001221e+02 9.7579998779e+02 9.7590002441e+02 9.7600000000e+02 9.7620001221e+02 9.7629998779e+02 9.7640002441e+02 9.7650000000e+02 9.7650000000e+02 9.7670001221e+02 9.7700000000e+02 9.7720001221e+02 9.7750000000e+02 9.7779998779e+02 9.7800000000e+02 9.7829998779e+02 9.7859997559e+02 9.7890002441e+02 9.7900000000e+02
9.7240002441e+02 9.7259997559e+02 9.7290002441e+02 9.7320001221e+02 9.7340002441e+02 9.7370001221e+02 9.7400000000e+02 9.7440002441e+02 9.7470001221e+02 9.7500000000e+02 9.7520001221e+02 9.7550000000e+02 9.7570001221e+02 9.7579998779e+02 9.7590002441e+02 9.7600000000e+02 9.7609997559e+02 9.7609997559e+02 9.7609997559e+02 9.7609997559e+02 9.7600000000e+02 9.7600000000e+02 9.7590002441e+02 9.7590002441e+02 9.7579998779e+02 9.7579998779e+02 9.7570001221e+02 9.7570001221e+02 9.7570001221e+02 9.7559997559e+02 9.7559997559e+02 9.7570001221e+02 9.7579998779e+02 9.7579998779e+02 9.7590002441e+02 9.7600000000e+02 9.7609997559e+02 9.7629998779e+02 9.7650000000e+02 9.7670001221e+02 9.7700000000e+02 9.7729998779e+02 9.7759997559e+02 9.7790002441e+02 9.7820001221e+02 9.7840002441e+02
9.7179998779e+02 9.7200000000e+02 9.7220001221e+02 9.7259997559e+02 9.7290002441e+02 9.7320001221e+02 9.7350000000e+02 9.7379998779e+02 9.7409997559e+02 9.7429998779e+02 9.7459997559e+02 9.7490002441e+02 9.7509997559e+02 9.7520001221e+02 9.7540002441e+02 9.7559997559e+02 9.7570001221e+02 9.7579998779e+02 9.7590002441e+02 9.7590002441e+02 9.7590002441e+02 9.7590002441e+02 9.7590002441e+02 9.7579998779e+02 9.7579998779e+02 9.7570001221e+02 9.7570001221e+02 9.7570001221e+02 9.7559997559e+02 9.7559997559e+02 9.7550000000e+02 9.7550000000e+02 9.7550000000e+02 9.7550000000e+02 9.7550000000e+02 9.7550000000e+02 9.7559997559e+02 9.7579998779e+02 9.7590002441e+02 9.7609997559e+02 9.7629998779e+02 9.7659997559e+02 9.7690002441e+02 9.7720001221e+02 9.7750000000e+02 9.7770001221e+02
9.7129998779e+02 9.7159997559e+02 9.7190002441e+02 9.7220001221e+02 9.7250000000e+02 9.7279998779e+02 9.7300000000e+02 9.7329998779e+02 9.7350000000e+02 9.7370001221e+02 9.7390002441e+02 9.7409997559e+02 9.7440002441e+02 9.7459997559e+02 9.7479998779e+02 9.7500000000e+02 9.7520001221e+02 9.7529998779e+02 9.7540002441e+02 9.7540002441e+02 9.7550000000e+02 9.7559997559e+02 9.7559997559e+02 9.7559997559e+02 9.7570001221e+02 9.7570001221e+02 9.7570001221e+02 9.7559997559e+02 9.7559997559e+02 9.7559997559e+02 9.7550000000e+02 9.7550000000e+02 9.7550000000e+02 9.7540002441e+02 9.7529998779e+02 9.7529998779e+02 9.7529998779e+02 9.7540002441e+02 9.7550000000e+02 9.7559997559e+02 9.7579998779e+02 9.7600000000e+02 9.7620001221e+02 9.7640002441e+02 9.7670001221e+02 9.7700000000e+02
9.7090002441e+02 9.7120001221e+02 9.7150000000e+02 9.7179998779e+02 9.7209997559e+02 9.7229998779e+02 9.7250000000e+02 9.7279998779e+02 9.7300000000e+02 9.7309997559e+02 9.7320001221e+02 9.7350000000e+02 9.7370001221e+02 9.7400000000e+02 9.7420001221e+02 9.7440002441e+02 9.7459997559e+02 9.7470001221e+02 9.7479998779e+02 9.7479998779e+02 9.7490002441e+02 9.7500000000e+02 9.7509997559e+02 9.7520001221e+02 9.7529998779e+02 9.7540002441e+02 9.7550000000e+02 9.7559997559e+02 9.7550000000e+02 9.7550000000e+02 9.7550000000e+02 9.7550000000e+02 9.7540002441e+02 9.7540002441e+02 9.7540002441e+02 9.7529998779e+02 9.7529998779e+02 9.7520001221e+02 9.7520001221e+02 9.7529998779e+02 9.7540002441e+02 9.7550000000e+02 9.7559997559e+02 9.7579998779e+02 9.7600000000e+02 9.7629998779e+02
