DGM_1M_UPPER_AUSTRIA/7/22.asc
NCOLS 100
NROWS 100
XLLCORNER 6.0850500000e+04
YLLCORNER 2.9308850000e+05
CELLSIZE 1.0000000000e+00
NODATA_VALUE -9.9990000000e+03
[rows 40 to 59 of 100, columns 46 to 91 of 100]
9.9440002441e+02 9.9490002441e+02 9.9520001221e+02 9.9550000000e+02 9.9579998779e+02 9.9600000000e+02 9.9620001221e+02 9.9629998779e+02 9.9650000000e+02 9.9659997559e+02 9.9659997559e+02 9.9659997559e+02 9.9659997559e+02 9.9670001221e+02 9.9670001221e+02 9.9679998779e+02 9.9659997559e+02 9.9640002441e+02 9.9620001221e+02 9.9600000000e+02 9.9590002441e+02 9.9570001221e+02 9.9559997559e+02 9.9540002441e+02 9.9520001221e+02 9.9520001221e+02 9.9520001221e+02 9.9509997559e+02 9.9509997559e+02 9.9509997559e+02 9.9509997559e+02 9.9520001221e+02 9.9520001221e+02 9.9529998779e+02 9.9540002441e+02 9.9559997559e+02 9.9559997559e+02 9.9570001221e+02 9.9570001221e+02 9.9570001221e+02 9.9570001221e+02 9.9559997559e+02 9.9559997559e+02 9.9559997559e+02 9.9559997559e+02 9.9550000000e+02
9.9370001221e+02 9.9409997559e+02 9.9440002441e+02 9.9470001221e+02 9.9509997559e+02 9.9529998779e+02 9.9550000000e+02 9.9559997559e+02 9.9570001221e+02 9.9579998779e+02 9.9579998779e+02 9.9590002441e+02 9.9590002441e+02 9.9600000000e+02 9.9609997559e+02 9.9600000000e+02 9.9590002441e+02 9.9570001221e+02 9.9550000000e+02 9.9540002441e+02 9.9529998779e+02 9.9509997559e+02 9.9509997559e+02 9.9500000000e+02 9.9479998779e+02 9.9470001221e+02 9.9470001221e+02 9.9470001221e+02 9.9459997559e+02 9.9459997559e+02 9.9459997559e+02 9.9459997559e+02 9.9470001221e+02 9.9470001221e+02 9.9490002441e+02 9.9500000000e+02 9.9509997559e+02 9.9520001221e+02 9.9520001221e+02 9.9520001221e+02 9.9509997559e+02 9.9509997559e+02 9.9500000000e+02 9.9500000000e+02 9.9490002441e+02 9.9490002441e+02
9.9300000000e+02 9.9329998779e+02 9.9359997559e+02 9.9390002441e+02 9.9420001221e+02 9.9440002441e+02 9.9459997559e+02 9.9479998779e+02 9.9490002441e+02 9.9490002441e+02 9.9500000000e+02 9.9509997559e+02 9.9520001221e+02 9.9529998779e+02 9.9529998779e+02 9.9529998779e+02 9.9520001221e+02 9.9500000000e+02 9.9490002441e+02 9.9470001221e+02 9.9459997559e+02 9.9450000000e+02 9.9450000000e+02 9.9450000000e+02 9.9440002441e+02 9.9420001221e+02 9.9420001221e+02 9.9420001221e+02 9.9409997559e+02 9.9409997559e+02 9.9420001221e+02 9.9420001221e+02 9.9420001221e+02 9.9420001221e+02 9.9429998779e+02 9.9440002441e+02 9.9450000000e+02 9.9459997559e+02 9.9470001221e+02 9.9459997559e+02 9.9450000000e+02 9.9440002441e+02 9.9440002441e+02 9.9429998779e+02 9.9429998779e+02 9.9429998779e+02
9.9220001221e+02 9.9250000000e+02 9.9279998779e+02 9.9320001221e+02 9.9340002441e+02 9.9359997559e+02 9.9379998779e+02 9.9400000000e+02 9.9409997559e+02 9.9409997559e+02 9.9420001221e+02 9.9429998779e+02 9.9440002441e+02 9.9440002441e+02 9.9450000000e+02 9.9450000000e+02 9.9450000000e+02 9.9429998779e+02 9.9420001221e+02 9.9409997559e+02 9.9400000000e+02 9.9390002441e+02 9.9390002441e+02 9.9390002441e+02 9.9379998779e+02 9.9370001221e+02 9.9359997559e+02 9.9370001221e+02 9.9370001221e+02 9.9370001221e+02 9.9370001221e+02 9.9359997559e+02 9.9359997559e+02 9.9359997559e+02 9.9370001221e+02 9.9379998779e+02 9.9390002441e+02 9.9400000000e+02 9.9400000000e+02 9.9400000000e+02 9.9390002441e+02 9.9379998779e+02 9.9379998779e+02 9.9379998779e+02 9.9370001221e+02 9.9370001221e+02
9.9140002441e+02 9.9170001221e+02 9.9200000000e+02 9.9240002441e+02 9.9270001221e+02 9.9279998779e+02 9.9300000000e+02 9.9309997559e+02 9.9329998779e+02 9.9340002441e+02 9.9340002441e+02 9.9350000000e+02 9.9350000000e+02 9.9359997559e+02 9.9370001221e+02 9.9379998779e+02 9.9370001221e+02 9.9359997559e+02 9.9350000000e+02 9.9350000000e+02 9.9340002441e+02 9.9340002441e+02 9.9340002441e+02 9.9329998779e+02 9.9320001221e+02 9.9309997559e+02 9.9309997559e+02 9.9320001221e+02 9.9329998779e+02 9.9329998779e+02 9.9320001221e+02 9.9309997559e+02 9.9309997559e+02 9.9309997559e+02 9.9309997559e+02 9.9309997559e+02 9.9320001221e+02 9.9340002441e+02 9.9340002441e+02 9.9340002441e+02 9.9329998779e+02 9.9329998779e+02 9.9329998779e+02 9.9329998779e+02 9.9329998779e+02 9.9320001221e+02
9.9059997559e+02 9.9090002441e+02 9.9120001221e+02 9.9159997559e+02 9.9190002441e+02 9.9200000000e+02 9.9220001221e+02 9.9229998779e+02 9.9240002441e+02 9.9259997559e+02 9.9270001221e+02 9.9270001221e+02 9.9270001221e+02 9.9279998779e+02 9.9290002441e+02 9.9290002441e+02 9.9290002441e+02 9.9290002441e+02 9.9290002441e+02 9.9290002441e+02 9.9290002441e+02 9.9290002441e+02 9.9279998779e+02 9.9279998779e+02 9.9270001221e+02 9.9259997559e+02 9.9259997559e+02 9.9270001221e+02 9.9279998779e+02 9.9279998779e+02 9.9270001221e+02 9.9270001221e+02 9.9270001221e+02 9.9270001221e+02 9.9259997559e+02 9.9259997559e+02 9.9270001221e+02 9.9279998779e+02 9.9279998779e+02 9.9279998779e+02 9.9279998779e+02 9.9279998779e+02 9.9270001221e+02 9.9279998779e+02 9.9279998779e+02 9.9279998779e+02
9.8979998779e+02 9.9009997559e+02 9.9040002441e+02 9.9070001221e+02 9.9100000000e+02 9.9120001221e+02 9.9129998779e+02 9.9150000000e+02 9.9159997559e+02 9.9179998779e+02 9.9190002441e+02 9.9200000000e+02 9.9209997559e+02 9.9209997559e+02 9.9209997559e+02 9.9209997559e+02 9.9220001221e+02 9.9220001221e+02 9.9229998779e+02 9.9229998779e+02 9.9229998779e+02 9.9229998779e+02 9.9229998779e+02 9.9229998779e+02 9.9220001221e+02 9.9209997559e+02 9.9209997559e+02 9.9220001221e+02 9.9220001221e+02 9.9220001221e+02 9.9209997559e+02 9.9209997559e+02 9.9220001221e+02 9.9220001221e+02 9.9220001221e+02 9.9220001221e+02 9.9220001221e+02 9.9220001221e+02 9.9220001221e+02 9.9229998779e+02 9.9220001221e+02 9.9220001221e+02 9.9220001221e+02 9.9229998779e+02 9.9229998779e+02 9.9220001221e+02
9.8900000000e+02 9.8929998779e+02 9.8950000000e+02 9.8979998779e+02 9.9009997559e+02 9.9029998779e+02 9.9050000000e+02 9.9059997559e+02 9.9079998779e+02 9.9090002441e+02 9.9100000000e+02 9.9120001221e+02 9.9129998779e+02 9.9129998779e+02 9.9129998779e+02 9.9140002441e+02 9.9140002441e+02 9.9150000000e+02 9.9159997559e+02 9.9159997559e+02 9.9159997559e+02 9.9159997559e+02 9.9159997559e+02 9.9170001221e+02 9.9170001221e+02 9.9159997559e+02 9.9159997559e+02 9.9159997559e+02 9.9159997559e+02 9.9159997559e+02 9.9159997559e+02 9.9159997559e+02 9.9159997559e+02 9.9170001221e+02 9.9170001221e+02 9.9170001221e+02 9.9159997559e+02 9.9150000000e+02 9.9150000000e+02 9.9159997559e+02 9.9159997559e+02 9.9159997559e+02 9.9170001221e+02 9.9170001221e+02 9.9170001221e+02 9.9170001221e+02
9.8840002441e+02 9.8859997559e+02 9.8870001221e+02 9.8890002441e+02 9.8920001221e+02 9.8950000000e+02 9.8959997559e+02 9.8970001221e+02 9.8990002441e+02 9.9000000000e+02 9.9009997559e+02 9.9029998779e+02 9.9050000000e+02 9.9059997559e+02 9.9059997559e+02 9.9059997559e+02 9.9070001221e+02 9.9079998779e+02 9.9079998779e+02 9.9079998779e+02 9.9079998779e+02 9.9090002441e+02 9.9090002441e+02 9.9100000000e+02 9.9109997559e+02 9.9109997559e+02 9.9109997559e+02 9.9100000000e+02 9.9100000000e+02 9.9100000000e+02 9.9100000000e+02 9.9100000000e+02 9.9109997559e+02 9.9120001221e+02 9.9120001221e+02 9.9109997559e+02 9.9100000000e+02 9.9090002441e+02 9.9090002441e+02 9.9090002441e+02 9.9100000000e+02 9.9109997559e+02 9.9120001221e+02 9.9120001221e+02 9.9129998779e+02 9.9129998779e+02
9.8770001221e+02 9.8790002441e+02 9.8800000000e+02 9.8820001221e+02 9.8840002441e+02 9.8870001221e+02 9.8879998779e+02 9.8879998779e+02 9.8900000000e+02 9.8920001221e+02 9.8940002441e+02 9.8950000000e+02 9.8970001221e+02 9.8979998779e+02 9.8990002441e+02 9.8990002441e+02 9.9000000000e+02 9.9009997559e+02 9.9009997559e+02 9.9009997559e+02 9.9020001221e+02 9.9029998779e+02 9.9040002441e+02 9.9040002441e+02 9.9050000000e+02 9.9059997559e+02 9.9050000000e+02 9.9040002441e+02 9.9029998779e+02 9.9029998779e+02 9.9029998779e+02 9.9040002441e+02 9.9050000000e+02 9.9059997559e+02 9.9050000000e+02 9.9050000000e+02 9.9050000000e+02 9.9040002441e+02 9.9040002441e+02 9.9040002441e+02 9.9050000000e+02 9.9059997559e+02 9.9070001221e+02 9.9070001221e+02 9.9079998779e+02 9.9090002441e+02
9.8700000000e+02 9.8720001221e+02 9.8740002441e+02 9.8750000000e+02 9.8770001221e+02 9.8779998779e+02 9.8790002441e+02 9.8800000000e+02 9.8820001221e+02 9.8850000000e+02 9.8859997559e+02 9.8879998779e+02 9.8890002441e+02 9.8900000000e+02 9.8909997559e+02 9.8920001221e+02 9.8920001221e+02 9.8929998779e+02 9.8940002441e+02 9.8950000000e+02 9.8959997559e+02 9.8970001221e+02 9.8979998779e+02 9.8979998779e+02 9.8990002441e+02 9.8990002441e+02 9.8990002441e+02 9.8990002441e+02 9.8979998779e+02 9.8970001221e+02 9.8970001221e+02 9.8990002441e+02 9.8990002441e+02 9.8990002441e+02 9.8979998779e+02 9.8990002441e+02 9.9000000000e+02 9.9000000000e+02 9.9000000000e+02 9.8990002441e+02 9.9000000000e+02 9.9000000000e+02 9.9009997559e+02 9.9020001221e+02 9.9020001221e+02 9.9029998779e+02
9.8640002441e+02 9.8659997559e+02 9.8670001221e+02 9.8679998779e+02 9.8690002441e+02 9.8700000000e+02 9.8720001221e+02 9.8740002441e+02 9.8750000000e+02 9.8770001221e+02 9.8779998779e+02 9.8800000000e+02 9.8809997559e+02 9.8820001221e+02 9.8829998779e+02 9.8850000000e+02 9.8859997559e+02 9.8859997559e+02 9.8870001221e+02 9.8879998779e+02 9.8900000000e+02 9.8909997559e+02 9.8920001221e+02 9.8920001221e+02 9.8920001221e+02 9.8929998779e+02 9.8920001221e+02 9.8929998779e+02 9.8920001221e+02 9.8920001221e+02 9.8920001221e+02 9.8929998779e+02 9.8940002441e+02 9.8929998779e+02 9.8929998779e+02 9.8940002441e+02 9.8950000000e+02 9.8950000000e+02 9.8950000000e+02 9.8940002441e+02 9.8940002441e+02 9.8950000000e+02 9.8959997559e+02 9.8970001221e+02 9.8970001221e+02 9.8970001221e+02
9.8570001221e+02 9.8590002441e+02 9.8600000000e+02 9.8620001221e+02 9.8629998779e+02 9.8640002441e+02 9.8650000000e+02 9.8659997559e+02 9.8679998779e+02 9.8690002441e+02 9.8709997559e+02 9.8720001221e+02 9.8729998779e+02 9.8750000000e+02 9.8759997559e+02 9.8779998779e+02 9.8790002441e+02 9.8790002441e+02 9.8800000000e+02 9.8820001221e+02 9.8829998779e+02 9.8840002441e+02 9.8850000000e+02 9.8850000000e+02 9.8859997559e+02 9.8859997559e+02 9.8859997559e+02 9.8870001221e+02 9.8870001221e+02 9.8870001221e+02 9.8870001221e+02 9.8870001221e+02 9.8879998779e+02 9.8879998779e+02 9.8879998779e+02 9.8890002441e+02 9.8900000000e+02 9.8900000000e+02 9.8900000000e+02 9.8900000000e+02 9.8890002441e+02 9.8900000000e+02 9.8900000000e+02 9.8909997559e+02 9.8909997559e+02 9.8920001221e+02
9.8490002441e+02 9.8520001221e+02 9.8529998779e+02 9.8550000000e+02 9.8570001221e+02 9.8579998779e+02 9.8590002441e+02 9.8590002441e+02 9.8600000000e+02 9.8609997559e+02 9.8640002441e+02 9.8659997559e+02 9.8670001221e+02 9.8679998779e+02 9.8690002441e+02 9.8709997559e+02 9.8720001221e+02 9.8729998779e+02 9.8740002441e+02 9.8750000000e+02 9.8759997559e+02 9.8779998779e+02 9.8790002441e+02 9.8790002441e+02 9.8790002441e+02 9.8800000000e+02 9.8800000000e+02 9.8809997559e+02 9.8820001221e+02 9.8820001221e+02 9.8809997559e+02 9.8809997559e+02 9.8820001221e+02 9.8829998779e+02 9.8829998779e+02 9.8840002441e+02 9.8850000000e+02 9.8850000000e+02 9.8850000000e+02 9.8850000000e+02 9.8850000000e+02 9.8850000000e+02 9.8840002441e+02 9.8840002441e+02 9.8850000000e+02 9.8850000000e+02
9.8420001221e+02 9.8440002441e+02 9.8459997559e+02 9.8479998779e+02 9.8500000000e+02 9.8520001221e+02 9.8529998779e+02 9.8529998779e+02 9.8529998779e+02 9.8550000000e+02 9.8570001221e+02 9.8590002441e+02 9.8600000000e+02 9.8620001221e+02 9.8629998779e+02 9.8640002441e+02 9.8659997559e+02 9.8679998779e+02 9.8679998779e+02 9.8690002441e+02 9.8700000000e+02 9.8709997559e+02 9.8720001221e+02 9.8729998779e+02 9.8729998779e+02 9.8740002441e+02 9.8750000000e+02 9.8759997559e+02 9.8770001221e+02 9.8770001221e+02 9.8770001221e+02 9.8759997559e+02 9.8770001221e+02 9.8779998779e+02 9.8779998779e+02 9.8790002441e+02 9.8790002441e+02 9.8790002441e+02 9.8800000000e+02 9.8800000000e+02 9.8800000000e+02 9.8800000000e+02 9.8790002441e+02 9.8790002441e+02 9.8790002441e+02 9.8790002441e+02
9.8350000000e+02 9.8359997559e+02 9.8390002441e+02 9.8409997559e+02 9.8440002441e+02 9.8459997559e+02 9.8470001221e+02 9.8470001221e+02 9.8479998779e+02 9.8490002441e+02 9.8500000000e+02 9.8520001221e+02 9.8540002441e+02 9.8550000000e+02 9.8570001221e+02 9.8579998779e+02 9.8590002441e+02 9.8609997559e+02 9.8620001221e+02 9.8629998779e+02 9.8629998779e+02 9.8650000000e+02 9.8659997559e+02 9.8670001221e+02 9.8679998779e+02 9.8690002441e+02 9.8700000000e+02 9.8709997559e+02 9.8720001221e+02 9.8729998779e+02 9.8729998779e+02 9.8720001221e+02 9.8709997559e+02 9.8720001221e+02 9.8729998779e+02 9.8729998779e+02 9.8740002441e+02 9.8740002441e+02 9.8740002441e+02 9.8740002441e+02 9.8750000000e+02 9.8740002441e+02 9.8740002441e+02 9.8740002441e+02 9.8740002441e+02 9.8740002441e+02
9.8279998779e+02 9.8300000000e+02 9.8320001221e+02 9.8350000000e+02 9.8379998779e+02 9.8400000000e+02 9.8409997559e+02 9.8409997559e+02 9.8420001221e+02 9.8429998779e+02 9.8440002441e+02 9.8459997559e+02 9.8479998779e+02 9.8490002441e+02 9.8500000000e+02 9.8509997559e+02 9.8520001221e+02 9.8540002441e+02 9.8559997559e+02 9.8570001221e+02 9.8579998779e+02 9.8590002441e+02 9.8600000000e+02 9.8620001221e+02 9.8629998779e+02 9.8629998779e+02 9.8650000000e+02 9.8659997559e+02 9.8659997559e+02 9.8670001221e+02 9.8670001221e+02 9.8670001221e+02 9.8659997559e+02 9.8659997559e+02 9.8670001221e+02 9.8679998779e+02 9.8679998779e+02 9.8690002441e+02 9.8690002441e+02 9.8679998779e+02 9.8690002441e+02 9.8690002441e+02 9.8690002441e+02 9.8690002441e+02 9.8700000000e+02 9.8709997559e+02
9.8220001221e+02 9.8229998779e+02 9.8259997559e+02 9.8290002441e+02 9.8309997559e+02 9.8329998779e+02 9.8350000000e+02 9.8359997559e+02 9.8359997559e+02 9.8370001221e+02 9.8390002441e+02 9.8409997559e+02 9.8420001221e+02 9.8429998779e+02 9.8440002441e+02 9.8450000000e+02 9.8459997559e+02 9.8479998779e+02 9.8490002441e+02 9.8500000000e+02 9.8520001221e+02 9.8529998779e+02 9.8540002441e+02 9.8559997559e+02 9.8570001221e+02 9.8590002441e+02 9.8590002441e+02 9.8600000000e+02 9.8600000000e+02 9.8609997559e+02 9.8609997559e+02 9.8620001221e+02 9.8609997559e+02 9.8609997559e+02 9.8620001221e+02 9.8629998779e+02 9.8629998779e+02 9.8640002441e+02 9.8629998779e+02 9.8629998779e+02 9.8640002441e+02 9.8640002441e+02 9.8650000000e+02 9.8659997559e+02 9.8670001221e+02 9.8670001221e+02
9.8150000000e+02 9.8159997559e+02 9.8179998779e+02 9.8209997559e+02 9.8240002441e+02 9.8259997559e+02 9.8290002441e+02 9.8309997559e+02 9.8309997559e+02 9.8320001221e+02 9.8329998779e+02 9.8340002441e+02 9.8359997559e+02 9.8370001221e+02 9.8390002441e+02 9.8400000000e+02 9.8409997559e+02 9.8420001221e+02 9.8429998779e+02 9.8440002441e+02 9.8450000000e+02 9.8470001221e+02 9.8490002441e+02 9.8509997559e+02 9.8520001221e+02 9.8540002441e+02 9.8550000000e+02 9.8540002441e+02 9.8540002441e+02 9.8540002441e+02 9.8550000000e+02 9.8559997559e+02 9.8559997559e+02 9.8570001221e+02 9.8579998779e+02 9.8590002441e+02 9.8590002441e+02 9.8579998779e+02 9.8579998779e+02 9.8590002441e+02 9.8590002441e+02 9.8590002441e+02 9.8600000000e+02 9.8609997559e+02 9.8620001221e+02 9.8620001221e+02
9.8059997559e+02 9.8079998779e+02 9.8100000000e+02 9.8129998779e+02 9.8170001221e+02 9.8200000000e+02 9.8229998779e+02 9.8259997559e+02 9.8259997559e+02 9.8270001221e+02 9.8279998779e+02 9.8300000000e+02 9.8309997559e+02 9.8320001221e+02 9.8329998779e+02 9.8350000000e+02 9.8359997559e+02 9.8370001221e+02 9.8379998779e+02 9.8390002441e+02 9.8400000000e+02 9.8420001221e+02 9.8429998779e+02 9.8450000000e+02 9.8470001221e+02 9.8479998779e+02 9.8490002441e+02 9.8490002441e+02 9.8490002441e+02 9.8490002441e+02 9.8490002441e+02 9.8500000000e+02 9.8520001221e+02 9.8529998779e+02 9.8540002441e+02 9.8550000000e+02 9.8540002441e+02 9.8529998779e+02 9.8529998779e+02 9.8540002441e+02 9.8540002441e+02 9.8540002441e+02 9.8550000000e+02 9.8559997559e+02 9.8570001221e+02 9.8570001221e+02
