DGM_1M_UPPER_AUSTRIA/42/23.asc
NCOLS 100
NROWS 100
XLLCORNER 6.4350500000e+04
YLLCORNER 2.9298850000e+05
CELLSIZE 1.0000000000e+00
NODATA_VALUE -9.9990000000e+03
[rows 20 to 39 of 100, columns 46 to 91 of 100]
5.5620001221e+02 5.5629998779e+02 5.5640002441e+02 5.5640002441e+02 5.5650000000e+02 5.5670001221e+02 5.5690002441e+02 5.5720001221e+02 5.5750000000e+02 5.5770001221e+02 5.5800000000e+02 5.5840002441e+02 5.5870001221e+02 5.5909997559e+02 5.5950000000e+02 5.5979998779e+02 5.6020001221e+02 5.6070001221e+02 5.6120001221e+02 5.6159997559e+02 5.6209997559e+02 5.6250000000e+02 5.6300000000e+02 5.6350000000e+02 5.6390002441e+02 5.6420001221e+02 5.6470001221e+02 5.6520001221e+02 5.6559997559e+02 5.6600000000e+02 5.6659997559e+02 5.6709997559e+02 5.6759997559e+02 5.6820001221e+02 5.6859997559e+02 5.6900000000e+02 5.6929998779e+02 5.7000000000e+02 5.7079998779e+02 5.7190002441e+02 5.7270001221e+02 5.7300000000e+02 5.7309997559e+02 5.7279998779e+02 5.7259997559e+02 5.7259997559e+02
5.5550000000e+02 5.5559997559e+02 5.5559997559e+02 5.5559997559e+02 5.5579998779e+02 5.5600000000e+02 5.5620001221e+02 5.5650000000e+02 5.5670001221e+02 5.5700000000e+02 5.5729998779e+02 5.5770001221e+02 5.5809997559e+02 5.5840002441e+02 5.5879998779e+02 5.5920001221e+02 5.5950000000e+02 5.5990002441e+02 5.6050000000e+02 5.6100000000e+02 5.6140002441e+02 5.6179998779e+02 5.6229998779e+02 5.6270001221e+02 5.6320001221e+02 5.6359997559e+02 5.6400000000e+02 5.6440002441e+02 5.6479998779e+02 5.6529998779e+02 5.6579998779e+02 5.6629998779e+02 5.6690002441e+02 5.6740002441e+02 5.6779998779e+02 5.6820001221e+02 5.6850000000e+02 5.6890002441e+02 5.6959997559e+02 5.7070001221e+02 5.7159997559e+02 5.7200000000e+02 5.7209997559e+02 5.7200000000e+02 5.7190002441e+02 5.7200000000e+02
5.5479998779e+02 5.5479998779e+02 5.5479998779e+02 5.5490002441e+02 5.5509997559e+02 5.5529998779e+02 5.5550000000e+02 5.5579998779e+02 5.5600000000e+02 5.5629998779e+02 5.5659997559e+02 5.5700000000e+02 5.5740002441e+02 5.5779998779e+02 5.5820001221e+02 5.5850000000e+02 5.5890002441e+02 5.5929998779e+02 5.5990002441e+02 5.6040002441e+02 5.6070001221e+02 5.6120001221e+02 5.6159997559e+02 5.6200000000e+02 5.6240002441e+02 5.6290002441e+02 5.6329998779e+02 5.6370001221e+02 5.6420001221e+02 5.6459997559e+02 5.6509997559e+02 5.6559997559e+02 5.6609997559e+02 5.6650000000e+02 5.6690002441e+02 5.6729998779e+02 5.6770001221e+02 5.6820001221e+02 5.6879998779e+02 5.6970001221e+02 5.7040002441e+02 5.7070001221e+02 5.7090002441e+02 5.7100000000e+02 5.7100000000e+02 5.7120001221e+02
5.5420001221e+02 5.5420001221e+02 5.5429998779e+02 5.5429998779e+02 5.5440002441e+02 5.5459997559e+02 5.5479998779e+02 5.5509997559e+02 5.5529998779e+02 5.5559997559e+02 5.5590002441e+02 5.5629998779e+02 5.5670001221e+02 5.5709997559e+02 5.5750000000e+02 5.5790002441e+02 5.5829998779e+02 5.5879998779e+02 5.5920001221e+02 5.5970001221e+02 5.6009997559e+02 5.6059997559e+02 5.6100000000e+02 5.6140002441e+02 5.6170001221e+02 5.6220001221e+02 5.6259997559e+02 5.6309997559e+02 5.6359997559e+02 5.6400000000e+02 5.6440002441e+02 5.6490002441e+02 5.6540002441e+02 5.6579998779e+02 5.6620001221e+02 5.6650000000e+02 5.6700000000e+02 5.6750000000e+02 5.6820001221e+02 5.6879998779e+02 5.6929998779e+02 5.6940002441e+02 5.6950000000e+02 5.6970001221e+02 5.7009997559e+02 5.7040002441e+02
5.5359997559e+02 5.5359997559e+02 5.5370001221e+02 5.5370001221e+02 5.5390002441e+02 5.5400000000e+02 5.5420001221e+02 5.5440002441e+02 5.5470001221e+02 5.5490002441e+02 5.5520001221e+02 5.5550000000e+02 5.5590002441e+02 5.5640002441e+02 5.5670001221e+02 5.5720001221e+02 5.5759997559e+02 5.5820001221e+02 5.5859997559e+02 5.5900000000e+02 5.5940002441e+02 5.5990002441e+02 5.6029998779e+02 5.6070001221e+02 5.6109997559e+02 5.6150000000e+02 5.6200000000e+02 5.6250000000e+02 5.6290002441e+02 5.6329998779e+02 5.6379998779e+02 5.6420001221e+02 5.6470001221e+02 5.6520001221e+02 5.6550000000e+02 5.6579998779e+02 5.6620001221e+02 5.6659997559e+02 5.6729998779e+02 5.6790002441e+02 5.6820001221e+02 5.6840002441e+02 5.6850000000e+02 5.6890002441e+02 5.6929998779e+02 5.6970001221e+02
5.5290002441e+02 5.5300000000e+02 5.5309997559e+02 5.5320001221e+02 5.5329998779e+02 5.5340002441e+02 5.5350000000e+02 5.5370001221e+02 5.5400000000e+02 5.5420001221e+02 5.5440002441e+02 5.5479998779e+02 5.5520001221e+02 5.5570001221e+02 5.5600000000e+02 5.5650000000e+02 5.5690002441e+02 5.5740002441e+02 5.5790002441e+02 5.5840002441e+02 5.5879998779e+02 5.5920001221e+02 5.5959997559e+02 5.6000000000e+02 5.6040002441e+02 5.6079998779e+02 5.6120001221e+02 5.6170001221e+02 5.6220001221e+02 5.6259997559e+02 5.6309997559e+02 5.6350000000e+02 5.6400000000e+02 5.6450000000e+02 5.6479998779e+02 5.6509997559e+02 5.6529998779e+02 5.6570001221e+02 5.6629998779e+02 5.6690002441e+02 5.6720001221e+02 5.6750000000e+02 5.6779998779e+02 5.6820001221e+02 5.6859997559e+02 5.6900000000e+02
5.5209997559e+02 5.5229998779e+02 5.5240002441e+02 5.5259997559e+02 5.5270001221e+02 5.5279998779e+02 5.5300000000e+02 5.5320001221e+02 5.5340002441e+02 5.5350000000e+02 5.5370001221e+02 5.5400000000e+02 5.5450000000e+02 5.5490002441e+02 5.5529998779e+02 5.5570001221e+02 5.5609997559e+02 5.5670001221e+02 5.5720001221e+02 5.5770001221e+02 5.5800000000e+02 5.5850000000e+02 5.5890002441e+02 5.5929998779e+02 5.5970001221e+02 5.6009997559e+02 5.6050000000e+02 5.6100000000e+02 5.6140002441e+02 5.6179998779e+02 5.6220001221e+02 5.6279998779e+02 5.6329998779e+02 5.6379998779e+02 5.6409997559e+02 5.6440002441e+02 5.6459997559e+02 5.6490002441e+02 5.6520001221e+02 5.6570001221e+02 5.6609997559e+02 5.6659997559e+02 5.6700000000e+02 5.6750000000e+02 5.6779998779e+02 5.6820001221e+02
5.5140002441e+02 5.5159997559e+02 5.5170001221e+02 5.5190002441e+02 5.5209997559e+02 5.5220001221e+02 5.5250000000e+02 5.5270001221e+02 5.5279998779e+02 5.5290002441e+02 5.5309997559e+02 5.5340002441e+02 5.5370001221e+02 5.5420001221e+02 5.5459997559e+02 5.5509997559e+02 5.5550000000e+02 5.5600000000e+02 5.5650000000e+02 5.5690002441e+02 5.5729998779e+02 5.5779998779e+02 5.5820001221e+02 5.5870001221e+02 5.5909997559e+02 5.5950000000e+02 5.5990002441e+02 5.6020001221e+02 5.6059997559e+02 5.6100000000e+02 5.6150000000e+02 5.6209997559e+02 5.6259997559e+02 5.6300000000e+02 5.6340002441e+02 5.6370001221e+02 5.6400000000e+02 5.6420001221e+02 5.6450000000e+02 5.6490002441e+02 5.6540002441e+02 5.6590002441e+02 5.6629998779e+02 5.6679998779e+02 5.6720001221e+02 5.6750000000e+02
5.5070001221e+02 5.5079998779e+02 5.5100000000e+02 5.5109997559e+02 5.5129998779e+02 5.5150000000e+02 5.5179998779e+02 5.5209997559e+02 5.5229998779e+02 5.5240002441e+02 5.5259997559e+02 5.5270001221e+02 5.5309997559e+02 5.5340002441e+02 5.5390002441e+02 5.5440002441e+02 5.5479998779e+02 5.5520001221e+02 5.5570001221e+02 5.5620001221e+02 5.5659997559e+02 5.5720001221e+02 5.5759997559e+02 5.5800000000e+02 5.5840002441e+02 5.5890002441e+02 5.5929998779e+02 5.5970001221e+02 5.6000000000e+02 5.6050000000e+02 5.6090002441e+02 5.6140002441e+02 5.6190002441e+02 5.6229998779e+02 5.6259997559e+02 5.6300000000e+02 5.6329998779e+02 5.6370001221e+02 5.6409997559e+02 5.6440002441e+02 5.6479998779e+02 5.6520001221e+02 5.6570001221e+02 5.6620001221e+02 5.6659997559e+02 5.6690002441e+02
5.4990002441e+02 5.5009997559e+02 5.5020001221e+02 5.5040002441e+02 5.5059997559e+02 5.5079998779e+02 5.5100000000e+02 5.5129998779e+02 5.5159997559e+02 5.5179998779e+02 5.5200000000e+02 5.5220001221e+02 5.5240002441e+02 5.5279998779e+02 5.5320001221e+02 5.5359997559e+02 5.5409997559e+02 5.5450000000e+02 5.5490002441e+02 5.5540002441e+02 5.5600000000e+02 5.5650000000e+02 5.5690002441e+02 5.5729998779e+02 5.5770001221e+02 5.5820001221e+02 5.5870001221e+02 5.5909997559e+02 5.5959997559e+02 5.5990002441e+02 5.6040002441e+02 5.6079998779e+02 5.6120001221e+02 5.6159997559e+02 5.6190002441e+02 5.6220001221e+02 5.6259997559e+02 5.6309997559e+02 5.6350000000e+02 5.6390002441e+02 5.6420001221e+02 5.6459997559e+02 5.6509997559e+02 5.6559997559e+02 5.6600000000e+02 5.6640002441e+02
5.4920001221e+02 5.4929998779e+02 5.4950000000e+02 5.4970001221e+02 5.4990002441e+02 5.5020001221e+02 5.5040002441e+02 5.5070001221e+02 5.5090002441e+02 5.5120001221e+02 5.5140002441e+02 5.5159997559e+02 5.5190002441e+02 5.5220001221e+02 5.5259997559e+02 5.5290002441e+02 5.5340002441e+02 5.5390002441e+02 5.5429998779e+02 5.5470001221e+02 5.5520001221e+02 5.5579998779e+02 5.5620001221e+02 5.5659997559e+02 5.5700000000e+02 5.5750000000e+02 5.5800000000e+02 5.5859997559e+02 5.5900000000e+02 5.5940002441e+02 5.5970001221e+02 5.6009997559e+02 5.6050000000e+02 5.6090002441e+02 5.6120001221e+02 5.6150000000e+02 5.6179998779e+02 5.6229998779e+02 5.6279998779e+02 5.6320001221e+02 5.6359997559e+02 5.6409997559e+02 5.6450000000e+02 5.6500000000e+02 5.6550000000e+02 5.6590002441e+02
5.4850000000e+02 5.4859997559e+02 5.4879998779e+02 5.4909997559e+02 5.4929998779e+02 5.4959997559e+02 5.4979998779e+02 5.5000000000e+02 5.5020001221e+02 5.5040002441e+02 5.5059997559e+02 5.5090002441e+02 5.5120001221e+02 5.5159997559e+02 5.5190002441e+02 5.5229998779e+02 5.5279998779e+02 5.5320001221e+02 5.5370001221e+02 5.5409997559e+02 5.5450000000e+02 5.5500000000e+02 5.5550000000e+02 5.5590002441e+02 5.5629998779e+02 5.5679998779e+02 5.5729998779e+02 5.5779998779e+02 5.5829998779e+02 5.5859997559e+02 5.5890002441e+02 5.5929998779e+02 5.5979998779e+02 5.6020001221e+02 5.6050000000e+02 5.6070001221e+02 5.6109997559e+02 5.6159997559e+02 5.6220001221e+02 5.6270001221e+02 5.6309997559e+02 5.6350000000e+02 5.6390002441e+02 5.6440002441e+02 5.6490002441e+02 5.6529998779e+02
5.4779998779e+02 5.4800000000e+02 5.4820001221e+02 5.4859997559e+02 5.4879998779e+02 5.4900000000e+02 5.4909997559e+02 5.4929998779e+02 5.4950000000e+02 5.4970001221e+02 5.4990002441e+02 5.5020001221e+02 5.5059997559e+02 5.5100000000e+02 5.5140002441e+02 5.5179998779e+02 5.5220001221e+02 5.5259997559e+02 5.5309997559e+02 5.5350000000e+02 5.5390002441e+02 5.5440002441e+02 5.5479998779e+02 5.5520001221e+02 5.5570001221e+02 5.5609997559e+02 5.5659997559e+02 5.5709997559e+02 5.5740002441e+02 5.5779998779e+02 5.5809997559e+02 5.5850000000e+02 5.5890002441e+02 5.5940002441e+02 5.5970001221e+02 5.6009997559e+02 5.6050000000e+02 5.6109997559e+02 5.6159997559e+02 5.6209997559e+02 5.6250000000e+02 5.6290002441e+02 5.6329998779e+02 5.6370001221e+02 5.6420001221e+02 5.6450000000e+02
5.4709997559e+02 5.4740002441e+02 5.4770001221e+02 5.4800000000e+02 5.4829998779e+02 5.4840002441e+02 5.4850000000e+02 5.4850000000e+02 5.4879998779e+02 5.4900000000e+02 5.4929998779e+02 5.4950000000e+02 5.4990002441e+02 5.5029998779e+02 5.5070001221e+02 5.5120001221e+02 5.5159997559e+02 5.5209997559e+02 5.5250000000e+02 5.5290002441e+02 5.5329998779e+02 5.5370001221e+02 5.5420001221e+02 5.5459997559e+02 5.5500000000e+02 5.5540002441e+02 5.5590002441e+02 5.5629998779e+02 5.5659997559e+02 5.5690002441e+02 5.5720001221e+02 5.5750000000e+02 5.5800000000e+02 5.5850000000e+02 5.5900000000e+02 5.5940002441e+02 5.5990002441e+02 5.6059997559e+02 5.6109997559e+02 5.6150000000e+02 5.6190002441e+02 5.6229998779e+02 5.6259997559e+02 5.6300000000e+02 5.6340002441e+02 5.6379998779e+02
5.4659997559e+02 5.4690002441e+02 5.4709997559e+02 5.4740002441e+02 5.4759997559e+02 5.4770001221e+02 5.4779998779e+02 5.4790002441e+02 5.4809997559e+02 5.4829998779e+02 5.4859997559e+02 5.4890002441e+02 5.4920001221e+02 5.4959997559e+02 5.5000000000e+02 5.5059997559e+02 5.5109997559e+02 5.5150000000e+02 5.5190002441e+02 5.5220001221e+02 5.5259997559e+02 5.5300000000e+02 5.5340002441e+02 5.5379998779e+02 5.5429998779e+02 5.5470001221e+02 5.5509997559e+02 5.5559997559e+02 5.5590002441e+02 5.5629998779e+02 5.5659997559e+02 5.5679998779e+02 5.5720001221e+02 5.5779998779e+02 5.5829998779e+02 5.5879998779e+02 5.5929998779e+02 5.5990002441e+02 5.6050000000e+02 5.6090002441e+02 5.6129998779e+02 5.6170001221e+02 5.6200000000e+02 5.6229998779e+02 5.6270001221e+02 5.6309997559e+02
5.4600000000e+02 5.4620001221e+02 5.4640002441e+02 5.4659997559e+02 5.4679998779e+02 5.4690002441e+02 5.4709997559e+02 5.4709997559e+02 5.4729998779e+02 5.4759997559e+02 5.4790002441e+02 5.4820001221e+02 5.4859997559e+02 5.4890002441e+02 5.4929998779e+02 5.4990002441e+02 5.5040002441e+02 5.5079998779e+02 5.5120001221e+02 5.5159997559e+02 5.5190002441e+02 5.5220001221e+02 5.5270001221e+02 5.5309997559e+02 5.5350000000e+02 5.5390002441e+02 5.5440002441e+02 5.5490002441e+02 5.5540002441e+02 5.5570001221e+02 5.5600000000e+02 5.5629998779e+02 5.5670001221e+02 5.5720001221e+02 5.5770001221e+02 5.5820001221e+02 5.5870001221e+02 5.5920001221e+02 5.5970001221e+02 5.6020001221e+02 5.6059997559e+02 5.6100000000e+02 5.6140002441e+02 5.6170001221e+02 5.6209997559e+02 5.6250000000e+02
5.4529998779e+02 5.4550000000e+02 5.4559997559e+02 5.4590002441e+02 5.4600000000e+02 5.4609997559e+02 5.4620001221e+02 5.4640002441e+02 5.4659997559e+02 5.4679998779e+02 5.4720001221e+02 5.4750000000e+02 5.4790002441e+02 5.4820001221e+02 5.4870001221e+02 5.4920001221e+02 5.4970001221e+02 5.5009997559e+02 5.5059997559e+02 5.5100000000e+02 5.5129998779e+02 5.5159997559e+02 5.5200000000e+02 5.5240002441e+02 5.5279998779e+02 5.5329998779e+02 5.5370001221e+02 5.5420001221e+02 5.5470001221e+02 5.5509997559e+02 5.5550000000e+02 5.5590002441e+02 5.5629998779e+02 5.5659997559e+02 5.5709997559e+02 5.5759997559e+02 5.5809997559e+02 5.5859997559e+02 5.5909997559e+02 5.5950000000e+02 5.5990002441e+02 5.6029998779e+02 5.6070001221e+02 5.6109997559e+02 5.6140002441e+02 5.6190002441e+02
5.4459997559e+02 5.4479998779e+02 5.4490002441e+02 5.4509997559e+02 5.4520001221e+02 5.4529998779e+02 5.4550000000e+02 5.4570001221e+02 5.4590002441e+02 5.4609997559e+02 5.4640002441e+02 5.4679998779e+02 5.4709997559e+02 5.4759997559e+02 5.4800000000e+02 5.4850000000e+02 5.4909997559e+02 5.4950000000e+02 5.4990002441e+02 5.5029998779e+02 5.5070001221e+02 5.5120001221e+02 5.5150000000e+02 5.5190002441e+02 5.5229998779e+02 5.5259997559e+02 5.5309997559e+02 5.5350000000e+02 5.5400000000e+02 5.5459997559e+02 5.5500000000e+02 5.5540002441e+02 5.5570001221e+02 5.5609997559e+02 5.5659997559e+02 5.5709997559e+02 5.5759997559e+02 5.5800000000e+02 5.5840002441e+02 5.5879998779e+02 5.5929998779e+02 5.5970001221e+02 5.6009997559e+02 5.6040002441e+02 5.6090002441e+02 5.6140002441e+02
5.4390002441e+02 5.4400000000e+02 5.4420001221e+02 5.4429998779e+02 5.4450000000e+02 5.4470001221e+02 5.4479998779e+02 5.4500000000e+02 5.4529998779e+02 5.4550000000e+02 5.4579998779e+02 5.4609997559e+02 5.4650000000e+02 5.4679998779e+02 5.4720001221e+02 5.4770001221e+02 5.4829998779e+02 5.4879998779e+02 5.4909997559e+02 5.4959997559e+02 5.5009997559e+02 5.5059997559e+02 5.5100000000e+02 5.5129998779e+02 5.5170001221e+02 5.5200000000e+02 5.5240002441e+02 5.5279998779e+02 5.5340002441e+02 5.5390002441e+02 5.5429998779e+02 5.5470001221e+02 5.5509997559e+02 5.5550000000e+02 5.5600000000e+02 5.5659997559e+02 5.5700000000e+02 5.5740002441e+02 5.5770001221e+02 5.5809997559e+02 5.5859997559e+02 5.5909997559e+02 5.5940002441e+02 5.5979998779e+02 5.6029998779e+02 5.6079998779e+02
5.4320001221e+02 5.4329998779e+02 5.4350000000e+02 5.4359997559e+02 5.4379998779e+02 5.4400000000e+02 5.4420001221e+02 5.4440002441e+02 5.4470001221e+02 5.4490002441e+02 5.4520001221e+02 5.4550000000e+02 5.4579998779e+02 5.4609997559e+02 5.4650000000e+02 5.4690002441e+02 5.4740002441e+02 5.4800000000e+02 5.4840002441e+02 5.4890002441e+02 5.4940002441e+02 5.4990002441e+02 5.5029998779e+02 5.5070001221e+02 5.5109997559e+02 5.5140002441e+02 5.5179998779e+02 5.5229998779e+02 5.5270001221e+02 5.5320001221e+02 5.5359997559e+02 5.5409997559e+02 5.5450000000e+02 5.5500000000e+02 5.5550000000e+02 5.5590002441e+02 5.5629998779e+02 5.5670001221e+02 5.5709997559e+02 5.5750000000e+02 5.5790002441e+02 5.5840002441e+02 5.5870001221e+02 5.5920001221e+02 5.5959997559e+02 5.6020001221e+02
