DGM_1M_UPPER_AUSTRIA/42/23.asc
NCOLS 100
NROWS 100
XLLCORNER 6.4350500000e+04
YLLCORNER 2.9298850000e+05
CELLSIZE 1.0000000000e+00
NODATA_VALUE -9.9990000000e+03
[rows 60 to 79 of 100, columns 46 to 91 of 100]
5.2920001221e+02 5.2950000000e+02 5.2979998779e+02 5.3009997559e+02 5.3040002441e+02 5.3090002441e+02 5.3140002441e+02 5.3200000000e+02 5.3250000000e+02 5.3300000000e+02 5.3350000000e+02 5.3400000000e+02 5.3440002441e+02 5.3479998779e+02 5.3509997559e+02 5.3529998779e+02 5.3559997559e+02 5.3609997559e+02 5.3659997559e+02 5.3709997559e+02 5.3759997559e+02 5.3809997559e+02 5.3840002441e+02 5.3879998779e+02 5.3909997559e+02 5.3940002441e+02 5.3990002441e+02 5.4029998779e+02 5.4079998779e+02 5.4120001221e+02 5.4170001221e+02 5.4209997559e+02 5.4240002441e+02 5.4290002441e+02 5.4329998779e+02 5.4379998779e+02 5.4420001221e+02 5.4470001221e+02 5.4509997559e+02 5.4550000000e+02 5.4600000000e+02 5.4650000000e+02 5.4720001221e+02 5.4790002441e+02 5.4879998779e+02 5.4959997559e+02
5.2870001221e+02 5.2909997559e+02 5.2929998779e+02 5.2959997559e+02 5.2990002441e+02 5.3040002441e+02 5.3100000000e+02 5.3159997559e+02 5.3209997559e+02 5.3259997559e+02 5.3309997559e+02 5.3350000000e+02 5.3390002441e+02 5.3429998779e+02 5.3459997559e+02 5.3479998779e+02 5.3509997559e+02 5.3550000000e+02 5.3600000000e+02 5.3650000000e+02 5.3700000000e+02 5.3750000000e+02 5.3790002441e+02 5.3820001221e+02 5.3850000000e+02 5.3879998779e+02 5.3929998779e+02 5.3979998779e+02 5.4009997559e+02 5.4050000000e+02 5.4100000000e+02 5.4140002441e+02 5.4190002441e+02 5.4229998779e+02 5.4279998779e+02 5.4329998779e+02 5.4370001221e+02 5.4409997559e+02 5.4450000000e+02 5.4490002441e+02 5.4540002441e+02 5.4600000000e+02 5.4659997559e+02 5.4729998779e+02 5.4809997559e+02 5.4879998779e+02
5.2809997559e+02 5.2840002441e+02 5.2870001221e+02 5.2900000000e+02 5.2940002441e+02 5.2990002441e+02 5.3050000000e+02 5.3109997559e+02 5.3170001221e+02 5.3209997559e+02 5.3259997559e+02 5.3300000000e+02 5.3329998779e+02 5.3379998779e+02 5.3409997559e+02 5.3420001221e+02 5.3450000000e+02 5.3490002441e+02 5.3540002441e+02 5.3590002441e+02 5.3629998779e+02 5.3690002441e+02 5.3729998779e+02 5.3759997559e+02 5.3790002441e+02 5.3829998779e+02 5.3870001221e+02 5.3920001221e+02 5.3959997559e+02 5.3990002441e+02 5.4040002441e+02 5.4090002441e+02 5.4129998779e+02 5.4179998779e+02 5.4220001221e+02 5.4259997559e+02 5.4309997559e+02 5.4340002441e+02 5.4390002441e+02 5.4429998779e+02 5.4490002441e+02 5.4540002441e+02 5.4609997559e+02 5.4679998779e+02 5.4750000000e+02 5.4800000000e+02
5.2750000000e+02 5.2779998779e+02 5.2820001221e+02 5.2850000000e+02 5.2900000000e+02 5.2950000000e+02 5.3000000000e+02 5.3059997559e+02 5.3109997559e+02 5.3159997559e+02 5.3209997559e+02 5.3240002441e+02 5.3279998779e+02 5.3320001221e+02 5.3350000000e+02 5.3359997559e+02 5.3390002441e+02 5.3429998779e+02 5.3479998779e+02 5.3529998779e+02 5.3570001221e+02 5.3609997559e+02 5.3659997559e+02 5.3690002441e+02 5.3729998779e+02 5.3770001221e+02 5.3809997559e+02 5.3859997559e+02 5.3909997559e+02 5.3950000000e+02 5.4000000000e+02 5.4050000000e+02 5.4079998779e+02 5.4120001221e+02 5.4159997559e+02 5.4200000000e+02 5.4240002441e+02 5.4270001221e+02 5.4309997559e+02 5.4379998779e+02 5.4440002441e+02 5.4500000000e+02 5.4559997559e+02 5.4620001221e+02 5.4690002441e+02 5.4740002441e+02
5.2690002441e+02 5.2729998779e+02 5.2770001221e+02 5.2800000000e+02 5.2850000000e+02 5.2900000000e+02 5.2959997559e+02 5.3009997559e+02 5.3050000000e+02 5.3100000000e+02 5.3140002441e+02 5.3170001221e+02 5.3209997559e+02 5.3250000000e+02 5.3279998779e+02 5.3300000000e+02 5.3329998779e+02 5.3370001221e+02 5.3420001221e+02 5.3470001221e+02 5.3509997559e+02 5.3550000000e+02 5.3590002441e+02 5.3629998779e+02 5.3670001221e+02 5.3709997559e+02 5.3750000000e+02 5.3800000000e+02 5.3840002441e+02 5.3900000000e+02 5.3950000000e+02 5.3990002441e+02 5.4029998779e+02 5.4059997559e+02 5.4090002441e+02 5.4120001221e+02 5.4159997559e+02 5.4209997559e+02 5.4250000000e+02 5.4309997559e+02 5.4379998779e+02 5.4450000000e+02 5.4509997559e+02 5.4570001221e+02 5.4629998779e+02 5.4679998779e+02
5.2640002441e+02 5.2679998779e+02 5.2720001221e+02 5.2759997559e+02 5.2800000000e+02 5.2850000000e+02 5.2920001221e+02 5.2959997559e+02 5.3000000000e+02 5.3040002441e+02 5.3070001221e+02 5.3100000000e+02 5.3140002441e+02 5.3179998779e+02 5.3209997559e+02 5.3229998779e+02 5.3279998779e+02 5.3320001221e+02 5.3359997559e+02 5.3409997559e+02 5.3459997559e+02 5.3490002441e+02 5.3529998779e+02 5.3570001221e+02 5.3609997559e+02 5.3650000000e+02 5.3700000000e+02 5.3740002441e+02 5.3779998779e+02 5.3840002441e+02 5.3890002441e+02 5.3929998779e+02 5.3970001221e+02 5.4000000000e+02 5.4020001221e+02 5.4059997559e+02 5.4100000000e+02 5.4140002441e+02 5.4200000000e+02 5.4259997559e+02 5.4329998779e+02 5.4400000000e+02 5.4459997559e+02 5.4520001221e+02 5.4570001221e+02 5.4629998779e+02
5.2590002441e+02 5.2629998779e+02 5.2659997559e+02 5.2700000000e+02 5.2750000000e+02 5.2809997559e+02 5.2870001221e+02 5.2909997559e+02 5.2940002441e+02 5.2970001221e+02 5.3009997559e+02 5.3040002441e+02 5.3070001221e+02 5.3109997559e+02 5.3150000000e+02 5.3179998779e+02 5.3220001221e+02 5.3259997559e+02 5.3309997559e+02 5.3350000000e+02 5.3400000000e+02 5.3440002441e+02 5.3479998779e+02 5.3520001221e+02 5.3559997559e+02 5.3600000000e+02 5.3640002441e+02 5.3690002441e+02 5.3729998779e+02 5.3779998779e+02 5.3829998779e+02 5.3859997559e+02 5.3890002441e+02 5.3920001221e+02 5.3950000000e+02 5.3990002441e+02 5.4040002441e+02 5.4079998779e+02 5.4140002441e+02 5.4200000000e+02 5.4279998779e+02 5.4350000000e+02 5.4409997559e+02 5.4470001221e+02 5.4529998779e+02 5.4590002441e+02
5.2520001221e+02 5.2559997559e+02 5.2609997559e+02 5.2650000000e+02 5.2700000000e+02 5.2759997559e+02 5.2820001221e+02 5.2859997559e+02 5.2890002441e+02 5.2909997559e+02 5.2940002441e+02 5.2979998779e+02 5.3009997559e+02 5.3059997559e+02 5.3100000000e+02 5.3129998779e+02 5.3170001221e+02 5.3209997559e+02 5.3250000000e+02 5.3300000000e+02 5.3340002441e+02 5.3390002441e+02 5.3429998779e+02 5.3470001221e+02 5.3509997559e+02 5.3550000000e+02 5.3590002441e+02 5.3629998779e+02 5.3670001221e+02 5.3709997559e+02 5.3740002441e+02 5.3790002441e+02 5.3820001221e+02 5.3850000000e+02 5.3890002441e+02 5.3929998779e+02 5.3979998779e+02 5.4029998779e+02 5.4079998779e+02 5.4150000000e+02 5.4220001221e+02 5.4300000000e+02 5.4370001221e+02 5.4429998779e+02 5.4479998779e+02 5.4540002441e+02
5.2459997559e+02 5.2509997559e+02 5.2559997559e+02 5.2600000000e+02 5.2659997559e+02 5.2709997559e+02 5.2759997559e+02 5.2800000000e+02 5.2820001221e+02 5.2850000000e+02 5.2879998779e+02 5.2920001221e+02 5.2959997559e+02 5.3000000000e+02 5.3040002441e+02 5.3079998779e+02 5.3120001221e+02 5.3159997559e+02 5.3200000000e+02 5.3240002441e+02 5.3290002441e+02 5.3329998779e+02 5.3370001221e+02 5.3409997559e+02 5.3450000000e+02 5.3490002441e+02 5.3529998779e+02 5.3579998779e+02 5.3609997559e+02 5.3650000000e+02 5.3690002441e+02 5.3720001221e+02 5.3759997559e+02 5.3790002441e+02 5.3829998779e+02 5.3870001221e+02 5.3920001221e+02 5.3970001221e+02 5.4029998779e+02 5.4109997559e+02 5.4170001221e+02 5.4250000000e+02 5.4320001221e+02 5.4379998779e+02 5.4440002441e+02 5.4500000000e+02
5.2379998779e+02 5.2440002441e+02 5.2500000000e+02 5.2559997559e+02 5.2609997559e+02 5.2659997559e+02 5.2700000000e+02 5.2740002441e+02 5.2770001221e+02 5.2790002441e+02 5.2829998779e+02 5.2870001221e+02 5.2909997559e+02 5.2950000000e+02 5.2979998779e+02 5.3020001221e+02 5.3059997559e+02 5.3109997559e+02 5.3140002441e+02 5.3179998779e+02 5.3229998779e+02 5.3270001221e+02 5.3309997559e+02 5.3350000000e+02 5.3390002441e+02 5.3429998779e+02 5.3479998779e+02 5.3520001221e+02 5.3559997559e+02 5.3590002441e+02 5.3629998779e+02 5.3659997559e+02 5.3700000000e+02 5.3740002441e+02 5.3779998779e+02 5.3820001221e+02 5.3870001221e+02 5.3920001221e+02 5.3990002441e+02 5.4059997559e+02 5.4129998779e+02 5.4200000000e+02 5.4270001221e+02 5.4329998779e+02 5.4390002441e+02 5.4450000000e+02
5.2279998779e+02 5.2370001221e+02 5.2450000000e+02 5.2509997559e+02 5.2550000000e+02 5.2600000000e+02 5.2640002441e+02 5.2670001221e+02 5.2700000000e+02 5.2740002441e+02 5.2770001221e+02 5.2820001221e+02 5.2859997559e+02 5.2900000000e+02 5.2940002441e+02 5.2979998779e+02 5.3009997559e+02 5.3040002441e+02 5.3079998779e+02 5.3129998779e+02 5.3170001221e+02 5.3209997559e+02 5.3259997559e+02 5.3300000000e+02 5.3340002441e+02 5.3379998779e+02 5.3420001221e+02 5.3459997559e+02 5.3500000000e+02 5.3540002441e+02 5.3570001221e+02 5.3609997559e+02 5.3640002441e+02 5.3679998779e+02 5.3720001221e+02 5.3770001221e+02 5.3820001221e+02 5.3890002441e+02 5.3959997559e+02 5.4029998779e+02 5.4090002441e+02 5.4150000000e+02 5.4220001221e+02 5.4279998779e+02 5.4340002441e+02 5.4400000000e+02
5.2209997559e+02 5.2309997559e+02 5.2400000000e+02 5.2459997559e+02 5.2500000000e+02 5.2540002441e+02 5.2579998779e+02 5.2609997559e+02 5.2640002441e+02 5.2679998779e+02 5.2720001221e+02 5.2759997559e+02 5.2809997559e+02 5.2859997559e+02 5.2890002441e+02 5.2920001221e+02 5.2940002441e+02 5.2979998779e+02 5.3020001221e+02 5.3070001221e+02 5.3109997559e+02 5.3159997559e+02 5.3200000000e+02 5.3240002441e+02 5.3279998779e+02 5.3329998779e+02 5.3359997559e+02 5.3400000000e+02 5.3440002441e+02 5.3470001221e+02 5.3509997559e+02 5.3540002441e+02 5.3579998779e+02 5.3629998779e+02 5.3679998779e+02 5.3720001221e+02 5.3779998779e+02 5.3840002441e+02 5.3909997559e+02 5.3970001221e+02 5.4029998779e+02 5.4100000000e+02 5.4170001221e+02 5.4240002441e+02 5.4300000000e+02 5.4359997559e+02
5.2140002441e+02 5.2240002441e+02 5.2329998779e+02 5.2390002441e+02 5.2440002441e+02 5.2479998779e+02 5.2520001221e+02 5.2550000000e+02 5.2579998779e+02 5.2609997559e+02 5.2659997559e+02 5.2709997559e+02 5.2759997559e+02 5.2800000000e+02 5.2840002441e+02 5.2859997559e+02 5.2890002441e+02 5.2929998779e+02 5.2970001221e+02 5.3009997559e+02 5.3059997559e+02 5.3100000000e+02 5.3140002441e+02 5.3179998779e+02 5.3229998779e+02 5.3270001221e+02 5.3309997559e+02 5.3340002441e+02 5.3379998779e+02 5.3409997559e+02 5.3450000000e+02 5.3479998779e+02 5.3529998779e+02 5.3579998779e+02 5.3629998779e+02 5.3679998779e+02 5.3740002441e+02 5.3800000000e+02 5.3859997559e+02 5.3920001221e+02 5.3970001221e+02 5.4050000000e+02 5.4129998779e+02 5.4200000000e+02 5.4270001221e+02 5.4329998779e+02
5.2079998779e+02 5.2159997559e+02 5.2229998779e+02 5.2290002441e+02 5.2350000000e+02 5.2400000000e+02 5.2450000000e+02 5.2490002441e+02 5.2520001221e+02 5.2559997559e+02 5.2600000000e+02 5.2640002441e+02 5.2690002441e+02 5.2729998779e+02 5.2770001221e+02 5.2800000000e+02 5.2840002441e+02 5.2879998779e+02 5.2920001221e+02 5.2959997559e+02 5.3000000000e+02 5.3050000000e+02 5.3090002441e+02 5.3129998779e+02 5.3170001221e+02 5.3209997559e+02 5.3250000000e+02 5.3290002441e+02 5.3320001221e+02 5.3359997559e+02 5.3390002441e+02 5.3429998779e+02 5.3470001221e+02 5.3520001221e+02 5.3570001221e+02 5.3629998779e+02 5.3679998779e+02 5.3740002441e+02 5.3800000000e+02 5.3859997559e+02 5.3920001221e+02 5.4000000000e+02 5.4090002441e+02 5.4159997559e+02 5.4229998779e+02 5.4300000000e+02
5.2020001221e+02 5.2079998779e+02 5.2140002441e+02 5.2190002441e+02 5.2250000000e+02 5.2309997559e+02 5.2370001221e+02 5.2420001221e+02 5.2459997559e+02 5.2490002441e+02 5.2540002441e+02 5.2579998779e+02 5.2620001221e+02 5.2659997559e+02 5.2709997559e+02 5.2740002441e+02 5.2790002441e+02 5.2829998779e+02 5.2870001221e+02 5.2909997559e+02 5.2950000000e+02 5.3000000000e+02 5.3040002441e+02 5.3079998779e+02 5.3109997559e+02 5.3150000000e+02 5.3190002441e+02 5.3229998779e+02 5.3270001221e+02 5.3300000000e+02 5.3329998779e+02 5.3379998779e+02 5.3429998779e+02 5.3470001221e+02 5.3520001221e+02 5.3570001221e+02 5.3629998779e+02 5.3679998779e+02 5.3740002441e+02 5.3800000000e+02 5.3870001221e+02 5.3950000000e+02 5.4040002441e+02 5.4120001221e+02 5.4190002441e+02 5.4270001221e+02
5.1959997559e+02 5.2009997559e+02 5.2059997559e+02 5.2109997559e+02 5.2170001221e+02 5.2220001221e+02 5.2279998779e+02 5.2340002441e+02 5.2390002441e+02 5.2440002441e+02 5.2479998779e+02 5.2520001221e+02 5.2550000000e+02 5.2579998779e+02 5.2629998779e+02 5.2679998779e+02 5.2720001221e+02 5.2770001221e+02 5.2809997559e+02 5.2859997559e+02 5.2900000000e+02 5.2950000000e+02 5.2990002441e+02 5.3020001221e+02 5.3050000000e+02 5.3090002441e+02 5.3129998779e+02 5.3170001221e+02 5.3209997559e+02 5.3240002441e+02 5.3279998779e+02 5.3329998779e+02 5.3379998779e+02 5.3429998779e+02 5.3470001221e+02 5.3520001221e+02 5.3579998779e+02 5.3640002441e+02 5.3690002441e+02 5.3750000000e+02 5.3829998779e+02 5.3909997559e+02 5.3990002441e+02 5.4070001221e+02 5.4159997559e+02 5.4240002441e+02
5.1890002441e+02 5.1929998779e+02 5.1979998779e+02 5.2040002441e+02 5.2090002441e+02 5.2140002441e+02 5.2200000000e+02 5.2259997559e+02 5.2320001221e+02 5.2370001221e+02 5.2409997559e+02 5.2429998779e+02 5.2450000000e+02 5.2490002441e+02 5.2540002441e+02 5.2600000000e+02 5.2650000000e+02 5.2709997559e+02 5.2759997559e+02 5.2800000000e+02 5.2850000000e+02 5.2890002441e+02 5.2929998779e+02 5.2959997559e+02 5.2990002441e+02 5.3040002441e+02 5.3070001221e+02 5.3109997559e+02 5.3150000000e+02 5.3190002441e+02 5.3229998779e+02 5.3279998779e+02 5.3320001221e+02 5.3359997559e+02 5.3420001221e+02 5.3470001221e+02 5.3529998779e+02 5.3590002441e+02 5.3640002441e+02 5.3700000000e+02 5.3779998779e+02 5.3859997559e+02 5.3940002441e+02 5.4029998779e+02 5.4109997559e+02 5.4190002441e+02
5.1829998779e+02 5.1870001221e+02 5.1920001221e+02 5.1959997559e+02 5.2020001221e+02 5.2059997559e+02 5.2120001221e+02 5.2179998779e+02 5.2240002441e+02 5.2279998779e+02 5.2309997559e+02 5.2340002441e+02 5.2370001221e+02 5.2420001221e+02 5.2459997559e+02 5.2509997559e+02 5.2579998779e+02 5.2650000000e+02 5.2709997559e+02 5.2750000000e+02 5.2790002441e+02 5.2829998779e+02 5.2870001221e+02 5.2900000000e+02 5.2929998779e+02 5.2979998779e+02 5.3009997559e+02 5.3050000000e+02 5.3090002441e+02 5.3129998779e+02 5.3179998779e+02 5.3220001221e+02 5.3259997559e+02 5.3309997559e+02 5.3359997559e+02 5.3420001221e+02 5.3479998779e+02 5.3540002441e+02 5.3590002441e+02 5.3659997559e+02 5.3729998779e+02 5.3820001221e+02 5.3890002441e+02 5.3979998779e+02 5.4070001221e+02 5.4159997559e+02
5.1790002441e+02 5.1820001221e+02 5.1859997559e+02 5.1900000000e+02 5.1950000000e+02 5.1990002441e+02 5.2040002441e+02 5.2100000000e+02 5.2150000000e+02 5.2190002441e+02 5.2220001221e+02 5.2259997559e+02 5.2309997559e+02 5.2359997559e+02 5.2400000000e+02 5.2450000000e+02 5.2529998779e+02 5.2609997559e+02 5.2659997559e+02 5.2700000000e+02 5.2740002441e+02 5.2779998779e+02 5.2820001221e+02 5.2850000000e+02 5.2879998779e+02 5.2920001221e+02 5.2959997559e+02 5.2990002441e+02 5.3029998779e+02 5.3070001221e+02 5.3109997559e+02 5.3170001221e+02 5.3209997559e+02 5.3259997559e+02 5.3309997559e+02 5.3370001221e+02 5.3429998779e+02 5.3490002441e+02 5.3559997559e+02 5.3629998779e+02 5.3700000000e+02 5.3779998779e+02 5.3850000000e+02 5.3940002441e+02 5.4020001221e+02 5.4109997559e+02
5.1750000000e+02 5.1779998779e+02 5.1809997559e+02 5.1850000000e+02 5.1890002441e+02 5.1940002441e+02 5.1990002441e+02 5.2029998779e+02 5.2070001221e+02 5.2120001221e+02 5.2150000000e+02 5.2190002441e+02 5.2240002441e+02 5.2290002441e+02 5.2329998779e+02 5.2390002441e+02 5.2479998779e+02 5.2570001221e+02 5.2609997559e+02 5.2650000000e+02 5.2679998779e+02 5.2729998779e+02 5.2759997559e+02 5.2790002441e+02 5.2820001221e+02 5.2859997559e+02 5.2900000000e+02 5.2929998779e+02 5.2979998779e+02 5.3020001221e+02 5.3059997559e+02 5.3120001221e+02 5.3170001221e+02 5.3220001221e+02 5.3270001221e+02 5.3320001221e+02 5.3390002441e+02 5.3459997559e+02 5.3540002441e+02 5.3609997559e+02 5.3679998779e+02 5.3750000000e+02 5.3809997559e+02 5.3890002441e+02 5.3970001221e+02 5.4059997559e+02
