DGM_1M_UPPER_AUSTRIA/42/29.asc
NCOLS 100
NROWS 100
XLLCORNER 6.4350500000e+04
YLLCORNER 2.9238850000e+05
CELLSIZE 1.0000000000e+00
NODATA_VALUE -9.9990000000e+03
[rows 60 to 79 of 100, columns 0 to 45 of 100]
5.2200000000e+02 5.2179998779e+02 5.2170001221e+02 5.2170001221e+02 5.2170001221e+02 5.2170001221e+02 5.2170001221e+02 5.2159997559e+02 5.2159997559e+02 5.2159997559e+02 5.2159997559e+02 5.2159997559e+02 5.2150000000e+02 5.2140002441e+02 5.2140002441e+02 5.2140002441e+02 5.2140002441e+02 5.2129998779e+02 5.2129998779e+02 5.2120001221e+02 5.2120001221e+02 5.2120001221e+02 5.2109997559e+02 5.2109997559e+02 5.2109997559e+02 5.2100000000e+02 5.2100000000e+02 5.2090002441e+02 5.2090002441e+02 5.2090002441e+02 5.2079998779e+02 5.2079998779e+02 5.2079998779e+02 5.2079998779e+02 5.2070001221e+02 5.2070001221e+02 5.2070001221e+02 5.2070001221e+02 5.2059997559e+02 5.2059997559e+02 5.2059997559e+02 5.2059997559e+02 5.2050000000e+02 5.2040002441e+02 5.2040002441e+02 5.2040002441e+02
5.2190002441e+02 5.2179998779e+02 5.2179998779e+02 5.2170001221e+02 5.2170001221e+02 5.2170001221e+02 5.2170001221e+02 5.2170001221e+02 5.2159997559e+02 5.2159997559e+02 5.2159997559e+02 5.2159997559e+02 5.2150000000e+02 5.2140002441e+02 5.2140002441e+02 5.2140002441e+02 5.2140002441e+02 5.2129998779e+02 5.2129998779e+02 5.2120001221e+02 5.2120001221e+02 5.2120001221e+02 5.2109997559e+02 5.2109997559e+02 5.2109997559e+02 5.2100000000e+02 5.2100000000e+02 5.2090002441e+02 5.2090002441e+02 5.2090002441e+02 5.2079998779e+02 5.2079998779e+02 5.2079998779e+02 5.2070001221e+02 5.2070001221e+02 5.2070001221e+02 5.2070001221e+02 5.2059997559e+02 5.2059997559e+02 5.2059997559e+02 5.2050000000e+02 5.2050000000e+02 5.2040002441e+02 5.2040002441e+02 5.2040002441e+02 5.2040002441e+02
5.2190002441e+02 5.2179998779e+02 5.2179998779e+02 5.2179998779e+02 5.2170001221e+02 5.2170001221e+02 5.2170001221e+02 5.2170001221e+02 5.2170001221e+02 5.2159997559e+02 5.2159997559e+02 5.2159997559e+02 5.2150000000e+02 5.2150000000e+02 5.2140002441e+02 5.2140002441e+02 5.2140002441e+02 5.2140002441e+02 5.2129998779e+02 5.2120001221e+02 5.2120001221e+02 5.2120001221e+02 5.2109997559e+02 5.2109997559e+02 5.2109997559e+02 5.2100000000e+02 5.2090002441e+02 5.2090002441e+02 5.2090002441e+02 5.2090002441e+02 5.2079998779e+02 5.2079998779e+02 5.2079998779e+02 5.2070001221e+02 5.2070001221e+02 5.2059997559e+02 5.2059997559e+02 5.2059997559e+02 5.2059997559e+02 5.2050000000e+02 5.2040002441e+02 5.2040002441e+02 5.2040002441e+02 5.2040002441e+02 5.2029998779e+02 5.2029998779e+02
5.2190002441e+02 5.2190002441e+02 5.2179998779e+02 5.2179998779e+02 5.2179998779e+02 5.2170001221e+02 5.2170001221e+02 5.2170001221e+02 5.2170001221e+02 5.2170001221e+02 5.2159997559e+02 5.2159997559e+02 5.2159997559e+02 5.2150000000e+02 5.2150000000e+02 5.2140002441e+02 5.2140002441e+02 5.2140002441e+02 5.2129998779e+02 5.2129998779e+02 5.2120001221e+02 5.2120001221e+02 5.2109997559e+02 5.2109997559e+02 5.2109997559e+02 5.2100000000e+02 5.2090002441e+02 5.2090002441e+02 5.2090002441e+02 5.2079998779e+02 5.2079998779e+02 5.2070001221e+02 5.2070001221e+02 5.2070001221e+02 5.2070001221e+02 5.2059997559e+02 5.2059997559e+02 5.2059997559e+02 5.2050000000e+02 5.2040002441e+02 5.2040002441e+02 5.2040002441e+02 5.2040002441e+02 5.2029998779e+02 5.2029998779e+02 5.2029998779e+02
5.2190002441e+02 5.2190002441e+02 5.2190002441e+02 5.2179998779e+02 5.2179998779e+02 5.2179998779e+02 5.2179998779e+02 5.2170001221e+02 5.2170001221e+02 5.2170001221e+02 5.2170001221e+02 5.2159997559e+02 5.2159997559e+02 5.2159997559e+02 5.2150000000e+02 5.2140002441e+02 5.2140002441e+02 5.2140002441e+02 5.2129998779e+02 5.2129998779e+02 5.2120001221e+02 5.2120001221e+02 5.2109997559e+02 5.2109997559e+02 5.2109997559e+02 5.2100000000e+02 5.2090002441e+02 5.2090002441e+02 5.2090002441e+02 5.2079998779e+02 5.2079998779e+02 5.2070001221e+02 5.2070001221e+02 5.2059997559e+02 5.2059997559e+02 5.2059997559e+02 5.2059997559e+02 5.2050000000e+02 5.2040002441e+02 5.2040002441e+02 5.2040002441e+02 5.2029998779e+02 5.2029998779e+02 5.2020001221e+02 5.2020001221e+02 5.2020001221e+02
5.2190002441e+02 5.2190002441e+02 5.2190002441e+02 5.2190002441e+02 5.2179998779e+02 5.2179998779e+02 5.2179998779e+02 5.2179998779e+02 5.2170001221e+02 5.2170001221e+02 5.2170001221e+02 5.2159997559e+02 5.2159997559e+02 5.2159997559e+02 5.2150000000e+02 5.2150000000e+02 5.2140002441e+02 5.2140002441e+02 5.2140002441e+02 5.2129998779e+02 5.2120001221e+02 5.2120001221e+02 5.2109997559e+02 5.2109997559e+02 5.2109997559e+02 5.2100000000e+02 5.2090002441e+02 5.2090002441e+02 5.2090002441e+02 5.2079998779e+02 5.2079998779e+02 5.2070001221e+02 5.2070001221e+02 5.2059997559e+02 5.2059997559e+02 5.2059997559e+02 5.2050000000e+02 5.2040002441e+02 5.2040002441e+02 5.2029998779e+02 5.2029998779e+02 5.2020001221e+02 5.2020001221e+02 5.2020001221e+02 5.2009997559e+02 5.2009997559e+02
5.2190002441e+02 5.2190002441e+02 5.2190002441e+02 5.2190002441e+02 5.2179998779e+02 5.2179998779e+02 5.2179998779e+02 5.2179998779e+02 5.2179998779e+02 5.2170001221e+02 5.2170001221e+02 5.2170001221e+02 5.2159997559e+02 5.2159997559e+02 5.2159997559e+02 5.2150000000e+02 5.2140002441e+02 5.2140002441e+02 5.2140002441e+02 5.2129998779e+02 5.2129998779e+02 5.2120001221e+02 5.2109997559e+02 5.2109997559e+02 5.2109997559e+02 5.2100000000e+02 5.2090002441e+02 5.2090002441e+02 5.2079998779e+02 5.2079998779e+02 5.2070001221e+02 5.2070001221e+02 5.2059997559e+02 5.2059997559e+02 5.2059997559e+02 5.2050000000e+02 5.2040002441e+02 5.2040002441e+02 5.2029998779e+02 5.2029998779e+02 5.2020001221e+02 5.2020001221e+02 5.2020001221e+02 5.2009997559e+02 5.2009997559e+02 5.2000000000e+02
5.2190002441e+02 5.2190002441e+02 5.2190002441e+02 5.2190002441e+02 5.2190002441e+02 5.2179998779e+02 5.2179998779e+02 5.2179998779e+02 5.2179998779e+02 5.2170001221e+02 5.2170001221e+02 5.2170001221e+02 5.2159997559e+02 5.2159997559e+02 5.2159997559e+02 5.2150000000e+02 5.2140002441e+02 5.2140002441e+02 5.2140002441e+02 5.2140002441e+02 5.2120001221e+02 5.2120001221e+02 5.2109997559e+02 5.2109997559e+02 5.2109997559e+02 5.2090002441e+02 5.2090002441e+02 5.2090002441e+02 5.2079998779e+02 5.2070001221e+02 5.2070001221e+02 5.2070001221e+02 5.2059997559e+02 5.2059997559e+02 5.2050000000e+02 5.2040002441e+02 5.2040002441e+02 5.2029998779e+02 5.2020001221e+02 5.2020001221e+02 5.2009997559e+02 5.2009997559e+02 5.2009997559e+02 5.2009997559e+02 5.2000000000e+02 5.1990002441e+02
5.2200000000e+02 5.2190002441e+02 5.2190002441e+02 5.2190002441e+02 5.2190002441e+02 5.2190002441e+02 5.2190002441e+02 5.2179998779e+02 5.2179998779e+02 5.2179998779e+02 5.2170001221e+02 5.2170001221e+02 5.2170001221e+02 5.2159997559e+02 5.2159997559e+02 5.2159997559e+02 5.2150000000e+02 5.2140002441e+02 5.2140002441e+02 5.2140002441e+02 5.2129998779e+02 5.2120001221e+02 5.2109997559e+02 5.2109997559e+02 5.2100000000e+02 5.2090002441e+02 5.2090002441e+02 5.2090002441e+02 5.2079998779e+02 5.2070001221e+02 5.2070001221e+02 5.2059997559e+02 5.2059997559e+02 5.2050000000e+02 5.2040002441e+02 5.2040002441e+02 5.2029998779e+02 5.2020001221e+02 5.2020001221e+02 5.2009997559e+02 5.2009997559e+02 5.2000000000e+02 5.1990002441e+02 5.1990002441e+02 5.1990002441e+02 5.1979998779e+02
5.2200000000e+02 5.2200000000e+02 5.2190002441e+02 5.2190002441e+02 5.2190002441e+02 5.2190002441e+02 5.2190002441e+02 5.2190002441e+02 5.2179998779e+02 5.2179998779e+02 5.2170001221e+02 5.2170001221e+02 5.2170001221e+02 5.2159997559e+02 5.2159997559e+02 5.2159997559e+02 5.2150000000e+02 5.2140002441e+02 5.2140002441e+02 5.2129998779e+02 5.2129998779e+02 5.2120001221e+02 5.2109997559e+02 5.2109997559e+02 5.2100000000e+02 5.2090002441e+02 5.2090002441e+02 5.2079998779e+02 5.2070001221e+02 5.2070001221e+02 5.2059997559e+02 5.2059997559e+02 5.2050000000e+02 5.2040002441e+02 5.2040002441e+02 5.2029998779e+02 5.2020001221e+02 5.2020001221e+02 5.2009997559e+02 5.2009997559e+02 5.2000000000e+02 5.1990002441e+02 5.1990002441e+02 5.1979998779e+02 5.1979998779e+02 5.1970001221e+02
5.2200000000e+02 5.2200000000e+02 5.2190002441e+02 5.2190002441e+02 5.2190002441e+02 5.2190002441e+02 5.2190002441e+02 5.2190002441e+02 5.2190002441e+02 5.2179998779e+02 5.2179998779e+02 5.2170001221e+02 5.2170001221e+02 5.2170001221e+02 5.2159997559e+02 5.2159997559e+02 5.2150000000e+02 5.2140002441e+02 5.2140002441e+02 5.2129998779e+02 5.2129998779e+02 5.2120001221e+02 5.2120001221e+02 5.2109997559e+02 5.2100000000e+02 5.2090002441e+02 5.2090002441e+02 5.2079998779e+02 5.2070001221e+02 5.2070001221e+02 5.2059997559e+02 5.2059997559e+02 5.2050000000e+02 5.2040002441e+02 5.2029998779e+02 5.2020001221e+02 5.2020001221e+02 5.2009997559e+02 5.2009997559e+02 5.2000000000e+02 5.1990002441e+02 5.1979998779e+02 5.1979998779e+02 5.1970001221e+02 5.1959997559e+02 5.1959997559e+02
5.2200000000e+02 5.2200000000e+02 5.2190002441e+02 5.2190002441e+02 5.2190002441e+02 5.2190002441e+02 5.2190002441e+02 5.2190002441e+02 5.2190002441e+02 5.2190002441e+02 5.2179998779e+02 5.2170001221e+02 5.2170001221e+02 5.2170001221e+02 5.2159997559e+02 5.2159997559e+02 5.2159997559e+02 5.2150000000e+02 5.2140002441e+02 5.2129998779e+02 5.2129998779e+02 5.2120001221e+02 5.2109997559e+02 5.2109997559e+02 5.2100000000e+02 5.2090002441e+02 5.2090002441e+02 5.2079998779e+02 5.2070001221e+02 5.2059997559e+02 5.2059997559e+02 5.2050000000e+02 5.2040002441e+02 5.2040002441e+02 5.2020001221e+02 5.2020001221e+02 5.2009997559e+02 5.2009997559e+02 5.1990002441e+02 5.1990002441e+02 5.1979998779e+02 5.1970001221e+02 5.1970001221e+02 5.1959997559e+02 5.1959997559e+02 5.1950000000e+02
5.2200000000e+02 5.2200000000e+02 5.2200000000e+02 5.2200000000e+02 5.2200000000e+02 5.2190002441e+02 5.2190002441e+02 5.2190002441e+02 5.2190002441e+02 5.2190002441e+02 5.2179998779e+02 5.2170001221e+02 5.2170001221e+02 5.2170001221e+02 5.2159997559e+02 5.2159997559e+02 5.2159997559e+02 5.2150000000e+02 5.2140002441e+02 5.2140002441e+02 5.2120001221e+02 5.2120001221e+02 5.2109997559e+02 5.2109997559e+02 5.2100000000e+02 5.2090002441e+02 5.2090002441e+02 5.2079998779e+02 5.2070001221e+02 5.2059997559e+02 5.2059997559e+02 5.2040002441e+02 5.2040002441e+02 5.2029998779e+02 5.2020001221e+02 5.2009997559e+02 5.2009997559e+02 5.2000000000e+02 5.1990002441e+02 5.1979998779e+02 5.1970001221e+02 5.1959997559e+02 5.1959997559e+02 5.1950000000e+02 5.1940002441e+02 5.1940002441e+02
5.2209997559e+02 5.2200000000e+02 5.2200000000e+02 5.2200000000e+02 5.2200000000e+02 5.2200000000e+02 5.2190002441e+02 5.2190002441e+02 5.2190002441e+02 5.2190002441e+02 5.2190002441e+02 5.2179998779e+02 5.2170001221e+02 5.2170001221e+02 5.2159997559e+02 5.2159997559e+02 5.2159997559e+02 5.2150000000e+02 5.2140002441e+02 5.2140002441e+02 5.2129998779e+02 5.2120001221e+02 5.2109997559e+02 5.2109997559e+02 5.2090002441e+02 5.2090002441e+02 5.2079998779e+02 5.2070001221e+02 5.2070001221e+02 5.2059997559e+02 5.2050000000e+02 5.2040002441e+02 5.2029998779e+02 5.2020001221e+02 5.2009997559e+02 5.2009997559e+02 5.2000000000e+02 5.1990002441e+02 5.1979998779e+02 5.1970001221e+02 5.1959997559e+02 5.1959997559e+02 5.1940002441e+02 5.1940002441e+02 5.1929998779e+02 5.1929998779e+02
5.2209997559e+02 5.2209997559e+02 5.2209997559e+02 5.2209997559e+02 5.2200000000e+02 5.2200000000e+02 5.2200000000e+02 5.2190002441e+02 5.2190002441e+02 5.2190002441e+02 5.2190002441e+02 5.2179998779e+02 5.2170001221e+02 5.2170001221e+02 5.2170001221e+02 5.2159997559e+02 5.2159997559e+02 5.2150000000e+02 5.2140002441e+02 5.2140002441e+02 5.2129998779e+02 5.2120001221e+02 5.2109997559e+02 5.2109997559e+02 5.2090002441e+02 5.2090002441e+02 5.2079998779e+02 5.2070001221e+02 5.2059997559e+02 5.2059997559e+02 5.2040002441e+02 5.2029998779e+02 5.2020001221e+02 5.2020001221e+02 5.2009997559e+02 5.2000000000e+02 5.1990002441e+02 5.1979998779e+02 5.1970001221e+02 5.1959997559e+02 5.1959997559e+02 5.1940002441e+02 5.1940002441e+02 5.1929998779e+02 5.1920001221e+02 5.1920001221e+02
5.2209997559e+02 5.2209997559e+02 5.2209997559e+02 5.2209997559e+02 5.2209997559e+02 5.2200000000e+02 5.2200000000e+02 5.2200000000e+02 5.2190002441e+02 5.2190002441e+02 5.2190002441e+02 5.2190002441e+02 5.2179998779e+02 5.2170001221e+02 5.2170001221e+02 5.2159997559e+02 5.2159997559e+02 5.2150000000e+02 5.2140002441e+02 5.2140002441e+02 5.2120001221e+02 5.2120001221e+02 5.2109997559e+02 5.2100000000e+02 5.2090002441e+02 5.2090002441e+02 5.2079998779e+02 5.2070001221e+02 5.2059997559e+02 5.2050000000e+02 5.2040002441e+02 5.2029998779e+02 5.2020001221e+02 5.2009997559e+02 5.2000000000e+02 5.1990002441e+02 5.1979998779e+02 5.1970001221e+02 5.1959997559e+02 5.1959997559e+02 5.1940002441e+02 5.1940002441e+02 5.1929998779e+02 5.1920001221e+02 5.1909997559e+02 5.1909997559e+02
5.2209997559e+02 5.2209997559e+02 5.2209997559e+02 5.2209997559e+02 5.2209997559e+02 5.2209997559e+02 5.2200000000e+02 5.2200000000e+02 5.2190002441e+02 5.2190002441e+02 5.2190002441e+02 5.2190002441e+02 5.2179998779e+02 5.2170001221e+02 5.2170001221e+02 5.2159997559e+02 5.2159997559e+02 5.2150000000e+02 5.2140002441e+02 5.2140002441e+02 5.2129998779e+02 5.2120001221e+02 5.2109997559e+02 5.2100000000e+02 5.2090002441e+02 5.2090002441e+02 5.2070001221e+02 5.2070001221e+02 5.2059997559e+02 5.2050000000e+02 5.2040002441e+02 5.2020001221e+02 5.2020001221e+02 5.2009997559e+02 5.2000000000e+02 5.1990002441e+02 5.1970001221e+02 5.1959997559e+02 5.1959997559e+02 5.1950000000e+02 5.1940002441e+02 5.1929998779e+02 5.1920001221e+02 5.1909997559e+02 5.1909997559e+02 5.1900000000e+02
5.2209997559e+02 5.2209997559e+02 5.2209997559e+02 5.2209997559e+02 5.2209997559e+02 5.2209997559e+02 5.2209997559e+02 5.2200000000e+02 5.2200000000e+02 5.2190002441e+02 5.2190002441e+02 5.2190002441e+02 5.2179998779e+02 5.2170001221e+02 5.2170001221e+02 5.2159997559e+02 5.2159997559e+02 5.2150000000e+02 5.2140002441e+02 5.2140002441e+02 5.2129998779e+02 5.2120001221e+02 5.2109997559e+02 5.2100000000e+02 5.2090002441e+02 5.2090002441e+02 5.2070001221e+02 5.2059997559e+02 5.2059997559e+02 5.2040002441e+02 5.2029998779e+02 5.2020001221e+02 5.2009997559e+02 5.2000000000e+02 5.1990002441e+02 5.1979998779e+02 5.1970001221e+02 5.1959997559e+02 5.1950000000e+02 5.1940002441e+02 5.1929998779e+02 5.1920001221e+02 5.1909997559e+02 5.1909997559e+02 5.1900000000e+02 5.1890002441e+02
5.2209997559e+02 5.2209997559e+02 5.2209997559e+02 5.2209997559e+02 5.2209997559e+02 5.2209997559e+02 5.2209997559e+02 5.2200000000e+02 5.2200000000e+02 5.2190002441e+02 5.2190002441e+02 5.2190002441e+02 5.2179998779e+02 5.2179998779e+02 5.2170001221e+02 5.2170001221e+02 5.2159997559e+02 5.2159997559e+02 5.2140002441e+02 5.2140002441e+02 5.2129998779e+02 5.2120001221e+02 5.2109997559e+02 5.2100000000e+02 5.2090002441e+02 5.2079998779e+02 5.2070001221e+02 5.2059997559e+02 5.2050000000e+02 5.2040002441e+02 5.2029998779e+02 5.2020001221e+02 5.2009997559e+02 5.1990002441e+02 5.1990002441e+02 5.1970001221e+02 5.1959997559e+02 5.1950000000e+02 5.1940002441e+02 5.1940002441e+02 5.1920001221e+02 5.1920001221e+02 5.1909997559e+02 5.1900000000e+02 5.1890002441e+02 5.1890002441e+02
5.2220001221e+02 5.2220001221e+02 5.2209997559e+02 5.2209997559e+02 5.2209997559e+02 5.2209997559e+02 5.2209997559e+02 5.2209997559e+02 5.2200000000e+02 5.2200000000e+02 5.2190002441e+02 5.2190002441e+02 5.2190002441e+02 5.2179998779e+02 5.2170001221e+02 5.2170001221e+02 5.2159997559e+02 5.2159997559e+02 5.2140002441e+02 5.2140002441e+02 5.2129998779e+02 5.2120001221e+02 5.2109997559e+02 5.2100000000e+02 5.2090002441e+02 5.2079998779e+02 5.2070001221e+02 5.2059997559e+02 5.2050000000e+02 5.2040002441e+02 5.2020001221e+02 5.2009997559e+02 5.2000000000e+02 5.1990002441e+02 5.1979998779e+02 5.1970001221e+02 5.1959997559e+02 5.1940002441e+02 5.1940002441e+02 5.1929998779e+02 5.1920001221e+02 5.1909997559e+02 5.1900000000e+02 5.1890002441e+02 5.1890002441e+02 5.1879998779e+02
