DGM_1M_UPPER_AUSTRIA/42/4.asc
NCOLS 100
NROWS 100
XLLCORNER 6.4350500000e+04
YLLCORNER 2.9488850000e+05
CELLSIZE 1.0000000000e+00
NODATA_VALUE -9.9990000000e+03
[rows 60 to 79 of 100, columns 0 to 45 of 100]
7.6709997559e+02 7.6759997559e+02 7.6809997559e+02 7.6870001221e+02 7.6950000000e+02 7.7020001221e+02 7.7100000000e+02 7.7170001221e+02 7.7250000000e+02 7.7329998779e+02 7.7409997559e+02 7.7500000000e+02 7.7590002441e+02 7.7670001221e+02 7.7759997559e+02 7.7840002441e+02 7.7920001221e+02 7.8000000000e+02 7.8070001221e+02 7.8129998779e+02 7.8200000000e+02 7.8259997559e+02 7.8329998779e+02 7.8400000000e+02 7.8470001221e+02 7.8529998779e+02 7.8579998779e+02 7.8629998779e+02 7.8690002441e+02 7.8750000000e+02 7.8800000000e+02 7.8840002441e+02 7.8890002441e+02 7.8940002441e+02 7.8979998779e+02 7.9020001221e+02 7.9059997559e+02 7.9090002441e+02 7.9120001221e+02 7.9159997559e+02 7.9190002441e+02 7.9220001221e+02 7.9259997559e+02 7.9300000000e+02 7.9329998779e+02 7.9359997559e+02
7.6720001221e+02 7.6770001221e+02 7.6809997559e+02 7.6870001221e+02 7.6950000000e+02 7.7020001221e+02 7.7100000000e+02 7.7170001221e+02 7.7240002441e+02 7.7320001221e+02 7.7409997559e+02 7.7490002441e+02 7.7579998779e+02 7.7659997559e+02 7.7740002441e+02 7.7809997559e+02 7.7900000000e+02 7.7979998779e+02 7.8050000000e+02 7.8120001221e+02 7.8179998779e+02 7.8240002441e+02 7.8300000000e+02 7.8370001221e+02 7.8440002441e+02 7.8500000000e+02 7.8559997559e+02 7.8609997559e+02 7.8670001221e+02 7.8729998779e+02 7.8770001221e+02 7.8820001221e+02 7.8859997559e+02 7.8909997559e+02 7.8950000000e+02 7.8990002441e+02 7.9029998779e+02 7.9070001221e+02 7.9100000000e+02 7.9129998779e+02 7.9150000000e+02 7.9190002441e+02 7.9240002441e+02 7.9270001221e+02 7.9300000000e+02 7.9329998779e+02
7.6709997559e+02 7.6759997559e+02 7.6809997559e+02 7.6879998779e+02 7.6950000000e+02 7.7020001221e+02 7.7090002441e+02 7.7159997559e+02 7.7240002441e+02 7.7320001221e+02 7.7390002441e+02 7.7479998779e+02 7.7570001221e+02 7.7650000000e+02 7.7729998779e+02 7.7790002441e+02 7.7870001221e+02 7.7950000000e+02 7.8040002441e+02 7.8109997559e+02 7.8170001221e+02 7.8229998779e+02 7.8279998779e+02 7.8340002441e+02 7.8409997559e+02 7.8479998779e+02 7.8529998779e+02 7.8590002441e+02 7.8650000000e+02 7.8700000000e+02 7.8750000000e+02 7.8800000000e+02 7.8840002441e+02 7.8879998779e+02 7.8920001221e+02 7.8959997559e+02 7.8990002441e+02 7.9040002441e+02 7.9070001221e+02 7.9100000000e+02 7.9129998779e+02 7.9170001221e+02 7.9209997559e+02 7.9250000000e+02 7.9279998779e+02 7.9300000000e+02
7.6700000000e+02 7.6750000000e+02 7.6809997559e+02 7.6879998779e+02 7.6950000000e+02 7.7020001221e+02 7.7090002441e+02 7.7159997559e+02 7.7229998779e+02 7.7309997559e+02 7.7390002441e+02 7.7470001221e+02 7.7559997559e+02 7.7640002441e+02 7.7709997559e+02 7.7779998779e+02 7.7859997559e+02 7.7940002441e+02 7.8020001221e+02 7.8090002441e+02 7.8150000000e+02 7.8209997559e+02 7.8259997559e+02 7.8320001221e+02 7.8390002441e+02 7.8450000000e+02 7.8509997559e+02 7.8559997559e+02 7.8620001221e+02 7.8679998779e+02 7.8729998779e+02 7.8770001221e+02 7.8809997559e+02 7.8850000000e+02 7.8890002441e+02 7.8920001221e+02 7.8959997559e+02 7.9000000000e+02 7.9040002441e+02 7.9070001221e+02 7.9100000000e+02 7.9140002441e+02 7.9170001221e+02 7.9220001221e+02 7.9250000000e+02 7.9270001221e+02
7.6690002441e+02 7.6740002441e+02 7.6800000000e+02 7.6870001221e+02 7.6940002441e+02 7.7009997559e+02 7.7079998779e+02 7.7150000000e+02 7.7220001221e+02 7.7300000000e+02 7.7379998779e+02 7.7459997559e+02 7.7550000000e+02 7.7620001221e+02 7.7700000000e+02 7.7770001221e+02 7.7850000000e+02 7.7929998779e+02 7.8000000000e+02 7.8070001221e+02 7.8140002441e+02 7.8200000000e+02 7.8250000000e+02 7.8300000000e+02 7.8359997559e+02 7.8420001221e+02 7.8479998779e+02 7.8540002441e+02 7.8590002441e+02 7.8650000000e+02 7.8700000000e+02 7.8740002441e+02 7.8779998779e+02 7.8820001221e+02 7.8850000000e+02 7.8890002441e+02 7.8929998779e+02 7.8970001221e+02 7.9009997559e+02 7.9040002441e+02 7.9070001221e+02 7.9100000000e+02 7.9140002441e+02 7.9190002441e+02 7.9220001221e+02 7.9250000000e+02
7.6670001221e+02 7.6729998779e+02 7.6800000000e+02 7.6859997559e+02 7.6929998779e+02 7.7000000000e+02 7.7070001221e+02 7.7140002441e+02 7.7209997559e+02 7.7290002441e+02 7.7370001221e+02 7.7450000000e+02 7.7529998779e+02 7.7609997559e+02 7.7679998779e+02 7.7759997559e+02 7.7829998779e+02 7.7909997559e+02 7.7979998779e+02 7.8050000000e+02 7.8120001221e+02 7.8179998779e+02 7.8240002441e+02 7.8290002441e+02 7.8350000000e+02 7.8400000000e+02 7.8459997559e+02 7.8509997559e+02 7.8559997559e+02 7.8620001221e+02 7.8670001221e+02 7.8709997559e+02 7.8750000000e+02 7.8790002441e+02 7.8820001221e+02 7.8850000000e+02 7.8900000000e+02 7.8940002441e+02 7.8979998779e+02 7.9009997559e+02 7.9040002441e+02 7.9070001221e+02 7.9109997559e+02 7.9159997559e+02 7.9200000000e+02 7.9229998779e+02
7.6650000000e+02 7.6720001221e+02 7.6800000000e+02 7.6859997559e+02 7.6920001221e+02 7.6990002441e+02 7.7070001221e+02 7.7129998779e+02 7.7200000000e+02 7.7279998779e+02 7.7359997559e+02 7.7440002441e+02 7.7520001221e+02 7.7590002441e+02 7.7670001221e+02 7.7750000000e+02 7.7820001221e+02 7.7890002441e+02 7.7959997559e+02 7.8029998779e+02 7.8100000000e+02 7.8159997559e+02 7.8220001221e+02 7.8279998779e+02 7.8329998779e+02 7.8390002441e+02 7.8440002441e+02 7.8479998779e+02 7.8529998779e+02 7.8579998779e+02 7.8629998779e+02 7.8679998779e+02 7.8720001221e+02 7.8759997559e+02 7.8790002441e+02 7.8820001221e+02 7.8859997559e+02 7.8909997559e+02 7.8950000000e+02 7.8979998779e+02 7.9009997559e+02 7.9050000000e+02 7.9090002441e+02 7.9129998779e+02 7.9170001221e+02 7.9200000000e+02
7.6650000000e+02 7.6720001221e+02 7.6790002441e+02 7.6859997559e+02 7.6909997559e+02 7.6979998779e+02 7.7059997559e+02 7.7140002441e+02 7.7200000000e+02 7.7270001221e+02 7.7350000000e+02 7.7429998779e+02 7.7500000000e+02 7.7579998779e+02 7.7659997559e+02 7.7740002441e+02 7.7800000000e+02 7.7870001221e+02 7.7940002441e+02 7.8009997559e+02 7.8079998779e+02 7.8150000000e+02 7.8200000000e+02 7.8259997559e+02 7.8320001221e+02 7.8370001221e+02 7.8409997559e+02 7.8450000000e+02 7.8490002441e+02 7.8540002441e+02 7.8579998779e+02 7.8629998779e+02 7.8679998779e+02 7.8729998779e+02 7.8770001221e+02 7.8800000000e+02 7.8840002441e+02 7.8879998779e+02 7.8920001221e+02 7.8950000000e+02 7.8990002441e+02 7.9020001221e+02 7.9059997559e+02 7.9100000000e+02 7.9129998779e+02 7.9170001221e+02
7.6640002441e+02 7.6709997559e+02 7.6790002441e+02 7.6850000000e+02 7.6900000000e+02 7.6970001221e+02 7.7059997559e+02 7.7140002441e+02 7.7200000000e+02 7.7270001221e+02 7.7340002441e+02 7.7409997559e+02 7.7479998779e+02 7.7559997559e+02 7.7640002441e+02 7.7709997559e+02 7.7779998779e+02 7.7850000000e+02 7.7920001221e+02 7.7990002441e+02 7.8070001221e+02 7.8129998779e+02 7.8179998779e+02 7.8240002441e+02 7.8290002441e+02 7.8340002441e+02 7.8379998779e+02 7.8409997559e+02 7.8459997559e+02 7.8500000000e+02 7.8550000000e+02 7.8600000000e+02 7.8650000000e+02 7.8700000000e+02 7.8740002441e+02 7.8770001221e+02 7.8809997559e+02 7.8840002441e+02 7.8879998779e+02 7.8920001221e+02 7.8950000000e+02 7.8990002441e+02 7.9040002441e+02 7.9070001221e+02 7.9100000000e+02 7.9140002441e+02
7.6620001221e+02 7.6700000000e+02 7.6779998779e+02 7.6840002441e+02 7.6890002441e+02 7.6959997559e+02 7.7050000000e+02 7.7129998779e+02 7.7190002441e+02 7.7250000000e+02 7.7320001221e+02 7.7400000000e+02 7.7470001221e+02 7.7540002441e+02 7.7609997559e+02 7.7679998779e+02 7.7750000000e+02 7.7820001221e+02 7.7900000000e+02 7.7970001221e+02 7.8050000000e+02 7.8109997559e+02 7.8159997559e+02 7.8220001221e+02 7.8270001221e+02 7.8320001221e+02 7.8350000000e+02 7.8370001221e+02 7.8420001221e+02 7.8459997559e+02 7.8509997559e+02 7.8559997559e+02 7.8609997559e+02 7.8650000000e+02 7.8709997559e+02 7.8740002441e+02 7.8770001221e+02 7.8809997559e+02 7.8850000000e+02 7.8890002441e+02 7.8920001221e+02 7.8959997559e+02 7.8990002441e+02 7.9029998779e+02 7.9070001221e+02 7.9100000000e+02
7.6590002441e+02 7.6679998779e+02 7.6759997559e+02 7.6829998779e+02 7.6879998779e+02 7.6959997559e+02 7.7040002441e+02 7.7109997559e+02 7.7170001221e+02 7.7240002441e+02 7.7309997559e+02 7.7379998779e+02 7.7450000000e+02 7.7509997559e+02 7.7570001221e+02 7.7640002441e+02 7.7709997559e+02 7.7790002441e+02 7.7879998779e+02 7.7950000000e+02 7.8020001221e+02 7.8079998779e+02 7.8129998779e+02 7.8179998779e+02 7.8240002441e+02 7.8290002441e+02 7.8320001221e+02 7.8350000000e+02 7.8379998779e+02 7.8429998779e+02 7.8490002441e+02 7.8529998779e+02 7.8570001221e+02 7.8609997559e+02 7.8659997559e+02 7.8700000000e+02 7.8740002441e+02 7.8770001221e+02 7.8809997559e+02 7.8850000000e+02 7.8879998779e+02 7.8920001221e+02 7.8950000000e+02 7.8990002441e+02 7.9029998779e+02 7.9070001221e+02
7.6559997559e+02 7.6650000000e+02 7.6740002441e+02 7.6800000000e+02 7.6870001221e+02 7.6940002441e+02 7.7020001221e+02 7.7090002441e+02 7.7159997559e+02 7.7220001221e+02 7.7290002441e+02 7.7350000000e+02 7.7420001221e+02 7.7479998779e+02 7.7540002441e+02 7.7600000000e+02 7.7670001221e+02 7.7770001221e+02 7.7850000000e+02 7.7920001221e+02 7.7990002441e+02 7.8050000000e+02 7.8109997559e+02 7.8150000000e+02 7.8200000000e+02 7.8250000000e+02 7.8290002441e+02 7.8320001221e+02 7.8350000000e+02 7.8400000000e+02 7.8450000000e+02 7.8490002441e+02 7.8529998779e+02 7.8570001221e+02 7.8609997559e+02 7.8650000000e+02 7.8690002441e+02 7.8729998779e+02 7.8770001221e+02 7.8809997559e+02 7.8840002441e+02 7.8879998779e+02 7.8909997559e+02 7.8950000000e+02 7.8990002441e+02 7.9020001221e+02
7.6529998779e+02 7.6620001221e+02 7.6709997559e+02 7.6770001221e+02 7.6840002441e+02 7.6900000000e+02 7.6990002441e+02 7.7070001221e+02 7.7140002441e+02 7.7200000000e+02 7.7259997559e+02 7.7329998779e+02 7.7400000000e+02 7.7459997559e+02 7.7509997559e+02 7.7570001221e+02 7.7659997559e+02 7.7759997559e+02 7.7840002441e+02 7.7900000000e+02 7.7959997559e+02 7.8020001221e+02 7.8070001221e+02 7.8109997559e+02 7.8159997559e+02 7.8209997559e+02 7.8240002441e+02 7.8279998779e+02 7.8320001221e+02 7.8359997559e+02 7.8409997559e+02 7.8450000000e+02 7.8490002441e+02 7.8529998779e+02 7.8570001221e+02 7.8609997559e+02 7.8650000000e+02 7.8690002441e+02 7.8720001221e+02 7.8759997559e+02 7.8790002441e+02 7.8829998779e+02 7.8879998779e+02 7.8920001221e+02 7.8950000000e+02 7.8990002441e+02
7.6500000000e+02 7.6579998779e+02 7.6659997559e+02 7.6729998779e+02 7.6790002441e+02 7.6870001221e+02 7.6950000000e+02 7.7040002441e+02 7.7100000000e+02 7.7159997559e+02 7.7229998779e+02 7.7300000000e+02 7.7370001221e+02 7.7440002441e+02 7.7500000000e+02 7.7559997559e+02 7.7640002441e+02 7.7729998779e+02 7.7809997559e+02 7.7870001221e+02 7.7920001221e+02 7.7979998779e+02 7.8029998779e+02 7.8079998779e+02 7.8120001221e+02 7.8159997559e+02 7.8200000000e+02 7.8229998779e+02 7.8279998779e+02 7.8320001221e+02 7.8359997559e+02 7.8400000000e+02 7.8440002441e+02 7.8479998779e+02 7.8529998779e+02 7.8570001221e+02 7.8609997559e+02 7.8640002441e+02 7.8679998779e+02 7.8720001221e+02 7.8750000000e+02 7.8790002441e+02 7.8840002441e+02 7.8879998779e+02 7.8920001221e+02 7.8959997559e+02
7.6459997559e+02 7.6540002441e+02 7.6629998779e+02 7.6700000000e+02 7.6759997559e+02 7.6829998779e+02 7.6920001221e+02 7.6990002441e+02 7.7059997559e+02 7.7120001221e+02 7.7200000000e+02 7.7270001221e+02 7.7340002441e+02 7.7409997559e+02 7.7479998779e+02 7.7540002441e+02 7.7620001221e+02 7.7700000000e+02 7.7770001221e+02 7.7829998779e+02 7.7879998779e+02 7.7929998779e+02 7.7979998779e+02 7.8029998779e+02 7.8070001221e+02 7.8120001221e+02 7.8150000000e+02 7.8190002441e+02 7.8229998779e+02 7.8270001221e+02 7.8309997559e+02 7.8359997559e+02 7.8390002441e+02 7.8429998779e+02 7.8479998779e+02 7.8529998779e+02 7.8559997559e+02 7.8609997559e+02 7.8650000000e+02 7.8690002441e+02 7.8720001221e+02 7.8759997559e+02 7.8800000000e+02 7.8840002441e+02 7.8890002441e+02 7.8929998779e+02
7.6429998779e+02 7.6509997559e+02 7.6590002441e+02 7.6659997559e+02 7.6729998779e+02 7.6800000000e+02 7.6879998779e+02 7.6950000000e+02 7.7029998779e+02 7.7090002441e+02 7.7159997559e+02 7.7229998779e+02 7.7309997559e+02 7.7379998779e+02 7.7440002441e+02 7.7509997559e+02 7.7590002441e+02 7.7659997559e+02 7.7720001221e+02 7.7779998779e+02 7.7840002441e+02 7.7879998779e+02 7.7929998779e+02 7.7979998779e+02 7.8029998779e+02 7.8079998779e+02 7.8109997559e+02 7.8140002441e+02 7.8179998779e+02 7.8220001221e+02 7.8270001221e+02 7.8309997559e+02 7.8350000000e+02 7.8390002441e+02 7.8429998779e+02 7.8470001221e+02 7.8520001221e+02 7.8570001221e+02 7.8609997559e+02 7.8650000000e+02 7.8690002441e+02 7.8729998779e+02 7.8770001221e+02 7.8809997559e+02 7.8850000000e+02 7.8890002441e+02
7.6400000000e+02 7.6479998779e+02 7.6559997559e+02 7.6640002441e+02 7.6709997559e+02 7.6779998779e+02 7.6850000000e+02 7.6920001221e+02 7.6990002441e+02 7.7070001221e+02 7.7129998779e+02 7.7190002441e+02 7.7259997559e+02 7.7340002441e+02 7.7409997559e+02 7.7479998779e+02 7.7550000000e+02 7.7620001221e+02 7.7679998779e+02 7.7740002441e+02 7.7800000000e+02 7.7850000000e+02 7.7890002441e+02 7.7929998779e+02 7.7979998779e+02 7.8029998779e+02 7.8070001221e+02 7.8100000000e+02 7.8140002441e+02 7.8179998779e+02 7.8220001221e+02 7.8270001221e+02 7.8309997559e+02 7.8350000000e+02 7.8390002441e+02 7.8429998779e+02 7.8470001221e+02 7.8520001221e+02 7.8570001221e+02 7.8609997559e+02 7.8650000000e+02 7.8690002441e+02 7.8740002441e+02 7.8779998779e+02 7.8820001221e+02 7.8859997559e+02
7.6379998779e+02 7.6459997559e+02 7.6540002441e+02 7.6620001221e+02 7.6679998779e+02 7.6740002441e+02 7.6820001221e+02 7.6900000000e+02 7.6970001221e+02 7.7040002441e+02 7.7100000000e+02 7.7170001221e+02 7.7240002441e+02 7.7309997559e+02 7.7379998779e+02 7.7450000000e+02 7.7509997559e+02 7.7590002441e+02 7.7650000000e+02 7.7709997559e+02 7.7759997559e+02 7.7809997559e+02 7.7850000000e+02 7.7890002441e+02 7.7940002441e+02 7.7990002441e+02 7.8029998779e+02 7.8059997559e+02 7.8100000000e+02 7.8140002441e+02 7.8179998779e+02 7.8220001221e+02 7.8270001221e+02 7.8320001221e+02 7.8359997559e+02 7.8390002441e+02 7.8420001221e+02 7.8470001221e+02 7.8520001221e+02 7.8570001221e+02 7.8609997559e+02 7.8659997559e+02 7.8700000000e+02 7.8740002441e+02 7.8790002441e+02 7.8820001221e+02
7.6370001221e+02 7.6440002441e+02 7.6520001221e+02 7.6590002441e+02 7.6659997559e+02 7.6720001221e+02 7.6800000000e+02 7.6870001221e+02 7.6950000000e+02 7.7020001221e+02 7.7079998779e+02 7.7150000000e+02 7.7220001221e+02 7.7290002441e+02 7.7350000000e+02 7.7409997559e+02 7.7479998779e+02 7.7550000000e+02 7.7620001221e+02 7.7679998779e+02 7.7729998779e+02 7.7770001221e+02 7.7809997559e+02 7.7850000000e+02 7.7890002441e+02 7.7950000000e+02 7.7990002441e+02 7.8020001221e+02 7.8059997559e+02 7.8100000000e+02 7.8140002441e+02 7.8179998779e+02 7.8229998779e+02 7.8290002441e+02 7.8320001221e+02 7.8359997559e+02 7.8390002441e+02 7.8429998779e+02 7.8479998779e+02 7.8529998779e+02 7.8579998779e+02 7.8620001221e+02 7.8659997559e+02 7.8700000000e+02 7.8740002441e+02 7.8779998779e+02
7.6350000000e+02 7.6420001221e+02 7.6500000000e+02 7.6579998779e+02 7.6650000000e+02 7.6720001221e+02 7.6800000000e+02 7.6859997559e+02 7.6920001221e+02 7.6990002441e+02 7.7059997559e+02 7.7129998779e+02 7.7209997559e+02 7.7279998779e+02 7.7329998779e+02 7.7390002441e+02 7.7450000000e+02 7.7520001221e+02 7.7579998779e+02 7.7640002441e+02 7.7690002441e+02 7.7729998779e+02 7.7770001221e+02 7.7809997559e+02 7.7850000000e+02 7.7900000000e+02 7.7940002441e+02 7.7979998779e+02 7.8020001221e+02 7.8059997559e+02 7.8100000000e+02 7.8150000000e+02 7.8200000000e+02 7.8250000000e+02 7.8290002441e+02 7.8320001221e+02 7.8350000000e+02 7.8390002441e+02 7.8440002441e+02 7.8479998779e+02 7.8529998779e+02 7.8579998779e+02 7.8620001221e+02 7.8659997559e+02 7.8690002441e+02 7.8729998779e+02
