DGM_1M_UPPER_AUSTRIA/33/28.asc
NCOLS 100
NROWS 100
XLLCORNER 6.3450500000e+04
YLLCORNER 2.9248850000e+05
CELLSIZE 1.0000000000e+00
NODATA_VALUE -9.9990000000e+03
[rows 60 to 79 of 100, columns 0 to 45 of 100]
6.0300000000e+02 6.0309997559e+02 6.0309997559e+02 6.0320001221e+02 6.0320001221e+02 6.0329998779e+02 6.0329998779e+02 6.0329998779e+02 6.0340002441e+02 6.0340002441e+02 6.0350000000e+02 6.0350000000e+02 6.0350000000e+02 6.0359997559e+02 6.0359997559e+02 6.0359997559e+02 6.0359997559e+02 6.0359997559e+02 6.0359997559e+02 6.0350000000e+02 6.0350000000e+02 6.0340002441e+02 6.0340002441e+02 6.0329998779e+02 6.0329998779e+02 6.0329998779e+02 6.0320001221e+02 6.0320001221e+02 6.0309997559e+02 6.0309997559e+02 6.0309997559e+02 6.0300000000e+02 6.0300000000e+02 6.0300000000e+02 6.0290002441e+02 6.0290002441e+02 6.0290002441e+02 6.0290002441e+02 6.0290002441e+02 6.0290002441e+02 6.0279998779e+02 6.0279998779e+02 6.0279998779e+02 6.0279998779e+02 6.0279998779e+02 6.0270001221e+02
6.0309997559e+02 6.0320001221e+02 6.0329998779e+02 6.0329998779e+02 6.0340002441e+02 6.0340002441e+02 6.0340002441e+02 6.0340002441e+02 6.0350000000e+02 6.0350000000e+02 6.0350000000e+02 6.0359997559e+02 6.0359997559e+02 6.0359997559e+02 6.0359997559e+02 6.0359997559e+02 6.0370001221e+02 6.0370001221e+02 6.0370001221e+02 6.0370001221e+02 6.0359997559e+02 6.0359997559e+02 6.0359997559e+02 6.0359997559e+02 6.0350000000e+02 6.0340002441e+02 6.0340002441e+02 6.0329998779e+02 6.0329998779e+02 6.0329998779e+02 6.0320001221e+02 6.0320001221e+02 6.0309997559e+02 6.0309997559e+02 6.0309997559e+02 6.0309997559e+02 6.0309997559e+02 6.0309997559e+02 6.0300000000e+02 6.0300000000e+02 6.0300000000e+02 6.0300000000e+02 6.0290002441e+02 6.0290002441e+02 6.0290002441e+02 6.0290002441e+02
6.0329998779e+02 6.0329998779e+02 6.0340002441e+02 6.0350000000e+02 6.0350000000e+02 6.0350000000e+02 6.0359997559e+02 6.0359997559e+02 6.0359997559e+02 6.0359997559e+02 6.0359997559e+02 6.0359997559e+02 6.0359997559e+02 6.0370001221e+02 6.0370001221e+02 6.0370001221e+02 6.0370001221e+02 6.0370001221e+02 6.0370001221e+02 6.0370001221e+02 6.0370001221e+02 6.0370001221e+02 6.0370001221e+02 6.0370001221e+02 6.0359997559e+02 6.0359997559e+02 6.0359997559e+02 6.0350000000e+02 6.0350000000e+02 6.0350000000e+02 6.0340002441e+02 6.0329998779e+02 6.0329998779e+02 6.0329998779e+02 6.0320001221e+02 6.0320001221e+02 6.0320001221e+02 6.0320001221e+02 6.0320001221e+02 6.0320001221e+02 6.0329998779e+02 6.0320001221e+02 6.0309997559e+02 6.0309997559e+02 6.0309997559e+02 6.0300000000e+02
6.0340002441e+02 6.0350000000e+02 6.0350000000e+02 6.0350000000e+02 6.0359997559e+02 6.0359997559e+02 6.0359997559e+02 6.0359997559e+02 6.0370001221e+02 6.0370001221e+02 6.0370001221e+02 6.0370001221e+02 6.0370001221e+02 6.0370001221e+02 6.0370001221e+02 6.0379998779e+02 6.0379998779e+02 6.0379998779e+02 6.0379998779e+02 6.0379998779e+02 6.0379998779e+02 6.0379998779e+02 6.0390002441e+02 6.0390002441e+02 6.0390002441e+02 6.0390002441e+02 6.0379998779e+02 6.0370001221e+02 6.0370001221e+02 6.0359997559e+02 6.0359997559e+02 6.0350000000e+02 6.0350000000e+02 6.0350000000e+02 6.0350000000e+02 6.0340002441e+02 6.0340002441e+02 6.0340002441e+02 6.0340002441e+02 6.0350000000e+02 6.0350000000e+02 6.0350000000e+02 6.0329998779e+02 6.0329998779e+02 6.0320001221e+02 6.0309997559e+02
6.0350000000e+02 6.0359997559e+02 6.0359997559e+02 6.0370001221e+02 6.0370001221e+02 6.0370001221e+02 6.0370001221e+02 6.0379998779e+02 6.0379998779e+02 6.0379998779e+02 6.0379998779e+02 6.0379998779e+02 6.0379998779e+02 6.0390002441e+02 6.0390002441e+02 6.0390002441e+02 6.0390002441e+02 6.0390002441e+02 6.0390002441e+02 6.0390002441e+02 6.0390002441e+02 6.0390002441e+02 6.0390002441e+02 6.0390002441e+02 6.0400000000e+02 6.0400000000e+02 6.0400000000e+02 6.0390002441e+02 6.0390002441e+02 6.0379998779e+02 6.0379998779e+02 6.0370001221e+02 6.0370001221e+02 6.0370001221e+02 6.0359997559e+02 6.0359997559e+02 6.0359997559e+02 6.0350000000e+02 6.0359997559e+02 6.0370001221e+02 6.0370001221e+02 6.0359997559e+02 6.0359997559e+02 6.0340002441e+02 6.0329998779e+02 6.0329998779e+02
6.0370001221e+02 6.0379998779e+02 6.0379998779e+02 6.0379998779e+02 6.0379998779e+02 6.0390002441e+02 6.0390002441e+02 6.0390002441e+02 6.0390002441e+02 6.0390002441e+02 6.0400000000e+02 6.0400000000e+02 6.0400000000e+02 6.0400000000e+02 6.0400000000e+02 6.0400000000e+02 6.0400000000e+02 6.0400000000e+02 6.0400000000e+02 6.0400000000e+02 6.0400000000e+02 6.0409997559e+02 6.0409997559e+02 6.0409997559e+02 6.0409997559e+02 6.0409997559e+02 6.0409997559e+02 6.0409997559e+02 6.0400000000e+02 6.0400000000e+02 6.0400000000e+02 6.0400000000e+02 6.0390002441e+02 6.0390002441e+02 6.0379998779e+02 6.0379998779e+02 6.0370001221e+02 6.0370001221e+02 6.0370001221e+02 6.0379998779e+02 6.0379998779e+02 6.0379998779e+02 6.0370001221e+02 6.0359997559e+02 6.0340002441e+02 6.0340002441e+02
6.0390002441e+02 6.0390002441e+02 6.0390002441e+02 6.0400000000e+02 6.0400000000e+02 6.0400000000e+02 6.0400000000e+02 6.0409997559e+02 6.0409997559e+02 6.0409997559e+02 6.0409997559e+02 6.0409997559e+02 6.0409997559e+02 6.0409997559e+02 6.0409997559e+02 6.0409997559e+02 6.0409997559e+02 6.0409997559e+02 6.0409997559e+02 6.0409997559e+02 6.0409997559e+02 6.0409997559e+02 6.0409997559e+02 6.0420001221e+02 6.0409997559e+02 6.0420001221e+02 6.0409997559e+02 6.0420001221e+02 6.0420001221e+02 6.0420001221e+02 6.0420001221e+02 6.0409997559e+02 6.0409997559e+02 6.0409997559e+02 6.0409997559e+02 6.0400000000e+02 6.0390002441e+02 6.0390002441e+02 6.0390002441e+02 6.0390002441e+02 6.0390002441e+02 6.0390002441e+02 6.0379998779e+02 6.0370001221e+02 6.0359997559e+02 6.0359997559e+02
6.0400000000e+02 6.0409997559e+02 6.0409997559e+02 6.0409997559e+02 6.0409997559e+02 6.0420001221e+02 6.0420001221e+02 6.0420001221e+02 6.0420001221e+02 6.0420001221e+02 6.0420001221e+02 6.0420001221e+02 6.0420001221e+02 6.0420001221e+02 6.0420001221e+02 6.0420001221e+02 6.0420001221e+02 6.0420001221e+02 6.0420001221e+02 6.0420001221e+02 6.0420001221e+02 6.0420001221e+02 6.0420001221e+02 6.0420001221e+02 6.0420001221e+02 6.0420001221e+02 6.0420001221e+02 6.0420001221e+02 6.0429998779e+02 6.0429998779e+02 6.0429998779e+02 6.0429998779e+02 6.0429998779e+02 6.0429998779e+02 6.0429998779e+02 6.0420001221e+02 6.0409997559e+02 6.0400000000e+02 6.0400000000e+02 6.0409997559e+02 6.0400000000e+02 6.0390002441e+02 6.0379998779e+02 6.0379998779e+02 6.0379998779e+02 6.0379998779e+02
6.0420001221e+02 6.0420001221e+02 6.0429998779e+02 6.0429998779e+02 6.0429998779e+02 6.0429998779e+02 6.0429998779e+02 6.0429998779e+02 6.0429998779e+02 6.0429998779e+02 6.0429998779e+02 6.0429998779e+02 6.0429998779e+02 6.0429998779e+02 6.0429998779e+02 6.0429998779e+02 6.0429998779e+02 6.0429998779e+02 6.0429998779e+02 6.0429998779e+02 6.0429998779e+02 6.0429998779e+02 6.0429998779e+02 6.0429998779e+02 6.0429998779e+02 6.0429998779e+02 6.0429998779e+02 6.0429998779e+02 6.0440002441e+02 6.0440002441e+02 6.0440002441e+02 6.0440002441e+02 6.0440002441e+02 6.0450000000e+02 6.0450000000e+02 6.0440002441e+02 6.0429998779e+02 6.0420001221e+02 6.0409997559e+02 6.0420001221e+02 6.0409997559e+02 6.0400000000e+02 6.0400000000e+02 6.0400000000e+02 6.0400000000e+02 6.0390002441e+02
6.0440002441e+02 6.0440002441e+02 6.0440002441e+02 6.0440002441e+02 6.0440002441e+02 6.0450000000e+02 6.0450000000e+02 6.0450000000e+02 6.0450000000e+02 6.0450000000e+02 6.0450000000e+02 6.0450000000e+02 6.0440002441e+02 6.0440002441e+02 6.0440002441e+02 6.0440002441e+02 6.0440002441e+02 6.0440002441e+02 6.0440002441e+02 6.0440002441e+02 6.0440002441e+02 6.0440002441e+02 6.0440002441e+02 6.0440002441e+02 6.0440002441e+02 6.0440002441e+02 6.0440002441e+02 6.0440002441e+02 6.0440002441e+02 6.0440002441e+02 6.0450000000e+02 6.0450000000e+02 6.0450000000e+02 6.0450000000e+02 6.0450000000e+02 6.0450000000e+02 6.0440002441e+02 6.0440002441e+02 6.0429998779e+02 6.0420001221e+02 6.0420001221e+02 6.0409997559e+02 6.0420001221e+02 6.0420001221e+02 6.0420001221e+02 6.0409997559e+02
6.0450000000e+02 6.0450000000e+02 6.0459997559e+02 6.0459997559e+02 6.0459997559e+02 6.0459997559e+02 6.0459997559e+02 6.0459997559e+02 6.0459997559e+02 6.0459997559e+02 6.0459997559e+02 6.0459997559e+02 6.0459997559e+02 6.0459997559e+02 6.0459997559e+02 6.0459997559e+02 6.0459997559e+02 6.0459997559e+02 6.0450000000e+02 6.0450000000e+02 6.0459997559e+02 6.0459997559e+02 6.0450000000e+02 6.0450000000e+02 6.0450000000e+02 6.0450000000e+02 6.0450000000e+02 6.0450000000e+02 6.0450000000e+02 6.0450000000e+02 6.0450000000e+02 6.0459997559e+02 6.0459997559e+02 6.0459997559e+02 6.0459997559e+02 6.0450000000e+02 6.0450000000e+02 6.0450000000e+02 6.0429998779e+02 6.0429998779e+02 6.0429998779e+02 6.0440002441e+02 6.0440002441e+02 6.0429998779e+02 6.0429998779e+02 6.0420001221e+02
6.0459997559e+02 6.0470001221e+02 6.0470001221e+02 6.0470001221e+02 6.0479998779e+02 6.0479998779e+02 6.0479998779e+02 6.0479998779e+02 6.0479998779e+02 6.0479998779e+02 6.0479998779e+02 6.0479998779e+02 6.0470001221e+02 6.0470001221e+02 6.0470001221e+02 6.0470001221e+02 6.0470001221e+02 6.0470001221e+02 6.0470001221e+02 6.0459997559e+02 6.0459997559e+02 6.0459997559e+02 6.0459997559e+02 6.0459997559e+02 6.0459997559e+02 6.0459997559e+02 6.0459997559e+02 6.0459997559e+02 6.0459997559e+02 6.0459997559e+02 6.0459997559e+02 6.0470001221e+02 6.0470001221e+02 6.0470001221e+02 6.0470001221e+02 6.0459997559e+02 6.0459997559e+02 6.0450000000e+02 6.0450000000e+02 6.0450000000e+02 6.0450000000e+02 6.0459997559e+02 6.0450000000e+02 6.0450000000e+02 6.0440002441e+02 6.0429998779e+02
6.0479998779e+02 6.0490002441e+02 6.0490002441e+02 6.0490002441e+02 6.0490002441e+02 6.0490002441e+02 6.0490002441e+02 6.0490002441e+02 6.0490002441e+02 6.0490002441e+02 6.0490002441e+02 6.0490002441e+02 6.0490002441e+02 6.0490002441e+02 6.0490002441e+02 6.0490002441e+02 6.0479998779e+02 6.0479998779e+02 6.0479998779e+02 6.0479998779e+02 6.0470001221e+02 6.0470001221e+02 6.0470001221e+02 6.0470001221e+02 6.0470001221e+02 6.0470001221e+02 6.0470001221e+02 6.0470001221e+02 6.0470001221e+02 6.0470001221e+02 6.0470001221e+02 6.0470001221e+02 6.0470001221e+02 6.0470001221e+02 6.0470001221e+02 6.0470001221e+02 6.0470001221e+02 6.0459997559e+02 6.0459997559e+02 6.0470001221e+02 6.0470001221e+02 6.0470001221e+02 6.0470001221e+02 6.0459997559e+02 6.0450000000e+02 6.0440002441e+02
6.0500000000e+02 6.0500000000e+02 6.0500000000e+02 6.0509997559e+02 6.0509997559e+02 6.0509997559e+02 6.0509997559e+02 6.0509997559e+02 6.0509997559e+02 6.0509997559e+02 6.0509997559e+02 6.0509997559e+02 6.0509997559e+02 6.0509997559e+02 6.0500000000e+02 6.0500000000e+02 6.0500000000e+02 6.0500000000e+02 6.0500000000e+02 6.0490002441e+02 6.0490002441e+02 6.0490002441e+02 6.0490002441e+02 6.0490002441e+02 6.0490002441e+02 6.0490002441e+02 6.0490002441e+02 6.0490002441e+02 6.0490002441e+02 6.0490002441e+02 6.0490002441e+02 6.0490002441e+02 6.0490002441e+02 6.0490002441e+02 6.0479998779e+02 6.0479998779e+02 6.0470001221e+02 6.0470001221e+02 6.0470001221e+02 6.0479998779e+02 6.0479998779e+02 6.0479998779e+02 6.0479998779e+02 6.0470001221e+02 6.0459997559e+02 6.0450000000e+02
6.0509997559e+02 6.0520001221e+02 6.0520001221e+02 6.0520001221e+02 6.0520001221e+02 6.0520001221e+02 6.0520001221e+02 6.0520001221e+02 6.0520001221e+02 6.0520001221e+02 6.0520001221e+02 6.0520001221e+02 6.0520001221e+02 6.0520001221e+02 6.0520001221e+02 6.0520001221e+02 6.0509997559e+02 6.0509997559e+02 6.0509997559e+02 6.0509997559e+02 6.0509997559e+02 6.0500000000e+02 6.0500000000e+02 6.0500000000e+02 6.0500000000e+02 6.0500000000e+02 6.0500000000e+02 6.0500000000e+02 6.0500000000e+02 6.0500000000e+02 6.0500000000e+02 6.0500000000e+02 6.0500000000e+02 6.0500000000e+02 6.0500000000e+02 6.0490002441e+02 6.0479998779e+02 6.0479998779e+02 6.0479998779e+02 6.0490002441e+02 6.0490002441e+02 6.0490002441e+02 6.0479998779e+02 6.0479998779e+02 6.0470001221e+02 6.0459997559e+02
6.0529998779e+02 6.0529998779e+02 6.0540002441e+02 6.0540002441e+02 6.0540002441e+02 6.0540002441e+02 6.0540002441e+02 6.0540002441e+02 6.0540002441e+02 6.0540002441e+02 6.0540002441e+02 6.0540002441e+02 6.0540002441e+02 6.0540002441e+02 6.0540002441e+02 6.0529998779e+02 6.0529998779e+02 6.0529998779e+02 6.0520001221e+02 6.0520001221e+02 6.0520001221e+02 6.0520001221e+02 6.0509997559e+02 6.0509997559e+02 6.0509997559e+02 6.0509997559e+02 6.0509997559e+02 6.0509997559e+02 6.0509997559e+02 6.0509997559e+02 6.0509997559e+02 6.0509997559e+02 6.0509997559e+02 6.0509997559e+02 6.0509997559e+02 6.0500000000e+02 6.0500000000e+02 6.0490002441e+02 6.0490002441e+02 6.0500000000e+02 6.0500000000e+02 6.0500000000e+02 6.0500000000e+02 6.0490002441e+02 6.0479998779e+02 6.0470001221e+02
6.0550000000e+02 6.0550000000e+02 6.0550000000e+02 6.0559997559e+02 6.0559997559e+02 6.0559997559e+02 6.0559997559e+02 6.0559997559e+02 6.0559997559e+02 6.0559997559e+02 6.0559997559e+02 6.0559997559e+02 6.0550000000e+02 6.0550000000e+02 6.0550000000e+02 6.0550000000e+02 6.0550000000e+02 6.0540002441e+02 6.0540002441e+02 6.0540002441e+02 6.0540002441e+02 6.0529998779e+02 6.0529998779e+02 6.0529998779e+02 6.0520001221e+02 6.0520001221e+02 6.0520001221e+02 6.0520001221e+02 6.0520001221e+02 6.0520001221e+02 6.0520001221e+02 6.0520001221e+02 6.0520001221e+02 6.0520001221e+02 6.0520001221e+02 6.0520001221e+02 6.0509997559e+02 6.0509997559e+02 6.0509997559e+02 6.0509997559e+02 6.0509997559e+02 6.0509997559e+02 6.0509997559e+02 6.0500000000e+02 6.0490002441e+02 6.0479998779e+02
6.0570001221e+02 6.0570001221e+02 6.0570001221e+02 6.0570001221e+02 6.0570001221e+02 6.0570001221e+02 6.0570001221e+02 6.0570001221e+02 6.0570001221e+02 6.0570001221e+02 6.0570001221e+02 6.0570001221e+02 6.0570001221e+02 6.0570001221e+02 6.0570001221e+02 6.0559997559e+02 6.0559997559e+02 6.0559997559e+02 6.0559997559e+02 6.0550000000e+02 6.0550000000e+02 6.0550000000e+02 6.0540002441e+02 6.0540002441e+02 6.0540002441e+02 6.0540002441e+02 6.0540002441e+02 6.0540002441e+02 6.0540002441e+02 6.0540002441e+02 6.0540002441e+02 6.0540002441e+02 6.0540002441e+02 6.0540002441e+02 6.0529998779e+02 6.0529998779e+02 6.0520001221e+02 6.0520001221e+02 6.0520001221e+02 6.0520001221e+02 6.0520001221e+02 6.0520001221e+02 6.0520001221e+02 6.0509997559e+02 6.0500000000e+02 6.0490002441e+02
6.0590002441e+02 6.0590002441e+02 6.0590002441e+02 6.0590002441e+02 6.0590002441e+02 6.0590002441e+02 6.0590002441e+02 6.0590002441e+02 6.0590002441e+02 6.0590002441e+02 6.0590002441e+02 6.0590002441e+02 6.0590002441e+02 6.0579998779e+02 6.0579998779e+02 6.0579998779e+02 6.0579998779e+02 6.0570001221e+02 6.0570001221e+02 6.0570001221e+02 6.0559997559e+02 6.0559997559e+02 6.0559997559e+02 6.0559997559e+02 6.0559997559e+02 6.0559997559e+02 6.0550000000e+02 6.0550000000e+02 6.0550000000e+02 6.0550000000e+02 6.0550000000e+02 6.0550000000e+02 6.0550000000e+02 6.0550000000e+02 6.0550000000e+02 6.0540002441e+02 6.0529998779e+02 6.0529998779e+02 6.0540002441e+02 6.0540002441e+02 6.0540002441e+02 6.0529998779e+02 6.0529998779e+02 6.0520001221e+02 6.0509997559e+02 6.0500000000e+02
6.0600000000e+02 6.0609997559e+02 6.0609997559e+02 6.0609997559e+02 6.0609997559e+02 6.0609997559e+02 6.0609997559e+02 6.0609997559e+02 6.0600000000e+02 6.0600000000e+02 6.0600000000e+02 6.0600000000e+02 6.0600000000e+02 6.0600000000e+02 6.0600000000e+02 6.0600000000e+02 6.0590002441e+02 6.0590002441e+02 6.0590002441e+02 6.0579998779e+02 6.0579998779e+02 6.0579998779e+02 6.0570001221e+02 6.0570001221e+02 6.0570001221e+02 6.0570001221e+02 6.0570001221e+02 6.0570001221e+02 6.0570001221e+02 6.0570001221e+02 6.0570001221e+02 6.0570001221e+02 6.0570001221e+02 6.0559997559e+02 6.0559997559e+02 6.0550000000e+02 6.0550000000e+02 6.0550000000e+02 6.0550000000e+02 6.0550000000e+02 6.0550000000e+02 6.0550000000e+02 6.0540002441e+02 6.0529998779e+02 6.0520001221e+02 6.0509997559e+02
