DGM_1M_UPPER_AUSTRIA/33/28.asc
NCOLS 100
NROWS 100
XLLCORNER 6.3450500000e+04
YLLCORNER 2.9248850000e+05
CELLSIZE 1.0000000000e+00
NODATA_VALUE -9.9990000000e+03
[rows 60 to 79 of 100, columns 46 to 91 of 100]
6.0270001221e+02 6.0259997559e+02 6.0259997559e+02 6.0250000000e+02 6.0250000000e+02 6.0240002441e+02 6.0229998779e+02 6.0209997559e+02 6.0200000000e+02 6.0190002441e+02 6.0179998779e+02 6.0159997559e+02 6.0140002441e+02 6.0129998779e+02 6.0120001221e+02 6.0109997559e+02 6.0090002441e+02 6.0079998779e+02 6.0059997559e+02 6.0050000000e+02 6.0040002441e+02 6.0029998779e+02 6.0020001221e+02 6.0009997559e+02 5.9990002441e+02 5.9979998779e+02 5.9970001221e+02 5.9959997559e+02 5.9940002441e+02 5.9920001221e+02 5.9900000000e+02 5.9890002441e+02 5.9870001221e+02 5.9850000000e+02 5.9829998779e+02 5.9820001221e+02 5.9809997559e+02 5.9800000000e+02 5.9790002441e+02 5.9779998779e+02 5.9779998779e+02 5.9770001221e+02 5.9770001221e+02 5.9759997559e+02 5.9750000000e+02 5.9740002441e+02
6.0279998779e+02 6.0270001221e+02 6.0270001221e+02 6.0270001221e+02 6.0259997559e+02 6.0250000000e+02 6.0240002441e+02 6.0229998779e+02 6.0209997559e+02 6.0200000000e+02 6.0179998779e+02 6.0170001221e+02 6.0159997559e+02 6.0140002441e+02 6.0129998779e+02 6.0120001221e+02 6.0109997559e+02 6.0090002441e+02 6.0079998779e+02 6.0059997559e+02 6.0050000000e+02 6.0040002441e+02 6.0020001221e+02 6.0009997559e+02 6.0000000000e+02 5.9990002441e+02 5.9979998779e+02 5.9959997559e+02 5.9950000000e+02 5.9929998779e+02 5.9909997559e+02 5.9890002441e+02 5.9879998779e+02 5.9859997559e+02 5.9840002441e+02 5.9829998779e+02 5.9820001221e+02 5.9809997559e+02 5.9790002441e+02 5.9790002441e+02 5.9779998779e+02 5.9779998779e+02 5.9770001221e+02 5.9759997559e+02 5.9750000000e+02 5.9740002441e+02
6.0290002441e+02 6.0290002441e+02 6.0279998779e+02 6.0279998779e+02 6.0270001221e+02 6.0259997559e+02 6.0250000000e+02 6.0240002441e+02 6.0229998779e+02 6.0209997559e+02 6.0190002441e+02 6.0179998779e+02 6.0170001221e+02 6.0159997559e+02 6.0140002441e+02 6.0129998779e+02 6.0120001221e+02 6.0100000000e+02 6.0090002441e+02 6.0079998779e+02 6.0059997559e+02 6.0040002441e+02 6.0029998779e+02 6.0020001221e+02 6.0009997559e+02 6.0000000000e+02 5.9990002441e+02 5.9970001221e+02 5.9959997559e+02 5.9940002441e+02 5.9920001221e+02 5.9900000000e+02 5.9890002441e+02 5.9870001221e+02 5.9850000000e+02 5.9840002441e+02 5.9829998779e+02 5.9809997559e+02 5.9800000000e+02 5.9790002441e+02 5.9779998779e+02 5.9779998779e+02 5.9770001221e+02 5.9759997559e+02 5.9750000000e+02 5.9750000000e+02
6.0309997559e+02 6.0300000000e+02 6.0300000000e+02 6.0290002441e+02 6.0279998779e+02 6.0270001221e+02 6.0259997559e+02 6.0250000000e+02 6.0229998779e+02 6.0220001221e+02 6.0209997559e+02 6.0190002441e+02 6.0179998779e+02 6.0170001221e+02 6.0159997559e+02 6.0140002441e+02 6.0129998779e+02 6.0109997559e+02 6.0100000000e+02 6.0090002441e+02 6.0070001221e+02 6.0059997559e+02 6.0040002441e+02 6.0029998779e+02 6.0009997559e+02 6.0000000000e+02 5.9990002441e+02 5.9979998779e+02 5.9959997559e+02 5.9950000000e+02 5.9940002441e+02 5.9920001221e+02 5.9900000000e+02 5.9879998779e+02 5.9859997559e+02 5.9840002441e+02 5.9829998779e+02 5.9820001221e+02 5.9800000000e+02 5.9790002441e+02 5.9779998779e+02 5.9779998779e+02 5.9770001221e+02 5.9759997559e+02 5.9750000000e+02 5.9750000000e+02
6.0329998779e+02 6.0320001221e+02 6.0309997559e+02 6.0300000000e+02 6.0290002441e+02 6.0279998779e+02 6.0270001221e+02 6.0259997559e+02 6.0240002441e+02 6.0229998779e+02 6.0220001221e+02 6.0209997559e+02 6.0190002441e+02 6.0179998779e+02 6.0170001221e+02 6.0159997559e+02 6.0140002441e+02 6.0129998779e+02 6.0109997559e+02 6.0100000000e+02 6.0079998779e+02 6.0070001221e+02 6.0050000000e+02 6.0029998779e+02 6.0020001221e+02 6.0009997559e+02 6.0000000000e+02 5.9979998779e+02 5.9970001221e+02 5.9959997559e+02 5.9940002441e+02 5.9929998779e+02 5.9909997559e+02 5.9890002441e+02 5.9870001221e+02 5.9850000000e+02 5.9840002441e+02 5.9820001221e+02 5.9809997559e+02 5.9800000000e+02 5.9790002441e+02 5.9779998779e+02 5.9770001221e+02 5.9770001221e+02 5.9759997559e+02 5.9750000000e+02
6.0350000000e+02 6.0340002441e+02 6.0329998779e+02 6.0309997559e+02 6.0300000000e+02 6.0290002441e+02 6.0279998779e+02 6.0270001221e+02 6.0259997559e+02 6.0240002441e+02 6.0229998779e+02 6.0220001221e+02 6.0209997559e+02 6.0190002441e+02 6.0179998779e+02 6.0170001221e+02 6.0150000000e+02 6.0140002441e+02 6.0129998779e+02 6.0109997559e+02 6.0090002441e+02 6.0079998779e+02 6.0059997559e+02 6.0040002441e+02 6.0029998779e+02 6.0020001221e+02 6.0000000000e+02 5.9990002441e+02 5.9979998779e+02 5.9959997559e+02 5.9950000000e+02 5.9929998779e+02 5.9920001221e+02 5.9900000000e+02 5.9879998779e+02 5.9859997559e+02 5.9850000000e+02 5.9829998779e+02 5.9820001221e+02 5.9809997559e+02 5.9790002441e+02 5.9779998779e+02 5.9779998779e+02 5.9770001221e+02 5.9759997559e+02 5.9750000000e+02
6.0359997559e+02 6.0350000000e+02 6.0340002441e+02 6.0329998779e+02 6.0309997559e+02 6.0300000000e+02 6.0290002441e+02 6.0279998779e+02 6.0270001221e+02 6.0259997559e+02 6.0240002441e+02 6.0229998779e+02 6.0220001221e+02 6.0209997559e+02 6.0190002441e+02 6.0179998779e+02 6.0170001221e+02 6.0150000000e+02 6.0140002441e+02 6.0120001221e+02 6.0100000000e+02 6.0090002441e+02 6.0070001221e+02 6.0050000000e+02 6.0040002441e+02 6.0029998779e+02 6.0009997559e+02 5.9990002441e+02 5.9979998779e+02 5.9970001221e+02 5.9959997559e+02 5.9940002441e+02 5.9929998779e+02 5.9909997559e+02 5.9890002441e+02 5.9870001221e+02 5.9850000000e+02 5.9840002441e+02 5.9820001221e+02 5.9809997559e+02 5.9800000000e+02 5.9790002441e+02 5.9779998779e+02 5.9770001221e+02 5.9770001221e+02 5.9759997559e+02
6.0370001221e+02 6.0359997559e+02 6.0350000000e+02 6.0340002441e+02 6.0329998779e+02 6.0309997559e+02 6.0300000000e+02 6.0290002441e+02 6.0279998779e+02 6.0270001221e+02 6.0259997559e+02 6.0240002441e+02 6.0229998779e+02 6.0220001221e+02 6.0200000000e+02 6.0190002441e+02 6.0170001221e+02 6.0159997559e+02 6.0140002441e+02 6.0129998779e+02 6.0109997559e+02 6.0090002441e+02 6.0079998779e+02 6.0059997559e+02 6.0050000000e+02 6.0029998779e+02 6.0020001221e+02 6.0000000000e+02 5.9990002441e+02 5.9979998779e+02 5.9959997559e+02 5.9950000000e+02 5.9940002441e+02 5.9920001221e+02 5.9900000000e+02 5.9879998779e+02 5.9859997559e+02 5.9840002441e+02 5.9829998779e+02 5.9820001221e+02 5.9809997559e+02 5.9790002441e+02 5.9779998779e+02 5.9779998779e+02 5.9770001221e+02 5.9759997559e+02
6.0379998779e+02 6.0370001221e+02 6.0359997559e+02 6.0350000000e+02 6.0340002441e+02 6.0329998779e+02 6.0320001221e+02 6.0309997559e+02 6.0290002441e+02 6.0279998779e+02 6.0270001221e+02 6.0259997559e+02 6.0240002441e+02 6.0229998779e+02 6.0209997559e+02 6.0200000000e+02 6.0179998779e+02 6.0170001221e+02 6.0150000000e+02 6.0140002441e+02 6.0120001221e+02 6.0100000000e+02 6.0090002441e+02 6.0070001221e+02 6.0059997559e+02 6.0040002441e+02 6.0029998779e+02 6.0009997559e+02 5.9990002441e+02 5.9979998779e+02 5.9970001221e+02 5.9959997559e+02 5.9940002441e+02 5.9920001221e+02 5.9900000000e+02 5.9890002441e+02 5.9870001221e+02 5.9850000000e+02 5.9840002441e+02 5.9829998779e+02 5.9809997559e+02 5.9800000000e+02 5.9790002441e+02 5.9779998779e+02 5.9770001221e+02 5.9770001221e+02
6.0390002441e+02 6.0379998779e+02 6.0379998779e+02 6.0359997559e+02 6.0350000000e+02 6.0340002441e+02 6.0329998779e+02 6.0320001221e+02 6.0309997559e+02 6.0290002441e+02 6.0279998779e+02 6.0270001221e+02 6.0259997559e+02 6.0240002441e+02 6.0229998779e+02 6.0209997559e+02 6.0190002441e+02 6.0179998779e+02 6.0159997559e+02 6.0150000000e+02 6.0129998779e+02 6.0120001221e+02 6.0100000000e+02 6.0090002441e+02 6.0070001221e+02 6.0050000000e+02 6.0040002441e+02 6.0020001221e+02 6.0009997559e+02 5.9990002441e+02 5.9979998779e+02 5.9959997559e+02 5.9940002441e+02 5.9929998779e+02 5.9909997559e+02 5.9900000000e+02 5.9879998779e+02 5.9859997559e+02 5.9840002441e+02 5.9829998779e+02 5.9820001221e+02 5.9809997559e+02 5.9790002441e+02 5.9779998779e+02 5.9779998779e+02 5.9770001221e+02
6.0409997559e+02 6.0400000000e+02 6.0390002441e+02 6.0370001221e+02 6.0359997559e+02 6.0350000000e+02 6.0340002441e+02 6.0329998779e+02 6.0320001221e+02 6.0309997559e+02 6.0290002441e+02 6.0279998779e+02 6.0270001221e+02 6.0259997559e+02 6.0240002441e+02 6.0220001221e+02 6.0209997559e+02 6.0190002441e+02 6.0179998779e+02 6.0159997559e+02 6.0140002441e+02 6.0129998779e+02 6.0109997559e+02 6.0100000000e+02 6.0079998779e+02 6.0070001221e+02 6.0050000000e+02 6.0029998779e+02 6.0020001221e+02 6.0000000000e+02 5.9990002441e+02 5.9970001221e+02 5.9950000000e+02 5.9940002441e+02 5.9920001221e+02 5.9900000000e+02 5.9890002441e+02 5.9870001221e+02 5.9859997559e+02 5.9840002441e+02 5.9829998779e+02 5.9809997559e+02 5.9800000000e+02 5.9790002441e+02 5.9779998779e+02 5.9770001221e+02
6.0420001221e+02 6.0409997559e+02 6.0400000000e+02 6.0390002441e+02 6.0379998779e+02 6.0359997559e+02 6.0350000000e+02 6.0340002441e+02 6.0329998779e+02 6.0320001221e+02 6.0309997559e+02 6.0300000000e+02 6.0290002441e+02 6.0270001221e+02 6.0259997559e+02 6.0240002441e+02 6.0220001221e+02 6.0209997559e+02 6.0190002441e+02 6.0170001221e+02 6.0150000000e+02 6.0140002441e+02 6.0129998779e+02 6.0109997559e+02 6.0090002441e+02 6.0079998779e+02 6.0059997559e+02 6.0040002441e+02 6.0029998779e+02 6.0009997559e+02 6.0000000000e+02 5.9979998779e+02 5.9959997559e+02 5.9950000000e+02 5.9929998779e+02 5.9920001221e+02 5.9900000000e+02 5.9879998779e+02 5.9870001221e+02 5.9850000000e+02 5.9840002441e+02 5.9829998779e+02 5.9809997559e+02 5.9800000000e+02 5.9790002441e+02 5.9779998779e+02
6.0429998779e+02 6.0420001221e+02 6.0409997559e+02 6.0400000000e+02 6.0390002441e+02 6.0379998779e+02 6.0359997559e+02 6.0350000000e+02 6.0340002441e+02 6.0329998779e+02 6.0320001221e+02 6.0309997559e+02 6.0300000000e+02 6.0279998779e+02 6.0270001221e+02 6.0259997559e+02 6.0240002441e+02 6.0220001221e+02 6.0200000000e+02 6.0179998779e+02 6.0170001221e+02 6.0150000000e+02 6.0129998779e+02 6.0120001221e+02 6.0109997559e+02 6.0090002441e+02 6.0070001221e+02 6.0059997559e+02 6.0040002441e+02 6.0029998779e+02 6.0009997559e+02 5.9990002441e+02 5.9970001221e+02 5.9959997559e+02 5.9940002441e+02 5.9920001221e+02 5.9909997559e+02 5.9890002441e+02 5.9879998779e+02 5.9859997559e+02 5.9840002441e+02 5.9829998779e+02 5.9820001221e+02 5.9809997559e+02 5.9800000000e+02 5.9790002441e+02
6.0440002441e+02 6.0429998779e+02 6.0420001221e+02 6.0409997559e+02 6.0400000000e+02 6.0390002441e+02 6.0379998779e+02 6.0370001221e+02 6.0359997559e+02 6.0340002441e+02 6.0329998779e+02 6.0320001221e+02 6.0309997559e+02 6.0300000000e+02 6.0279998779e+02 6.0270001221e+02 6.0259997559e+02 6.0240002441e+02 6.0220001221e+02 6.0209997559e+02 6.0190002441e+02 6.0170001221e+02 6.0150000000e+02 6.0129998779e+02 6.0120001221e+02 6.0100000000e+02 6.0090002441e+02 6.0070001221e+02 6.0050000000e+02 6.0040002441e+02 6.0020001221e+02 6.0000000000e+02 5.9990002441e+02 5.9970001221e+02 5.9950000000e+02 5.9929998779e+02 5.9920001221e+02 5.9900000000e+02 5.9890002441e+02 5.9870001221e+02 5.9859997559e+02 5.9840002441e+02 5.9829998779e+02 5.9820001221e+02 5.9809997559e+02 5.9790002441e+02
6.0450000000e+02 6.0440002441e+02 6.0429998779e+02 6.0420001221e+02 6.0409997559e+02 6.0400000000e+02 6.0390002441e+02 6.0379998779e+02 6.0370001221e+02 6.0359997559e+02 6.0340002441e+02 6.0329998779e+02 6.0329998779e+02 6.0309997559e+02 6.0300000000e+02 6.0279998779e+02 6.0270001221e+02 6.0259997559e+02 6.0240002441e+02 6.0220001221e+02 6.0209997559e+02 6.0190002441e+02 6.0170001221e+02 6.0150000000e+02 6.0129998779e+02 6.0120001221e+02 6.0100000000e+02 6.0090002441e+02 6.0070001221e+02 6.0050000000e+02 6.0040002441e+02 6.0020001221e+02 6.0000000000e+02 5.9979998779e+02 5.9959997559e+02 5.9940002441e+02 5.9929998779e+02 5.9909997559e+02 5.9900000000e+02 5.9879998779e+02 5.9870001221e+02 5.9850000000e+02 5.9840002441e+02 5.9829998779e+02 5.9809997559e+02 5.9800000000e+02
6.0459997559e+02 6.0440002441e+02 6.0429998779e+02 6.0429998779e+02 6.0420001221e+02 6.0409997559e+02 6.0400000000e+02 6.0390002441e+02 6.0379998779e+02 6.0370001221e+02 6.0359997559e+02 6.0350000000e+02 6.0340002441e+02 6.0329998779e+02 6.0309997559e+02 6.0300000000e+02 6.0279998779e+02 6.0270001221e+02 6.0250000000e+02 6.0240002441e+02 6.0220001221e+02 6.0209997559e+02 6.0190002441e+02 6.0170001221e+02 6.0150000000e+02 6.0129998779e+02 6.0120001221e+02 6.0100000000e+02 6.0079998779e+02 6.0070001221e+02 6.0050000000e+02 6.0029998779e+02 6.0009997559e+02 5.9990002441e+02 5.9970001221e+02 5.9950000000e+02 5.9940002441e+02 5.9920001221e+02 5.9909997559e+02 5.9890002441e+02 5.9879998779e+02 5.9859997559e+02 5.9850000000e+02 5.9840002441e+02 5.9829998779e+02 5.9809997559e+02
6.0470001221e+02 6.0459997559e+02 6.0450000000e+02 6.0440002441e+02 6.0429998779e+02 6.0420001221e+02 6.0409997559e+02 6.0409997559e+02 6.0400000000e+02 6.0379998779e+02 6.0370001221e+02 6.0359997559e+02 6.0350000000e+02 6.0340002441e+02 6.0329998779e+02 6.0309997559e+02 6.0300000000e+02 6.0279998779e+02 6.0270001221e+02 6.0250000000e+02 6.0240002441e+02 6.0220001221e+02 6.0209997559e+02 6.0190002441e+02 6.0170001221e+02 6.0150000000e+02 6.0129998779e+02 6.0120001221e+02 6.0100000000e+02 6.0079998779e+02 6.0070001221e+02 6.0040002441e+02 6.0020001221e+02 6.0000000000e+02 5.9990002441e+02 5.9970001221e+02 5.9950000000e+02 5.9929998779e+02 5.9920001221e+02 5.9900000000e+02 5.9890002441e+02 5.9870001221e+02 5.9859997559e+02 5.9840002441e+02 5.9829998779e+02 5.9820001221e+02
6.0479998779e+02 6.0470001221e+02 6.0459997559e+02 6.0450000000e+02 6.0450000000e+02 6.0440002441e+02 6.0429998779e+02 6.0420001221e+02 6.0409997559e+02 6.0400000000e+02 6.0390002441e+02 6.0379998779e+02 6.0359997559e+02 6.0359997559e+02 6.0340002441e+02 6.0329998779e+02 6.0320001221e+02 6.0300000000e+02 6.0279998779e+02 6.0270001221e+02 6.0259997559e+02 6.0240002441e+02 6.0220001221e+02 6.0209997559e+02 6.0190002441e+02 6.0170001221e+02 6.0150000000e+02 6.0129998779e+02 6.0120001221e+02 6.0100000000e+02 6.0079998779e+02 6.0059997559e+02 6.0040002441e+02 6.0020001221e+02 6.0000000000e+02 5.9979998779e+02 5.9959997559e+02 5.9940002441e+02 5.9929998779e+02 5.9909997559e+02 5.9890002441e+02 5.9879998779e+02 5.9870001221e+02 5.9850000000e+02 5.9840002441e+02 5.9829998779e+02
6.0490002441e+02 6.0479998779e+02 6.0470001221e+02 6.0470001221e+02 6.0459997559e+02 6.0450000000e+02 6.0450000000e+02 6.0440002441e+02 6.0420001221e+02 6.0409997559e+02 6.0400000000e+02 6.0390002441e+02 6.0379998779e+02 6.0370001221e+02 6.0359997559e+02 6.0340002441e+02 6.0329998779e+02 6.0320001221e+02 6.0300000000e+02 6.0290002441e+02 6.0270001221e+02 6.0259997559e+02 6.0240002441e+02 6.0220001221e+02 6.0209997559e+02 6.0190002441e+02 6.0170001221e+02 6.0150000000e+02 6.0129998779e+02 6.0109997559e+02 6.0090002441e+02 6.0070001221e+02 6.0050000000e+02 6.0029998779e+02 6.0009997559e+02 5.9990002441e+02 5.9970001221e+02 5.9959997559e+02 5.9940002441e+02 5.9920001221e+02 5.9909997559e+02 5.9890002441e+02 5.9879998779e+02 5.9859997559e+02 5.9850000000e+02 5.9840002441e+02
6.0500000000e+02 6.0490002441e+02 6.0490002441e+02 6.0479998779e+02 6.0470001221e+02 6.0470001221e+02 6.0459997559e+02 6.0450000000e+02 6.0440002441e+02 6.0429998779e+02 6.0420001221e+02 6.0409997559e+02 6.0390002441e+02 6.0379998779e+02 6.0370001221e+02 6.0359997559e+02 6.0350000000e+02 6.0329998779e+02 6.0320001221e+02 6.0309997559e+02 6.0290002441e+02 6.0270001221e+02 6.0259997559e+02 6.0240002441e+02 6.0220001221e+02 6.0209997559e+02 6.0190002441e+02 6.0170001221e+02 6.0150000000e+02 6.0129998779e+02 6.0109997559e+02 6.0090002441e+02 6.0070001221e+02 6.0040002441e+02 6.0020001221e+02 6.0000000000e+02 5.9990002441e+02 5.9970001221e+02 5.9950000000e+02 5.9940002441e+02 5.9920001221e+02 5.9900000000e+02 5.9890002441e+02 5.9879998779e+02 5.9859997559e+02 5.9850000000e+02
