DGM_1M_UPPER_AUSTRIA/26/25.asc
NCOLS 100
NROWS 100
XLLCORNER 6.2750500000e+04
YLLCORNER 2.9278850000e+05
CELLSIZE 1.0000000000e+00
NODATA_VALUE -9.9990000000e+03
[rows 40 to 59 of 100, columns 46 to 91 of 100]
4.7350000000e+02 4.7339999390e+02 4.7339999390e+02 4.7339999390e+02 4.7339999390e+02 4.7339999390e+02 4.7339999390e+02 4.7339999390e+02 4.7329998779e+02 4.7339999390e+02 4.7329998779e+02 4.7329998779e+02 4.7329998779e+02 4.7320001221e+02 4.7320001221e+02 4.7329998779e+02 4.7339999390e+02 4.7339999390e+02 4.7329998779e+02 4.7310000610e+02 4.7279998779e+02 4.7229998779e+02 4.7179998779e+02 4.7129998779e+02 4.7079998779e+02 4.7039999390e+02 4.7000000000e+02 4.6970001221e+02 4.6939999390e+02 4.6920001221e+02 4.6870001221e+02 4.6789999390e+02 4.6689999390e+02 4.6620001221e+02 4.6589999390e+02 4.6589999390e+02 4.6579998779e+02 4.6579998779e+02 4.6589999390e+02 4.6589999390e+02 4.6570001221e+02 4.6550000000e+02 4.6539999390e+02 4.6539999390e+02 4.6539999390e+02 4.6539999390e+02
4.7339999390e+02 4.7339999390e+02 4.7339999390e+02 4.7339999390e+02 4.7329998779e+02 4.7329998779e+02 4.7329998779e+02 4.7329998779e+02 4.7329998779e+02 4.7320001221e+02 4.7320001221e+02 4.7320001221e+02 4.7320001221e+02 4.7320001221e+02 4.7320001221e+02 4.7320001221e+02 4.7329998779e+02 4.7329998779e+02 4.7320001221e+02 4.7300000000e+02 4.7250000000e+02 4.7200000000e+02 4.7139999390e+02 4.7089999390e+02 4.7050000000e+02 4.7010000610e+02 4.6979998779e+02 4.6950000000e+02 4.6920001221e+02 4.6900000000e+02 4.6800000000e+02 4.6689999390e+02 4.6620001221e+02 4.6600000000e+02 4.6589999390e+02 4.6589999390e+02 4.6600000000e+02 4.6610000610e+02 4.6610000610e+02 4.6600000000e+02 4.6570001221e+02 4.6550000000e+02 4.6539999390e+02 4.6539999390e+02 4.6539999390e+02 4.6539999390e+02
4.7329998779e+02 4.7329998779e+02 4.7320001221e+02 4.7329998779e+02 4.7329998779e+02 4.7320001221e+02 4.7320001221e+02 4.7320001221e+02 4.7320001221e+02 4.7320001221e+02 4.7320001221e+02 4.7310000610e+02 4.7310000610e+02 4.7310000610e+02 4.7310000610e+02 4.7320001221e+02 4.7320001221e+02 4.7320001221e+02 4.7310000610e+02 4.7279998779e+02 4.7229998779e+02 4.7170001221e+02 4.7120001221e+02 4.7070001221e+02 4.7029998779e+02 4.6989999390e+02 4.6960000610e+02 4.6939999390e+02 4.6920001221e+02 4.6879998779e+02 4.6729998779e+02 4.6629998779e+02 4.6600000000e+02 4.6589999390e+02 4.6600000000e+02 4.6629998779e+02 4.6660000610e+02 4.6679998779e+02 4.6670001221e+02 4.6629998779e+02 4.6579998779e+02 4.6550000000e+02 4.6550000000e+02 4.6539999390e+02 4.6539999390e+02 4.6539999390e+02
4.7320001221e+02 4.7320001221e+02 4.7320001221e+02 4.7320001221e+02 4.7320001221e+02 4.7310000610e+02 4.7310000610e+02 4.7310000610e+02 4.7310000610e+02 4.7310000610e+02 4.7310000610e+02 4.7310000610e+02 4.7310000610e+02 4.7310000610e+02 4.7310000610e+02 4.7310000610e+02 4.7320001221e+02 4.7320001221e+02 4.7300000000e+02 4.7260000610e+02 4.7210000610e+02 4.7150000000e+02 4.7100000000e+02 4.7050000000e+02 4.7010000610e+02 4.6979998779e+02 4.6950000000e+02 4.6929998779e+02 4.6920001221e+02 4.6879998779e+02 4.6729998779e+02 4.6629998779e+02 4.6600000000e+02 4.6610000610e+02 4.6660000610e+02 4.6729998779e+02 4.6760000610e+02 4.6760000610e+02 4.6720001221e+02 4.6650000000e+02 4.6589999390e+02 4.6560000610e+02 4.6550000000e+02 4.6550000000e+02 4.6550000000e+02 4.6550000000e+02
4.7310000610e+02 4.7310000610e+02 4.7310000610e+02 4.7310000610e+02 4.7310000610e+02 4.7310000610e+02 4.7310000610e+02 4.7300000000e+02 4.7300000000e+02 4.7300000000e+02 4.7300000000e+02 4.7300000000e+02 4.7300000000e+02 4.7300000000e+02 4.7300000000e+02 4.7300000000e+02 4.7310000610e+02 4.7310000610e+02 4.7289999390e+02 4.7250000000e+02 4.7189999390e+02 4.7129998779e+02 4.7079998779e+02 4.7039999390e+02 4.7000000000e+02 4.6970001221e+02 4.6939999390e+02 4.6929998779e+02 4.6920001221e+02 4.6889999390e+02 4.6770001221e+02 4.6679998779e+02 4.6670001221e+02 4.6710000610e+02 4.6789999390e+02 4.6839999390e+02 4.6839999390e+02 4.6810000610e+02 4.6739999390e+02 4.6660000610e+02 4.6589999390e+02 4.6560000610e+02 4.6550000000e+02 4.6550000000e+02 4.6550000000e+02 4.6550000000e+02
4.7300000000e+02 4.7300000000e+02 4.7300000000e+02 4.7300000000e+02 4.7300000000e+02 4.7300000000e+02 4.7300000000e+02 4.7289999390e+02 4.7289999390e+02 4.7289999390e+02 4.7289999390e+02 4.7289999390e+02 4.7289999390e+02 4.7289999390e+02 4.7289999390e+02 4.7300000000e+02 4.7300000000e+02 4.7300000000e+02 4.7279998779e+02 4.7229998779e+02 4.7170001221e+02 4.7120001221e+02 4.7070001221e+02 4.7029998779e+02 4.6989999390e+02 4.6960000610e+02 4.6939999390e+02 4.6929998779e+02 4.6929998779e+02 4.6910000610e+02 4.6860000610e+02 4.6800000000e+02 4.6789999390e+02 4.6829998779e+02 4.6870001221e+02 4.6879998779e+02 4.6860000610e+02 4.6820001221e+02 4.6750000000e+02 4.6660000610e+02 4.6589999390e+02 4.6560000610e+02 4.6550000000e+02 4.6550000000e+02 4.6550000000e+02 4.6550000000e+02
4.7289999390e+02 4.7289999390e+02 4.7289999390e+02 4.7289999390e+02 4.7289999390e+02 4.7289999390e+02 4.7289999390e+02 4.7289999390e+02 4.7289999390e+02 4.7279998779e+02 4.7289999390e+02 4.7289999390e+02 4.7289999390e+02 4.7279998779e+02 4.7279998779e+02 4.7289999390e+02 4.7300000000e+02 4.7289999390e+02 4.7260000610e+02 4.7210000610e+02 4.7150000000e+02 4.7100000000e+02 4.7050000000e+02 4.7010000610e+02 4.6979998779e+02 4.6960000610e+02 4.6950000000e+02 4.6939999390e+02 4.6929998779e+02 4.6929998779e+02 4.6920001221e+02 4.6900000000e+02 4.6889999390e+02 4.6889999390e+02 4.6889999390e+02 4.6879998779e+02 4.6870001221e+02 4.6820001221e+02 4.6750000000e+02 4.6639999390e+02 4.6579998779e+02 4.6560000610e+02 4.6550000000e+02 4.6550000000e+02 4.6550000000e+02 4.6550000000e+02
4.7289999390e+02 4.7279998779e+02 4.7289999390e+02 4.7279998779e+02 4.7279998779e+02 4.7279998779e+02 4.7279998779e+02 4.7279998779e+02 4.7279998779e+02 4.7270001221e+02 4.7279998779e+02 4.7279998779e+02 4.7279998779e+02 4.7270001221e+02 4.7270001221e+02 4.7279998779e+02 4.7289999390e+02 4.7279998779e+02 4.7250000000e+02 4.7189999390e+02 4.7139999390e+02 4.7089999390e+02 4.7039999390e+02 4.7000000000e+02 4.6979998779e+02 4.6960000610e+02 4.6950000000e+02 4.6939999390e+02 4.6929998779e+02 4.6929998779e+02 4.6920001221e+02 4.6920001221e+02 4.6910000610e+02 4.6900000000e+02 4.6889999390e+02 4.6879998779e+02 4.6870001221e+02 4.6810000610e+02 4.6729998779e+02 4.6629998779e+02 4.6570001221e+02 4.6550000000e+02 4.6550000000e+02 4.6550000000e+02 4.6550000000e+02 4.6539999390e+02
4.7270001221e+02 4.7270001221e+02 4.7270001221e+02 4.7270001221e+02 4.7270001221e+02 4.7270001221e+02 4.7270001221e+02 4.7270001221e+02 4.7270001221e+02 4.7270001221e+02 4.7270001221e+02 4.7270001221e+02 4.7270001221e+02 4.7270001221e+02 4.7270001221e+02 4.7279998779e+02 4.7279998779e+02 4.7270001221e+02 4.7229998779e+02 4.7170001221e+02 4.7120001221e+02 4.7070001221e+02 4.7029998779e+02 4.6989999390e+02 4.6970001221e+02 4.6950000000e+02 4.6950000000e+02 4.6939999390e+02 4.6929998779e+02 4.6929998779e+02 4.6929998779e+02 4.6920001221e+02 4.6910000610e+02 4.6900000000e+02 4.6900000000e+02 4.6889999390e+02 4.6870001221e+02 4.6820001221e+02 4.6729998779e+02 4.6620001221e+02 4.6570001221e+02 4.6550000000e+02 4.6550000000e+02 4.6550000000e+02 4.6550000000e+02 4.6539999390e+02
4.7260000610e+02 4.7270001221e+02 4.7270001221e+02 4.7270001221e+02 4.7260000610e+02 4.7260000610e+02 4.7260000610e+02 4.7260000610e+02 4.7260000610e+02 4.7260000610e+02 4.7260000610e+02 4.7260000610e+02 4.7260000610e+02 4.7260000610e+02 4.7260000610e+02 4.7270001221e+02 4.7270001221e+02 4.7250000000e+02 4.7210000610e+02 4.7160000610e+02 4.7100000000e+02 4.7050000000e+02 4.7010000610e+02 4.6979998779e+02 4.6960000610e+02 4.6950000000e+02 4.6939999390e+02 4.6939999390e+02 4.6929998779e+02 4.6929998779e+02 4.6929998779e+02 4.6920001221e+02 4.6910000610e+02 4.6910000610e+02 4.6900000000e+02 4.6889999390e+02 4.6870001221e+02 4.6829998779e+02 4.6739999390e+02 4.6629998779e+02 4.6570001221e+02 4.6550000000e+02 4.6550000000e+02 4.6550000000e+02 4.6550000000e+02 4.6550000000e+02
4.7229998779e+02 4.7250000000e+02 4.7260000610e+02 4.7260000610e+02 4.7260000610e+02 4.7260000610e+02 4.7260000610e+02 4.7260000610e+02 4.7260000610e+02 4.7260000610e+02 4.7260000610e+02 4.7260000610e+02 4.7260000610e+02 4.7250000000e+02 4.7250000000e+02 4.7260000610e+02 4.7260000610e+02 4.7239999390e+02 4.7189999390e+02 4.7139999390e+02 4.7079998779e+02 4.7029998779e+02 4.6989999390e+02 4.6970001221e+02 4.6960000610e+02 4.6950000000e+02 4.6939999390e+02 4.6939999390e+02 4.6939999390e+02 4.6929998779e+02 4.6929998779e+02 4.6920001221e+02 4.6910000610e+02 4.6910000610e+02 4.6900000000e+02 4.6889999390e+02 4.6870001221e+02 4.6829998779e+02 4.6729998779e+02 4.6629998779e+02 4.6570001221e+02 4.6560000610e+02 4.6550000000e+02 4.6550000000e+02 4.6550000000e+02 4.6539999390e+02
4.7210000610e+02 4.7239999390e+02 4.7250000000e+02 4.7250000000e+02 4.7250000000e+02 4.7250000000e+02 4.7250000000e+02 4.7239999390e+02 4.7239999390e+02 4.7250000000e+02 4.7250000000e+02 4.7250000000e+02 4.7250000000e+02 4.7250000000e+02 4.7250000000e+02 4.7250000000e+02 4.7250000000e+02 4.7220001221e+02 4.7170001221e+02 4.7120001221e+02 4.7060000610e+02 4.7010000610e+02 4.6979998779e+02 4.6970001221e+02 4.6960000610e+02 4.6950000000e+02 4.6950000000e+02 4.6939999390e+02 4.6939999390e+02 4.6929998779e+02 4.6929998779e+02 4.6929998779e+02 4.6920001221e+02 4.6910000610e+02 4.6910000610e+02 4.6900000000e+02 4.6879998779e+02 4.6829998779e+02 4.6729998779e+02 4.6620001221e+02 4.6570001221e+02 4.6560000610e+02 4.6550000000e+02 4.6550000000e+02 4.6550000000e+02 4.6539999390e+02
4.7179998779e+02 4.7220001221e+02 4.7229998779e+02 4.7239999390e+02 4.7239999390e+02 4.7239999390e+02 4.7239999390e+02 4.7239999390e+02 4.7239999390e+02 4.7239999390e+02 4.7239999390e+02 4.7239999390e+02 4.7239999390e+02 4.7239999390e+02 4.7239999390e+02 4.7250000000e+02 4.7239999390e+02 4.7200000000e+02 4.7150000000e+02 4.7100000000e+02 4.7050000000e+02 4.7000000000e+02 4.6970001221e+02 4.6960000610e+02 4.6960000610e+02 4.6950000000e+02 4.6950000000e+02 4.6939999390e+02 4.6939999390e+02 4.6929998779e+02 4.6929998779e+02 4.6929998779e+02 4.6920001221e+02 4.6910000610e+02 4.6910000610e+02 4.6900000000e+02 4.6879998779e+02 4.6839999390e+02 4.6729998779e+02 4.6620001221e+02 4.6579998779e+02 4.6560000610e+02 4.6550000000e+02 4.6550000000e+02 4.6550000000e+02 4.6550000000e+02
4.7150000000e+02 4.7189999390e+02 4.7220001221e+02 4.7229998779e+02 4.7229998779e+02 4.7229998779e+02 4.7229998779e+02 4.7229998779e+02 4.7229998779e+02 4.7229998779e+02 4.7229998779e+02 4.7229998779e+02 4.7229998779e+02 4.7229998779e+02 4.7239999390e+02 4.7239999390e+02 4.7220001221e+02 4.7189999390e+02 4.7139999390e+02 4.7089999390e+02 4.7029998779e+02 4.6989999390e+02 4.6970001221e+02 4.6960000610e+02 4.6960000610e+02 4.6950000000e+02 4.6950000000e+02 4.6939999390e+02 4.6939999390e+02 4.6929998779e+02 4.6929998779e+02 4.6929998779e+02 4.6929998779e+02 4.6920001221e+02 4.6910000610e+02 4.6910000610e+02 4.6879998779e+02 4.6829998779e+02 4.6729998779e+02 4.6629998779e+02 4.6579998779e+02 4.6560000610e+02 4.6550000000e+02 4.6550000000e+02 4.6550000000e+02 4.6550000000e+02
4.7129998779e+02 4.7170001221e+02 4.7210000610e+02 4.7220001221e+02 4.7220001221e+02 4.7220001221e+02 4.7220001221e+02 4.7220001221e+02 4.7220001221e+02 4.7220001221e+02 4.7220001221e+02 4.7220001221e+02 4.7220001221e+02 4.7220001221e+02 4.7229998779e+02 4.7229998779e+02 4.7210000610e+02 4.7179998779e+02 4.7129998779e+02 4.7070001221e+02 4.7020001221e+02 4.6979998779e+02 4.6960000610e+02 4.6960000610e+02 4.6960000610e+02 4.6950000000e+02 4.6950000000e+02 4.6939999390e+02 4.6939999390e+02 4.6929998779e+02 4.6929998779e+02 4.6929998779e+02 4.6929998779e+02 4.6920001221e+02 4.6920001221e+02 4.6910000610e+02 4.6889999390e+02 4.6829998779e+02 4.6739999390e+02 4.6639999390e+02 4.6579998779e+02 4.6570001221e+02 4.6560000610e+02 4.6550000000e+02 4.6550000000e+02 4.6550000000e+02
4.7100000000e+02 4.7160000610e+02 4.7200000000e+02 4.7210000610e+02 4.7210000610e+02 4.7210000610e+02 4.7210000610e+02 4.7210000610e+02 4.7210000610e+02 4.7220001221e+02 4.7220001221e+02 4.7220001221e+02 4.7210000610e+02 4.7210000610e+02 4.7220001221e+02 4.7220001221e+02 4.7200000000e+02 4.7160000610e+02 4.7110000610e+02 4.7060000610e+02 4.7000000000e+02 4.6970001221e+02 4.6960000610e+02 4.6960000610e+02 4.6960000610e+02 4.6950000000e+02 4.6950000000e+02 4.6939999390e+02 4.6939999390e+02 4.6939999390e+02 4.6929998779e+02 4.6929998779e+02 4.6929998779e+02 4.6920001221e+02 4.6920001221e+02 4.6910000610e+02 4.6889999390e+02 4.6829998779e+02 4.6750000000e+02 4.6650000000e+02 4.6589999390e+02 4.6570001221e+02 4.6560000610e+02 4.6550000000e+02 4.6550000000e+02 4.6550000000e+02
4.7070001221e+02 4.7150000000e+02 4.7200000000e+02 4.7210000610e+02 4.7210000610e+02 4.7210000610e+02 4.7210000610e+02 4.7210000610e+02 4.7210000610e+02 4.7210000610e+02 4.7210000610e+02 4.7210000610e+02 4.7210000610e+02 4.7210000610e+02 4.7210000610e+02 4.7220001221e+02 4.7200000000e+02 4.7150000000e+02 4.7100000000e+02 4.7039999390e+02 4.6989999390e+02 4.6970001221e+02 4.6960000610e+02 4.6960000610e+02 4.6950000000e+02 4.6950000000e+02 4.6950000000e+02 4.6939999390e+02 4.6939999390e+02 4.6939999390e+02 4.6929998779e+02 4.6929998779e+02 4.6929998779e+02 4.6929998779e+02 4.6920001221e+02 4.6910000610e+02 4.6889999390e+02 4.6829998779e+02 4.6760000610e+02 4.6660000610e+02 4.6600000000e+02 4.6570001221e+02 4.6560000610e+02 4.6550000000e+02 4.6550000000e+02 4.6550000000e+02
4.7050000000e+02 4.7120001221e+02 4.7179998779e+02 4.7200000000e+02 4.7200000000e+02 4.7200000000e+02 4.7200000000e+02 4.7200000000e+02 4.7200000000e+02 4.7200000000e+02 4.7200000000e+02 4.7200000000e+02 4.7200000000e+02 4.7200000000e+02 4.7200000000e+02 4.7210000610e+02 4.7179998779e+02 4.7129998779e+02 4.7079998779e+02 4.7029998779e+02 4.6979998779e+02 4.6960000610e+02 4.6960000610e+02 4.6960000610e+02 4.6950000000e+02 4.6950000000e+02 4.6950000000e+02 4.6939999390e+02 4.6939999390e+02 4.6939999390e+02 4.6929998779e+02 4.6929998779e+02 4.6929998779e+02 4.6920001221e+02 4.6920001221e+02 4.6910000610e+02 4.6889999390e+02 4.6829998779e+02 4.6750000000e+02 4.6660000610e+02 4.6600000000e+02 4.6570001221e+02 4.6560000610e+02 4.6550000000e+02 4.6550000000e+02 4.6550000000e+02
4.7029998779e+02 4.7089999390e+02 4.7150000000e+02 4.7179998779e+02 4.7189999390e+02 4.7189999390e+02 4.7189999390e+02 4.7189999390e+02 4.7189999390e+02 4.7189999390e+02 4.7189999390e+02 4.7189999390e+02 4.7189999390e+02 4.7189999390e+02 4.7200000000e+02 4.7200000000e+02 4.7170001221e+02 4.7120001221e+02 4.7060000610e+02 4.7010000610e+02 4.6970001221e+02 4.6960000610e+02 4.6950000000e+02 4.6950000000e+02 4.6950000000e+02 4.6950000000e+02 4.6939999390e+02 4.6939999390e+02 4.6939999390e+02 4.6939999390e+02 4.6929998779e+02 4.6929998779e+02 4.6929998779e+02 4.6920001221e+02 4.6920001221e+02 4.6910000610e+02 4.6900000000e+02 4.6839999390e+02 4.6750000000e+02 4.6670001221e+02 4.6600000000e+02 4.6570001221e+02 4.6560000610e+02 4.6550000000e+02 4.6550000000e+02 4.6539999390e+02
4.7010000610e+02 4.7070001221e+02 4.7129998779e+02 4.7170001221e+02 4.7189999390e+02 4.7189999390e+02 4.7189999390e+02 4.7179998779e+02 4.7179998779e+02 4.7179998779e+02 4.7189999390e+02 4.7189999390e+02 4.7179998779e+02 4.7189999390e+02 4.7189999390e+02 4.7189999390e+02 4.7160000610e+02 4.7100000000e+02 4.7050000000e+02 4.7000000000e+02 4.6970001221e+02 4.6960000610e+02 4.6950000000e+02 4.6950000000e+02 4.6950000000e+02 4.6950000000e+02 4.6950000000e+02 4.6939999390e+02 4.6939999390e+02 4.6939999390e+02 4.6929998779e+02 4.6929998779e+02 4.6929998779e+02 4.6920001221e+02 4.6920001221e+02 4.6910000610e+02 4.6900000000e+02 4.6850000000e+02 4.6760000610e+02 4.6670001221e+02 4.6610000610e+02 4.6579998779e+02 4.6560000610e+02 4.6560000610e+02 4.6550000000e+02 4.6550000000e+02
