DGM_1M_UPPER_AUSTRIA/49/0.asc
NCOLS 100
NROWS 100
XLLCORNER 6.5050500000e+04
YLLCORNER 2.9528850000e+05
CELLSIZE 1.0000000000e+00
NODATA_VALUE -9.9990000000e+03
[rows 40 to 59 of 100, columns 46 to 91 of 100]
9.6909997559e+02 9.6840002441e+02 9.6829998779e+02 9.6829998779e+02 9.6829998779e+02 9.6850000000e+02 9.6890002441e+02 9.6920001221e+02 9.6940002441e+02 9.6940002441e+02 9.6950000000e+02 9.6950000000e+02 9.6920001221e+02 9.6900000000e+02 9.6890002441e+02 9.6850000000e+02 9.6800000000e+02 9.6709997559e+02 9.6609997559e+02 9.6550000000e+02 9.6540002441e+02 9.6559997559e+02 9.6579998779e+02 9.6570001221e+02 9.6509997559e+02 9.6420001221e+02 9.6300000000e+02 9.6220001221e+02 9.6179998779e+02 9.6109997559e+02 9.6059997559e+02 9.6050000000e+02 9.6050000000e+02 9.6059997559e+02 9.6059997559e+02 9.6059997559e+02 9.6059997559e+02 9.6050000000e+02 9.6020001221e+02 9.5970001221e+02 9.5920001221e+02 9.5870001221e+02 9.5800000000e+02 9.5750000000e+02 9.5729998779e+02 9.5729998779e+02
9.6820001221e+02 9.6750000000e+02 9.6729998779e+02 9.6729998779e+02 9.6740002441e+02 9.6750000000e+02 9.6800000000e+02 9.6829998779e+02 9.6850000000e+02 9.6859997559e+02 9.6870001221e+02 9.6850000000e+02 9.6829998779e+02 9.6809997559e+02 9.6770001221e+02 9.6729998779e+02 9.6650000000e+02 9.6540002441e+02 9.6459997559e+02 9.6450000000e+02 9.6470001221e+02 9.6490002441e+02 9.6479998779e+02 9.6440002441e+02 9.6359997559e+02 9.6250000000e+02 9.6179998779e+02 9.6129998779e+02 9.6059997559e+02 9.5979998779e+02 9.5950000000e+02 9.5959997559e+02 9.5970001221e+02 9.5970001221e+02 9.5970001221e+02 9.5959997559e+02 9.5950000000e+02 9.5929998779e+02 9.5900000000e+02 9.5859997559e+02 9.5820001221e+02 9.5759997559e+02 9.5709997559e+02 9.5670001221e+02 9.5659997559e+02 9.5670001221e+02
9.6729998779e+02 9.6650000000e+02 9.6650000000e+02 9.6650000000e+02 9.6640002441e+02 9.6659997559e+02 9.6700000000e+02 9.6740002441e+02 9.6759997559e+02 9.6770001221e+02 9.6770001221e+02 9.6759997559e+02 9.6740002441e+02 9.6700000000e+02 9.6629998779e+02 9.6570001221e+02 9.6490002441e+02 9.6390002441e+02 9.6359997559e+02 9.6390002441e+02 9.6409997559e+02 9.6409997559e+02 9.6359997559e+02 9.6270001221e+02 9.6150000000e+02 9.6079998779e+02 9.6050000000e+02 9.6000000000e+02 9.5929998779e+02 9.5870001221e+02 9.5850000000e+02 9.5870001221e+02 9.5879998779e+02 9.5879998779e+02 9.5870001221e+02 9.5859997559e+02 9.5840002441e+02 9.5820001221e+02 9.5790002441e+02 9.5750000000e+02 9.5709997559e+02 9.5640002441e+02 9.5600000000e+02 9.5590002441e+02 9.5600000000e+02 9.5609997559e+02
9.6620001221e+02 9.6559997559e+02 9.6559997559e+02 9.6570001221e+02 9.6570001221e+02 9.6590002441e+02 9.6629998779e+02 9.6659997559e+02 9.6670001221e+02 9.6690002441e+02 9.6690002441e+02 9.6670001221e+02 9.6640002441e+02 9.6559997559e+02 9.6459997559e+02 9.6390002441e+02 9.6309997559e+02 9.6279998779e+02 9.6290002441e+02 9.6320001221e+02 9.6329998779e+02 9.6300000000e+02 9.6209997559e+02 9.6079998779e+02 9.5979998779e+02 9.5940002441e+02 9.5909997559e+02 9.5870001221e+02 9.5809997559e+02 9.5770001221e+02 9.5770001221e+02 9.5779998779e+02 9.5779998779e+02 9.5779998779e+02 9.5770001221e+02 9.5750000000e+02 9.5729998779e+02 9.5700000000e+02 9.5670001221e+02 9.5640002441e+02 9.5590002441e+02 9.5529998779e+02 9.5509997559e+02 9.5520001221e+02 9.5540002441e+02 9.5540002441e+02
9.6509997559e+02 9.6470001221e+02 9.6490002441e+02 9.6490002441e+02 9.6490002441e+02 9.6520001221e+02 9.6550000000e+02 9.6570001221e+02 9.6590002441e+02 9.6609997559e+02 9.6600000000e+02 9.6570001221e+02 9.6490002441e+02 9.6390002441e+02 9.6290002441e+02 9.6220001221e+02 9.6200000000e+02 9.6209997559e+02 9.6229998779e+02 9.6240002441e+02 9.6220001221e+02 9.6159997559e+02 9.6020001221e+02 9.5909997559e+02 9.5850000000e+02 9.5840002441e+02 9.5820001221e+02 9.5770001221e+02 9.5720001221e+02 9.5690002441e+02 9.5690002441e+02 9.5679998779e+02 9.5670001221e+02 9.5659997559e+02 9.5650000000e+02 9.5640002441e+02 9.5620001221e+02 9.5579998779e+02 9.5550000000e+02 9.5509997559e+02 9.5459997559e+02 9.5420001221e+02 9.5429998779e+02 9.5450000000e+02 9.5450000000e+02 9.5440002441e+02
9.6400000000e+02 9.6390002441e+02 9.6400000000e+02 9.6409997559e+02 9.6420001221e+02 9.6440002441e+02 9.6470001221e+02 9.6500000000e+02 9.6520001221e+02 9.6520001221e+02 9.6500000000e+02 9.6429998779e+02 9.6340002441e+02 9.6240002441e+02 9.6150000000e+02 9.6109997559e+02 9.6120001221e+02 9.6140002441e+02 9.6150000000e+02 9.6140002441e+02 9.6100000000e+02 9.5990002441e+02 9.5859997559e+02 9.5790002441e+02 9.5770001221e+02 9.5740002441e+02 9.5709997559e+02 9.5659997559e+02 9.5620001221e+02 9.5609997559e+02 9.5600000000e+02 9.5579998779e+02 9.5559997559e+02 9.5550000000e+02 9.5529998779e+02 9.5509997559e+02 9.5500000000e+02 9.5450000000e+02 9.5409997559e+02 9.5370001221e+02 9.5329998779e+02 9.5320001221e+02 9.5329998779e+02 9.5350000000e+02 9.5350000000e+02 9.5340002441e+02
9.6300000000e+02 9.6290002441e+02 9.6309997559e+02 9.6320001221e+02 9.6340002441e+02 9.6359997559e+02 9.6390002441e+02 9.6420001221e+02 9.6450000000e+02 9.6440002441e+02 9.6390002441e+02 9.6309997559e+02 9.6220001221e+02 9.6129998779e+02 9.6050000000e+02 9.6029998779e+02 9.6050000000e+02 9.6059997559e+02 9.6059997559e+02 9.6040002441e+02 9.5979998779e+02 9.5850000000e+02 9.5729998779e+02 9.5690002441e+02 9.5650000000e+02 9.5620001221e+02 9.5579998779e+02 9.5540002441e+02 9.5509997559e+02 9.5509997559e+02 9.5500000000e+02 9.5479998779e+02 9.5450000000e+02 9.5429998779e+02 9.5400000000e+02 9.5370001221e+02 9.5350000000e+02 9.5300000000e+02 9.5250000000e+02 9.5220001221e+02 9.5209997559e+02 9.5220001221e+02 9.5229998779e+02 9.5240002441e+02 9.5250000000e+02 9.5240002441e+02
9.6209997559e+02 9.6200000000e+02 9.6209997559e+02 9.6220001221e+02 9.6250000000e+02 9.6279998779e+02 9.6309997559e+02 9.6340002441e+02 9.6359997559e+02 9.6340002441e+02 9.6279998779e+02 9.6200000000e+02 9.6109997559e+02 9.6020001221e+02 9.5959997559e+02 9.5959997559e+02 9.5970001221e+02 9.5970001221e+02 9.5970001221e+02 9.5940002441e+02 9.5850000000e+02 9.5709997559e+02 9.5609997559e+02 9.5570001221e+02 9.5529998779e+02 9.5490002441e+02 9.5459997559e+02 9.5440002441e+02 9.5420001221e+02 9.5400000000e+02 9.5400000000e+02 9.5379998779e+02 9.5340002441e+02 9.5300000000e+02 9.5250000000e+02 9.5200000000e+02 9.5170001221e+02 9.5140002441e+02 9.5109997559e+02 9.5090002441e+02 9.5079998779e+02 9.5090002441e+02 9.5109997559e+02 9.5129998779e+02 9.5140002441e+02 9.5140002441e+02
9.6109997559e+02 9.6100000000e+02 9.6109997559e+02 9.6120001221e+02 9.6170001221e+02 9.6209997559e+02 9.6250000000e+02 9.6270001221e+02 9.6250000000e+02 9.6220001221e+02 9.6159997559e+02 9.6090002441e+02 9.5990002441e+02 9.5909997559e+02 9.5870001221e+02 9.5879998779e+02 9.5900000000e+02 9.5890002441e+02 9.5870001221e+02 9.5820001221e+02 9.5679998779e+02 9.5559997559e+02 9.5500000000e+02 9.5450000000e+02 9.5409997559e+02 9.5379998779e+02 9.5359997559e+02 9.5359997559e+02 9.5340002441e+02 9.5300000000e+02 9.5279998779e+02 9.5259997559e+02 9.5220001221e+02 9.5170001221e+02 9.5120001221e+02 9.5059997559e+02 9.5029998779e+02 9.5009997559e+02 9.5009997559e+02 9.4990002441e+02 9.4979998779e+02 9.4959997559e+02 9.4970001221e+02 9.5000000000e+02 9.5029998779e+02 9.5040002441e+02
9.6020001221e+02 9.6009997559e+02 9.6020001221e+02 9.6050000000e+02 9.6100000000e+02 9.6140002441e+02 9.6170001221e+02 9.6179998779e+02 9.6150000000e+02 9.6100000000e+02 9.6040002441e+02 9.5959997559e+02 9.5879998779e+02 9.5800000000e+02 9.5779998779e+02 9.5790002441e+02 9.5790002441e+02 9.5779998779e+02 9.5759997559e+02 9.5670001221e+02 9.5509997559e+02 9.5409997559e+02 9.5370001221e+02 9.5329998779e+02 9.5300000000e+02 9.5279998779e+02 9.5270001221e+02 9.5270001221e+02 9.5220001221e+02 9.5170001221e+02 9.5150000000e+02 9.5140002441e+02 9.5109997559e+02 9.5059997559e+02 9.5020001221e+02 9.4970001221e+02 9.4929998779e+02 9.4909997559e+02 9.4909997559e+02 9.4909997559e+02 9.4890002441e+02 9.4859997559e+02 9.4859997559e+02 9.4890002441e+02 9.4920001221e+02 9.4959997559e+02
9.5959997559e+02 9.5940002441e+02 9.5959997559e+02 9.6000000000e+02 9.6040002441e+02 9.6070001221e+02 9.6090002441e+02 9.6100000000e+02 9.6040002441e+02 9.5990002441e+02 9.5929998779e+02 9.5829998779e+02 9.5759997559e+02 9.5709997559e+02 9.5690002441e+02 9.5690002441e+02 9.5679998779e+02 9.5679998779e+02 9.5620001221e+02 9.5490002441e+02 9.5359997559e+02 9.5300000000e+02 9.5259997559e+02 9.5209997559e+02 9.5190002441e+02 9.5179998779e+02 9.5179998779e+02 9.5150000000e+02 9.5090002441e+02 9.5050000000e+02 9.5040002441e+02 9.5020001221e+02 9.5000000000e+02 9.4959997559e+02 9.4929998779e+02 9.4879998779e+02 9.4840002441e+02 9.4820001221e+02 9.4809997559e+02 9.4809997559e+02 9.4800000000e+02 9.4790002441e+02 9.4800000000e+02 9.4829998779e+02 9.4859997559e+02 9.4890002441e+02
9.5890002441e+02 9.5870001221e+02 9.5879998779e+02 9.5920001221e+02 9.5950000000e+02 9.5979998779e+02 9.6009997559e+02 9.6000000000e+02 9.5940002441e+02 9.5890002441e+02 9.5820001221e+02 9.5720001221e+02 9.5659997559e+02 9.5640002441e+02 9.5609997559e+02 9.5590002441e+02 9.5590002441e+02 9.5570001221e+02 9.5440002441e+02 9.5300000000e+02 9.5229998779e+02 9.5190002441e+02 9.5150000000e+02 9.5109997559e+02 9.5090002441e+02 9.5090002441e+02 9.5079998779e+02 9.5029998779e+02 9.4970001221e+02 9.4940002441e+02 9.4929998779e+02 9.4909997559e+02 9.4900000000e+02 9.4870001221e+02 9.4829998779e+02 9.4790002441e+02 9.4759997559e+02 9.4729998779e+02 9.4709997559e+02 9.4709997559e+02 9.4729998779e+02 9.4729998779e+02 9.4750000000e+02 9.4790002441e+02 9.4809997559e+02 9.4840002441e+02
9.5800000000e+02 9.5779998779e+02 9.5790002441e+02 9.5829998779e+02 9.5859997559e+02 9.5890002441e+02 9.5900000000e+02 9.5879998779e+02 9.5840002441e+02 9.5790002441e+02 9.5720001221e+02 9.5629998779e+02 9.5579998779e+02 9.5540002441e+02 9.5509997559e+02 9.5490002441e+02 9.5479998779e+02 9.5440002441e+02 9.5279998779e+02 9.5150000000e+02 9.5120001221e+02 9.5090002441e+02 9.5059997559e+02 9.5020001221e+02 9.4990002441e+02 9.4979998779e+02 9.4959997559e+02 9.4909997559e+02 9.4850000000e+02 9.4829998779e+02 9.4809997559e+02 9.4790002441e+02 9.4779998779e+02 9.4759997559e+02 9.4720001221e+02 9.4679998779e+02 9.4650000000e+02 9.4629998779e+02 9.4629998779e+02 9.4640002441e+02 9.4659997559e+02 9.4670001221e+02 9.4690002441e+02 9.4720001221e+02 9.4750000000e+02 9.4770001221e+02
9.5709997559e+02 9.5690002441e+02 9.5679998779e+02 9.5709997559e+02 9.5729998779e+02 9.5759997559e+02 9.5779998779e+02 9.5770001221e+02 9.5740002441e+02 9.5679998779e+02 9.5600000000e+02 9.5529998779e+02 9.5479998779e+02 9.5440002441e+02 9.5409997559e+02 9.5400000000e+02 9.5350000000e+02 9.5259997559e+02 9.5140002441e+02 9.5040002441e+02 9.5000000000e+02 9.4970001221e+02 9.4940002441e+02 9.4909997559e+02 9.4859997559e+02 9.4829998779e+02 9.4809997559e+02 9.4750000000e+02 9.4700000000e+02 9.4670001221e+02 9.4659997559e+02 9.4629998779e+02 9.4629998779e+02 9.4620001221e+02 9.4590002441e+02 9.4559997559e+02 9.4550000000e+02 9.4550000000e+02 9.4550000000e+02 9.4559997559e+02 9.4579998779e+02 9.4600000000e+02 9.4629998779e+02 9.4659997559e+02 9.4690002441e+02 9.4709997559e+02
9.5629998779e+02 9.5590002441e+02 9.5570001221e+02 9.5590002441e+02 9.5609997559e+02 9.5640002441e+02 9.5659997559e+02 9.5659997559e+02 9.5629998779e+02 9.5570001221e+02 9.5479998779e+02 9.5429998779e+02 9.5379998779e+02 9.5340002441e+02 9.5309997559e+02 9.5279998779e+02 9.5200000000e+02 9.5079998779e+02 9.4979998779e+02 9.4909997559e+02 9.4859997559e+02 9.4820001221e+02 9.4779998779e+02 9.4750000000e+02 9.4700000000e+02 9.4650000000e+02 9.4629998779e+02 9.4590002441e+02 9.4540002441e+02 9.4509997559e+02 9.4500000000e+02 9.4479998779e+02 9.4470001221e+02 9.4479998779e+02 9.4470001221e+02 9.4450000000e+02 9.4450000000e+02 9.4459997559e+02 9.4459997559e+02 9.4479998779e+02 9.4490002441e+02 9.4520001221e+02 9.4559997559e+02 9.4600000000e+02 9.4620001221e+02 9.4650000000e+02
9.5540002441e+02 9.5509997559e+02 9.5479998779e+02 9.5479998779e+02 9.5490002441e+02 9.5520001221e+02 9.5550000000e+02 9.5550000000e+02 9.5520001221e+02 9.5450000000e+02 9.5379998779e+02 9.5309997559e+02 9.5259997559e+02 9.5220001221e+02 9.5200000000e+02 9.5150000000e+02 9.5050000000e+02 9.4940002441e+02 9.4850000000e+02 9.4770001221e+02 9.4690002441e+02 9.4620001221e+02 9.4559997559e+02 9.4540002441e+02 9.4529998779e+02 9.4500000000e+02 9.4479998779e+02 9.4459997559e+02 9.4440002441e+02 9.4400000000e+02 9.4379998779e+02 9.4359997559e+02 9.4340002441e+02 9.4350000000e+02 9.4350000000e+02 9.4350000000e+02 9.4350000000e+02 9.4350000000e+02 9.4350000000e+02 9.4379998779e+02 9.4390002441e+02 9.4420001221e+02 9.4459997559e+02 9.4500000000e+02 9.4550000000e+02 9.4590002441e+02
9.5450000000e+02 9.5400000000e+02 9.5359997559e+02 9.5350000000e+02 9.5379998779e+02 9.5429998779e+02 9.5450000000e+02 9.5450000000e+02 9.5390002441e+02 9.5329998779e+02 9.5279998779e+02 9.5209997559e+02 9.5140002441e+02 9.5100000000e+02 9.5070001221e+02 9.5009997559e+02 9.4920001221e+02 9.4820001221e+02 9.4729998779e+02 9.4629998779e+02 9.4509997559e+02 9.4429998779e+02 9.4400000000e+02 9.4390002441e+02 9.4400000000e+02 9.4400000000e+02 9.4390002441e+02 9.4359997559e+02 9.4340002441e+02 9.4309997559e+02 9.4290002441e+02 9.4259997559e+02 9.4259997559e+02 9.4259997559e+02 9.4259997559e+02 9.4259997559e+02 9.4259997559e+02 9.4259997559e+02 9.4259997559e+02 9.4279998779e+02 9.4290002441e+02 9.4320001221e+02 9.4350000000e+02 9.4400000000e+02 9.4479998779e+02 9.4509997559e+02
9.5340002441e+02 9.5270001221e+02 9.5170001221e+02 9.5150000000e+02 9.5229998779e+02 9.5309997559e+02 9.5350000000e+02 9.5329998779e+02 9.5279998779e+02 9.5240002441e+02 9.5200000000e+02 9.5120001221e+02 9.5040002441e+02 9.5000000000e+02 9.4959997559e+02 9.4909997559e+02 9.4800000000e+02 9.4690002441e+02 9.4590002441e+02 9.4479998779e+02 9.4379998779e+02 9.4329998779e+02 9.4309997559e+02 9.4300000000e+02 9.4309997559e+02 9.4309997559e+02 9.4300000000e+02 9.4279998779e+02 9.4250000000e+02 9.4209997559e+02 9.4190002441e+02 9.4170001221e+02 9.4159997559e+02 9.4159997559e+02 9.4159997559e+02 9.4170001221e+02 9.4170001221e+02 9.4179998779e+02 9.4190002441e+02 9.4190002441e+02 9.4209997559e+02 9.4240002441e+02 9.4259997559e+02 9.4320001221e+02 9.4379998779e+02 9.4409997559e+02
9.5220001221e+02 9.5100000000e+02 9.4950000000e+02 9.4920001221e+02 9.5029998779e+02 9.5140002441e+02 9.5200000000e+02 9.5190002441e+02 9.5179998779e+02 9.5170001221e+02 9.5120001221e+02 9.5029998779e+02 9.4950000000e+02 9.4920001221e+02 9.4890002441e+02 9.4809997559e+02 9.4670001221e+02 9.4540002441e+02 9.4440002441e+02 9.4329998779e+02 9.4250000000e+02 9.4220001221e+02 9.4209997559e+02 9.4209997559e+02 9.4220001221e+02 9.4220001221e+02 9.4209997559e+02 9.4200000000e+02 9.4159997559e+02 9.4129998779e+02 9.4100000000e+02 9.4070001221e+02 9.4059997559e+02 9.4059997559e+02 9.4059997559e+02 9.4070001221e+02 9.4090002441e+02 9.4090002441e+02 9.4100000000e+02 9.4109997559e+02 9.4129998779e+02 9.4170001221e+02 9.4200000000e+02 9.4229998779e+02 9.4270001221e+02 9.4300000000e+02
9.5079998779e+02 9.4909997559e+02 9.4800000000e+02 9.4820001221e+02 9.4879998779e+02 9.4979998779e+02 9.5040002441e+02 9.5070001221e+02 9.5090002441e+02 9.5090002441e+02 9.5040002441e+02 9.4950000000e+02 9.4890002441e+02 9.4840002441e+02 9.4779998779e+02 9.4650000000e+02 9.4500000000e+02 9.4370001221e+02 9.4259997559e+02 9.4170001221e+02 9.4129998779e+02 9.4120001221e+02 9.4120001221e+02 9.4120001221e+02 9.4120001221e+02 9.4120001221e+02 9.4120001221e+02 9.4100000000e+02 9.4059997559e+02 9.4020001221e+02 9.3990002441e+02 9.3979998779e+02 9.3970001221e+02 9.3970001221e+02 9.3979998779e+02 9.3990002441e+02 9.4000000000e+02 9.4000000000e+02 9.4000000000e+02 9.4020001221e+02 9.4040002441e+02 9.4079998779e+02 9.4120001221e+02 9.4140002441e+02 9.4150000000e+02 9.4179998779e+02
