DGM_1M_UPPER_AUSTRIA/49/0.asc
NCOLS 100
NROWS 100
XLLCORNER 6.5050500000e+04
YLLCORNER 2.9528850000e+05
CELLSIZE 1.0000000000e+00
NODATA_VALUE -9.9990000000e+03
[rows 20 to 39 of 100, columns 46 to 91 of 100]
9.8879998779e+02 9.8879998779e+02 9.8879998779e+02 9.8870001221e+02 9.8850000000e+02 9.8809997559e+02 9.8750000000e+02 9.8700000000e+02 9.8659997559e+02 9.8640002441e+02 9.8629998779e+02 9.8640002441e+02 9.8640002441e+02 9.8640002441e+02 9.8650000000e+02 9.8650000000e+02 9.8650000000e+02 9.8650000000e+02 9.8659997559e+02 9.8659997559e+02 9.8659997559e+02 9.8670001221e+02 9.8690002441e+02 9.8709997559e+02 9.8720001221e+02 9.8720001221e+02 9.8729998779e+02 9.8750000000e+02 9.8770001221e+02 9.8800000000e+02 9.8859997559e+02 9.8909997559e+02 9.8950000000e+02 9.8959997559e+02 9.8950000000e+02 9.8829998779e+02 9.8620001221e+02 9.8450000000e+02 9.8370001221e+02 9.8320001221e+02 9.8290002441e+02 9.8250000000e+02 9.8190002441e+02 9.8090002441e+02 9.8000000000e+02 9.7940002441e+02
9.8790002441e+02 9.8800000000e+02 9.8790002441e+02 9.8770001221e+02 9.8759997559e+02 9.8729998779e+02 9.8659997559e+02 9.8600000000e+02 9.8570001221e+02 9.8559997559e+02 9.8559997559e+02 9.8559997559e+02 9.8559997559e+02 9.8559997559e+02 9.8570001221e+02 9.8570001221e+02 9.8570001221e+02 9.8559997559e+02 9.8559997559e+02 9.8559997559e+02 9.8559997559e+02 9.8579998779e+02 9.8600000000e+02 9.8609997559e+02 9.8629998779e+02 9.8640002441e+02 9.8650000000e+02 9.8670001221e+02 9.8690002441e+02 9.8729998779e+02 9.8779998779e+02 9.8800000000e+02 9.8809997559e+02 9.8820001221e+02 9.8790002441e+02 9.8659997559e+02 9.8450000000e+02 9.8309997559e+02 9.8240002441e+02 9.8200000000e+02 9.8159997559e+02 9.8109997559e+02 9.8020001221e+02 9.7929998779e+02 9.7859997559e+02 9.7820001221e+02
9.8709997559e+02 9.8709997559e+02 9.8700000000e+02 9.8690002441e+02 9.8679998779e+02 9.8640002441e+02 9.8570001221e+02 9.8509997559e+02 9.8479998779e+02 9.8470001221e+02 9.8470001221e+02 9.8479998779e+02 9.8490002441e+02 9.8490002441e+02 9.8490002441e+02 9.8490002441e+02 9.8490002441e+02 9.8479998779e+02 9.8470001221e+02 9.8470001221e+02 9.8479998779e+02 9.8490002441e+02 9.8509997559e+02 9.8529998779e+02 9.8550000000e+02 9.8559997559e+02 9.8570001221e+02 9.8579998779e+02 9.8600000000e+02 9.8640002441e+02 9.8659997559e+02 9.8659997559e+02 9.8670001221e+02 9.8690002441e+02 9.8620001221e+02 9.8450000000e+02 9.8300000000e+02 9.8200000000e+02 9.8129998779e+02 9.8070001221e+02 9.8009997559e+02 9.7940002441e+02 9.7859997559e+02 9.7800000000e+02 9.7759997559e+02 9.7720001221e+02
9.8620001221e+02 9.8609997559e+02 9.8600000000e+02 9.8600000000e+02 9.8570001221e+02 9.8520001221e+02 9.8450000000e+02 9.8409997559e+02 9.8390002441e+02 9.8390002441e+02 9.8400000000e+02 9.8400000000e+02 9.8409997559e+02 9.8409997559e+02 9.8409997559e+02 9.8400000000e+02 9.8400000000e+02 9.8390002441e+02 9.8379998779e+02 9.8390002441e+02 9.8400000000e+02 9.8409997559e+02 9.8420001221e+02 9.8450000000e+02 9.8479998779e+02 9.8479998779e+02 9.8490002441e+02 9.8490002441e+02 9.8520001221e+02 9.8529998779e+02 9.8520001221e+02 9.8509997559e+02 9.8490002441e+02 9.8490002441e+02 9.8359997559e+02 9.8220001221e+02 9.8150000000e+02 9.8079998779e+02 9.8009997559e+02 9.7950000000e+02 9.7859997559e+02 9.7770001221e+02 9.7720001221e+02 9.7679998779e+02 9.7650000000e+02 9.7620001221e+02
9.8509997559e+02 9.8500000000e+02 9.8500000000e+02 9.8479998779e+02 9.8440002441e+02 9.8390002441e+02 9.8329998779e+02 9.8309997559e+02 9.8300000000e+02 9.8309997559e+02 9.8320001221e+02 9.8320001221e+02 9.8340002441e+02 9.8340002441e+02 9.8340002441e+02 9.8320001221e+02 9.8309997559e+02 9.8300000000e+02 9.8300000000e+02 9.8309997559e+02 9.8320001221e+02 9.8340002441e+02 9.8350000000e+02 9.8370001221e+02 9.8379998779e+02 9.8390002441e+02 9.8390002441e+02 9.8420001221e+02 9.8429998779e+02 9.8409997559e+02 9.8359997559e+02 9.8309997559e+02 9.8270001221e+02 9.8209997559e+02 9.8109997559e+02 9.8050000000e+02 9.8029998779e+02 9.7970001221e+02 9.7890002441e+02 9.7809997559e+02 9.7709997559e+02 9.7629998779e+02 9.7590002441e+02 9.7559997559e+02 9.7529998779e+02 9.7500000000e+02
9.8409997559e+02 9.8400000000e+02 9.8379998779e+02 9.8340002441e+02 9.8300000000e+02 9.8250000000e+02 9.8220001221e+02 9.8209997559e+02 9.8220001221e+02 9.8229998779e+02 9.8240002441e+02 9.8250000000e+02 9.8250000000e+02 9.8250000000e+02 9.8250000000e+02 9.8240002441e+02 9.8220001221e+02 9.8209997559e+02 9.8220001221e+02 9.8229998779e+02 9.8240002441e+02 9.8259997559e+02 9.8270001221e+02 9.8270001221e+02 9.8279998779e+02 9.8290002441e+02 9.8300000000e+02 9.8320001221e+02 9.8309997559e+02 9.8270001221e+02 9.8190002441e+02 9.8109997559e+02 9.8050000000e+02 9.8009997559e+02 9.7970001221e+02 9.7950000000e+02 9.7900000000e+02 9.7829998779e+02 9.7740002441e+02 9.7650000000e+02 9.7570001221e+02 9.7509997559e+02 9.7470001221e+02 9.7440002441e+02 9.7409997559e+02 9.7390002441e+02
9.8320001221e+02 9.8300000000e+02 9.8250000000e+02 9.8190002441e+02 9.8140002441e+02 9.8120001221e+02 9.8120001221e+02 9.8120001221e+02 9.8140002441e+02 9.8150000000e+02 9.8150000000e+02 9.8150000000e+02 9.8159997559e+02 9.8159997559e+02 9.8159997559e+02 9.8150000000e+02 9.8129998779e+02 9.8120001221e+02 9.8129998779e+02 9.8150000000e+02 9.8170001221e+02 9.8190002441e+02 9.8190002441e+02 9.8190002441e+02 9.8200000000e+02 9.8200000000e+02 9.8220001221e+02 9.8220001221e+02 9.8200000000e+02 9.8120001221e+02 9.8009997559e+02 9.7929998779e+02 9.7909997559e+02 9.7900000000e+02 9.7879998779e+02 9.7829998779e+02 9.7779998779e+02 9.7670001221e+02 9.7550000000e+02 9.7470001221e+02 9.7420001221e+02 9.7379998779e+02 9.7340002441e+02 9.7300000000e+02 9.7290002441e+02 9.7290002441e+02
9.8200000000e+02 9.8159997559e+02 9.8090002441e+02 9.8029998779e+02 9.8000000000e+02 9.8000000000e+02 9.8020001221e+02 9.8029998779e+02 9.8050000000e+02 9.8070001221e+02 9.8059997559e+02 9.8070001221e+02 9.8070001221e+02 9.8079998779e+02 9.8070001221e+02 9.8059997559e+02 9.8040002441e+02 9.8040002441e+02 9.8050000000e+02 9.8070001221e+02 9.8090002441e+02 9.8109997559e+02 9.8120001221e+02 9.8120001221e+02 9.8120001221e+02 9.8120001221e+02 9.8129998779e+02 9.8109997559e+02 9.8059997559e+02 9.7940002441e+02 9.7829998779e+02 9.7800000000e+02 9.7809997559e+02 9.7809997559e+02 9.7779998779e+02 9.7709997559e+02 9.7609997559e+02 9.7479998779e+02 9.7359997559e+02 9.7309997559e+02 9.7279998779e+02 9.7250000000e+02 9.7220001221e+02 9.7200000000e+02 9.7200000000e+02 9.7209997559e+02
9.8059997559e+02 9.8000000000e+02 9.7929998779e+02 9.7900000000e+02 9.7900000000e+02 9.7909997559e+02 9.7920001221e+02 9.7940002441e+02 9.7959997559e+02 9.7970001221e+02 9.7979998779e+02 9.7979998779e+02 9.7979998779e+02 9.7979998779e+02 9.7970001221e+02 9.7970001221e+02 9.7959997559e+02 9.7950000000e+02 9.7970001221e+02 9.7990002441e+02 9.8009997559e+02 9.8040002441e+02 9.8059997559e+02 9.8050000000e+02 9.8029998779e+02 9.8020001221e+02 9.8020001221e+02 9.7979998779e+02 9.7870001221e+02 9.7740002441e+02 9.7670001221e+02 9.7679998779e+02 9.7700000000e+02 9.7690002441e+02 9.7640002441e+02 9.7559997559e+02 9.7420001221e+02 9.7270001221e+02 9.7200000000e+02 9.7170001221e+02 9.7150000000e+02 9.7140002441e+02 9.7120001221e+02 9.7109997559e+02 9.7120001221e+02 9.7129998779e+02
9.7929998779e+02 9.7840002441e+02 9.7800000000e+02 9.7790002441e+02 9.7800000000e+02 9.7800000000e+02 9.7820001221e+02 9.7840002441e+02 9.7859997559e+02 9.7879998779e+02 9.7900000000e+02 9.7890002441e+02 9.7879998779e+02 9.7890002441e+02 9.7879998779e+02 9.7870001221e+02 9.7870001221e+02 9.7870001221e+02 9.7879998779e+02 9.7900000000e+02 9.7940002441e+02 9.7979998779e+02 9.7979998779e+02 9.7950000000e+02 9.7900000000e+02 9.7879998779e+02 9.7879998779e+02 9.7809997559e+02 9.7670001221e+02 9.7570001221e+02 9.7550000000e+02 9.7540002441e+02 9.7529998779e+02 9.7500000000e+02 9.7400000000e+02 9.7300000000e+02 9.7190002441e+02 9.7090002441e+02 9.7070001221e+02 9.7059997559e+02 9.7050000000e+02 9.7040002441e+02 9.7020001221e+02 9.7020001221e+02 9.7029998779e+02 9.7050000000e+02
9.7829998779e+02 9.7729998779e+02 9.7690002441e+02 9.7690002441e+02 9.7690002441e+02 9.7709997559e+02 9.7729998779e+02 9.7759997559e+02 9.7779998779e+02 9.7800000000e+02 9.7809997559e+02 9.7800000000e+02 9.7790002441e+02 9.7790002441e+02 9.7790002441e+02 9.7790002441e+02 9.7790002441e+02 9.7790002441e+02 9.7790002441e+02 9.7829998779e+02 9.7870001221e+02 9.7900000000e+02 9.7879998779e+02 9.7809997559e+02 9.7759997559e+02 9.7729998779e+02 9.7690002441e+02 9.7600000000e+02 9.7500000000e+02 9.7440002441e+02 9.7400000000e+02 9.7350000000e+02 9.7290002441e+02 9.7209997559e+02 9.7100000000e+02 9.7020001221e+02 9.6990002441e+02 9.6970001221e+02 9.6970001221e+02 9.6959997559e+02 9.6950000000e+02 9.6940002441e+02 9.6929998779e+02 9.6929998779e+02 9.6940002441e+02 9.6940002441e+02
9.7740002441e+02 9.7629998779e+02 9.7590002441e+02 9.7600000000e+02 9.7609997559e+02 9.7640002441e+02 9.7670001221e+02 9.7690002441e+02 9.7700000000e+02 9.7709997559e+02 9.7720001221e+02 9.7709997559e+02 9.7709997559e+02 9.7700000000e+02 9.7700000000e+02 9.7700000000e+02 9.7700000000e+02 9.7709997559e+02 9.7720001221e+02 9.7759997559e+02 9.7779998779e+02 9.7779998779e+02 9.7729998779e+02 9.7650000000e+02 9.7600000000e+02 9.7540002441e+02 9.7459997559e+02 9.7390002441e+02 9.7359997559e+02 9.7329998779e+02 9.7259997559e+02 9.7159997559e+02 9.7059997559e+02 9.6970001221e+02 9.6920001221e+02 9.6890002441e+02 9.6870001221e+02 9.6870001221e+02 9.6859997559e+02 9.6859997559e+02 9.6870001221e+02 9.6859997559e+02 9.6840002441e+02 9.6840002441e+02 9.6829998779e+02 9.6829998779e+02
9.7650000000e+02 9.7550000000e+02 9.7500000000e+02 9.7509997559e+02 9.7529998779e+02 9.7559997559e+02 9.7590002441e+02 9.7609997559e+02 9.7629998779e+02 9.7629998779e+02 9.7629998779e+02 9.7620001221e+02 9.7620001221e+02 9.7609997559e+02 9.7609997559e+02 9.7609997559e+02 9.7620001221e+02 9.7629998779e+02 9.7650000000e+02 9.7659997559e+02 9.7659997559e+02 9.7629998779e+02 9.7559997559e+02 9.7459997559e+02 9.7379998779e+02 9.7300000000e+02 9.7259997559e+02 9.7270001221e+02 9.7270001221e+02 9.7220001221e+02 9.7129998779e+02 9.7000000000e+02 9.6879998779e+02 9.6829998779e+02 9.6809997559e+02 9.6790002441e+02 9.6770001221e+02 9.6770001221e+02 9.6759997559e+02 9.6770001221e+02 9.6770001221e+02 9.6770001221e+02 9.6759997559e+02 9.6740002441e+02 9.6720001221e+02 9.6709997559e+02
9.7559997559e+02 9.7470001221e+02 9.7429998779e+02 9.7429998779e+02 9.7450000000e+02 9.7479998779e+02 9.7509997559e+02 9.7540002441e+02 9.7540002441e+02 9.7559997559e+02 9.7559997559e+02 9.7540002441e+02 9.7529998779e+02 9.7520001221e+02 9.7520001221e+02 9.7520001221e+02 9.7520001221e+02 9.7540002441e+02 9.7550000000e+02 9.7550000000e+02 9.7529998779e+02 9.7479998779e+02 9.7400000000e+02 9.7279998779e+02 9.7179998779e+02 9.7150000000e+02 9.7170001221e+02 9.7190002441e+02 9.7170001221e+02 9.7109997559e+02 9.6970001221e+02 9.6809997559e+02 9.6740002441e+02 9.6720001221e+02 9.6700000000e+02 9.6690002441e+02 9.6690002441e+02 9.6679998779e+02 9.6670001221e+02 9.6679998779e+02 9.6679998779e+02 9.6659997559e+02 9.6650000000e+02 9.6640002441e+02 9.6600000000e+02 9.6570001221e+02
9.7479998779e+02 9.7390002441e+02 9.7350000000e+02 9.7350000000e+02 9.7370001221e+02 9.7400000000e+02 9.7440002441e+02 9.7459997559e+02 9.7470001221e+02 9.7479998779e+02 9.7490002441e+02 9.7470001221e+02 9.7450000000e+02 9.7440002441e+02 9.7440002441e+02 9.7429998779e+02 9.7440002441e+02 9.7450000000e+02 9.7450000000e+02 9.7420001221e+02 9.7379998779e+02 9.7329998779e+02 9.7240002441e+02 9.7140002441e+02 9.7079998779e+02 9.7079998779e+02 9.7100000000e+02 9.7100000000e+02 9.7040002441e+02 9.6920001221e+02 9.6759997559e+02 9.6659997559e+02 9.6640002441e+02 9.6620001221e+02 9.6609997559e+02 9.6600000000e+02 9.6600000000e+02 9.6600000000e+02 9.6590002441e+02 9.6579998779e+02 9.6559997559e+02 9.6520001221e+02 9.6490002441e+02 9.6459997559e+02 9.6409997559e+02 9.6359997559e+02
9.7370001221e+02 9.7309997559e+02 9.7270001221e+02 9.7270001221e+02 9.7300000000e+02 9.7329998779e+02 9.7359997559e+02 9.7379998779e+02 9.7390002441e+02 9.7409997559e+02 9.7409997559e+02 9.7379998779e+02 9.7370001221e+02 9.7370001221e+02 9.7359997559e+02 9.7350000000e+02 9.7350000000e+02 9.7350000000e+02 9.7329998779e+02 9.7279998779e+02 9.7229998779e+02 9.7159997559e+02 9.7079998779e+02 9.7009997559e+02 9.6990002441e+02 9.7009997559e+02 9.7009997559e+02 9.7000000000e+02 9.6879998779e+02 9.6700000000e+02 9.6600000000e+02 9.6570001221e+02 9.6550000000e+02 9.6520001221e+02 9.6509997559e+02 9.6509997559e+02 9.6520001221e+02 9.6520001221e+02 9.6500000000e+02 9.6459997559e+02 9.6409997559e+02 9.6350000000e+02 9.6279998779e+02 9.6229998779e+02 9.6190002441e+02 9.6159997559e+02
9.7279998779e+02 9.7229998779e+02 9.7190002441e+02 9.7200000000e+02 9.7220001221e+02 9.7250000000e+02 9.7270001221e+02 9.7290002441e+02 9.7320001221e+02 9.7340002441e+02 9.7329998779e+02 9.7290002441e+02 9.7290002441e+02 9.7290002441e+02 9.7279998779e+02 9.7270001221e+02 9.7250000000e+02 9.7229998779e+02 9.7190002441e+02 9.7129998779e+02 9.7050000000e+02 9.6979998779e+02 9.6920001221e+02 9.6900000000e+02 9.6920001221e+02 9.6929998779e+02 9.6909997559e+02 9.6859997559e+02 9.6690002441e+02 9.6559997559e+02 9.6509997559e+02 9.6479998779e+02 9.6440002441e+02 9.6420001221e+02 9.6420001221e+02 9.6420001221e+02 9.6440002441e+02 9.6429998779e+02 9.6409997559e+02 9.6359997559e+02 9.6290002441e+02 9.6209997559e+02 9.6129998779e+02 9.6090002441e+02 9.6059997559e+02 9.6050000000e+02
9.7200000000e+02 9.7140002441e+02 9.7109997559e+02 9.7109997559e+02 9.7120001221e+02 9.7129998779e+02 9.7170001221e+02 9.7200000000e+02 9.7229998779e+02 9.7259997559e+02 9.7240002441e+02 9.7209997559e+02 9.7220001221e+02 9.7220001221e+02 9.7190002441e+02 9.7159997559e+02 9.7120001221e+02 9.7090002441e+02 9.7050000000e+02 9.6970001221e+02 9.6879998779e+02 9.6809997559e+02 9.6790002441e+02 9.6820001221e+02 9.6840002441e+02 9.6829998779e+02 9.6790002441e+02 9.6679998779e+02 9.6529998779e+02 9.6450000000e+02 9.6420001221e+02 9.6370001221e+02 9.6320001221e+02 9.6309997559e+02 9.6329998779e+02 9.6340002441e+02 9.6350000000e+02 9.6340002441e+02 9.6320001221e+02 9.6259997559e+02 9.6190002441e+02 9.6109997559e+02 9.6020001221e+02 9.5979998779e+02 9.5950000000e+02 9.5940002441e+02
9.7120001221e+02 9.7050000000e+02 9.7020001221e+02 9.7020001221e+02 9.7020001221e+02 9.7029998779e+02 9.7079998779e+02 9.7109997559e+02 9.7129998779e+02 9.7150000000e+02 9.7150000000e+02 9.7140002441e+02 9.7129998779e+02 9.7120001221e+02 9.7090002441e+02 9.7040002441e+02 9.7009997559e+02 9.6979998779e+02 9.6920001221e+02 9.6820001221e+02 9.6729998779e+02 9.6709997559e+02 9.6720001221e+02 9.6740002441e+02 9.6740002441e+02 9.6709997559e+02 9.6650000000e+02 9.6509997559e+02 9.6400000000e+02 9.6350000000e+02 9.6300000000e+02 9.6259997559e+02 9.6240002441e+02 9.6229998779e+02 9.6240002441e+02 9.6270001221e+02 9.6270001221e+02 9.6259997559e+02 9.6220001221e+02 9.6159997559e+02 9.6090002441e+02 9.6009997559e+02 9.5920001221e+02 9.5879998779e+02 9.5859997559e+02 9.5850000000e+02
9.7029998779e+02 9.6950000000e+02 9.6929998779e+02 9.6929998779e+02 9.6920001221e+02 9.6940002441e+02 9.6979998779e+02 9.7020001221e+02 9.7029998779e+02 9.7040002441e+02 9.7050000000e+02 9.7040002441e+02 9.7029998779e+02 9.7009997559e+02 9.6979998779e+02 9.6950000000e+02 9.6909997559e+02 9.6859997559e+02 9.6779998779e+02 9.6670001221e+02 9.6620001221e+02 9.6640002441e+02 9.6659997559e+02 9.6670001221e+02 9.6629998779e+02 9.6579998779e+02 9.6479998779e+02 9.6350000000e+02 9.6290002441e+02 9.6240002441e+02 9.6170001221e+02 9.6140002441e+02 9.6140002441e+02 9.6140002441e+02 9.6150000000e+02 9.6170001221e+02 9.6179998779e+02 9.6159997559e+02 9.6120001221e+02 9.6059997559e+02 9.6000000000e+02 9.5940002441e+02 9.5859997559e+02 9.5809997559e+02 9.5790002441e+02 9.5790002441e+02
