DGM_1M_UPPER_AUSTRIA/8/20.asc
NCOLS 100
NROWS 100
XLLCORNER 6.0950500000e+04
YLLCORNER 2.9328850000e+05
CELLSIZE 1.0000000000e+00
NODATA_VALUE -9.9990000000e+03
[rows 0 to 19 of 100, columns 46 to 91 of 100]
1.0570999756e+03 1.0570000000e+03 1.0569000244e+03 1.0569000244e+03 1.0568000488e+03 1.0566999512e+03 1.0565999756e+03 1.0565000000e+03 1.0565000000e+03 1.0565000000e+03 1.0565000000e+03 1.0564000244e+03 1.0563000488e+03 1.0561999512e+03 1.0561999512e+03 1.0561999512e+03 1.0560999756e+03 1.0560000000e+03 1.0559000244e+03 1.0558000488e+03 1.0556999512e+03 1.0558000488e+03 1.0559000244e+03 1.0558000488e+03 1.0558000488e+03 1.0556999512e+03 1.0556999512e+03 1.0556999512e+03 1.0556999512e+03 1.0555999756e+03 1.0555000000e+03 1.0554000244e+03 1.0551999512e+03 1.0550000000e+03 1.0549000244e+03 1.0548000488e+03 1.0548000488e+03 1.0548000488e+03 1.0549000244e+03 1.0548000488e+03 1.0548000488e+03 1.0549000244e+03 1.0550000000e+03 1.0549000244e+03 1.0548000488e+03 1.0546999512e+03
1.0575000000e+03 1.0574000244e+03 1.0573000488e+03 1.0574000244e+03 1.0574000244e+03 1.0573000488e+03 1.0570999756e+03 1.0569000244e+03 1.0569000244e+03 1.0569000244e+03 1.0569000244e+03 1.0566999512e+03 1.0565999756e+03 1.0564000244e+03 1.0564000244e+03 1.0564000244e+03 1.0564000244e+03 1.0563000488e+03 1.0561999512e+03 1.0560999756e+03 1.0561999512e+03 1.0563000488e+03 1.0563000488e+03 1.0561999512e+03 1.0561999512e+03 1.0560999756e+03 1.0560000000e+03 1.0560000000e+03 1.0559000244e+03 1.0559000244e+03 1.0559000244e+03 1.0558000488e+03 1.0556999512e+03 1.0555000000e+03 1.0553000488e+03 1.0551999512e+03 1.0551999512e+03 1.0553000488e+03 1.0553000488e+03 1.0551999512e+03 1.0550999756e+03 1.0550999756e+03 1.0550999756e+03 1.0550999756e+03 1.0550000000e+03 1.0549000244e+03
1.0580000000e+03 1.0578000488e+03 1.0578000488e+03 1.0579000244e+03 1.0579000244e+03 1.0578000488e+03 1.0575999756e+03 1.0575000000e+03 1.0573000488e+03 1.0573000488e+03 1.0571999512e+03 1.0570999756e+03 1.0570000000e+03 1.0569000244e+03 1.0568000488e+03 1.0566999512e+03 1.0566999512e+03 1.0565999756e+03 1.0565000000e+03 1.0565000000e+03 1.0565999756e+03 1.0566999512e+03 1.0566999512e+03 1.0565999756e+03 1.0565999756e+03 1.0564000244e+03 1.0563000488e+03 1.0563000488e+03 1.0561999512e+03 1.0560999756e+03 1.0560999756e+03 1.0560999756e+03 1.0560000000e+03 1.0559000244e+03 1.0556999512e+03 1.0555999756e+03 1.0555999756e+03 1.0556999512e+03 1.0555999756e+03 1.0555000000e+03 1.0554000244e+03 1.0553000488e+03 1.0553000488e+03 1.0551999512e+03 1.0550999756e+03 1.0550999756e+03
1.0584000244e+03 1.0583000488e+03 1.0581999512e+03 1.0583000488e+03 1.0584000244e+03 1.0583000488e+03 1.0580999756e+03 1.0579000244e+03 1.0576999512e+03 1.0575999756e+03 1.0575999756e+03 1.0575000000e+03 1.0574000244e+03 1.0574000244e+03 1.0573000488e+03 1.0571999512e+03 1.0570999756e+03 1.0570000000e+03 1.0569000244e+03 1.0568000488e+03 1.0569000244e+03 1.0570000000e+03 1.0570000000e+03 1.0569000244e+03 1.0569000244e+03 1.0568000488e+03 1.0566999512e+03 1.0565999756e+03 1.0565999756e+03 1.0565000000e+03 1.0564000244e+03 1.0564000244e+03 1.0564000244e+03 1.0563000488e+03 1.0561999512e+03 1.0560000000e+03 1.0559000244e+03 1.0559000244e+03 1.0559000244e+03 1.0559000244e+03 1.0558000488e+03 1.0556999512e+03 1.0555999756e+03 1.0555000000e+03 1.0554000244e+03 1.0554000244e+03
1.0586999512e+03 1.0586999512e+03 1.0585999756e+03 1.0586999512e+03 1.0588000488e+03 1.0588000488e+03 1.0585000000e+03 1.0583000488e+03 1.0580999756e+03 1.0580000000e+03 1.0579000244e+03 1.0578000488e+03 1.0578000488e+03 1.0578000488e+03 1.0578000488e+03 1.0576999512e+03 1.0575999756e+03 1.0575000000e+03 1.0574000244e+03 1.0573000488e+03 1.0571999512e+03 1.0571999512e+03 1.0571999512e+03 1.0570999756e+03 1.0570999756e+03 1.0570999756e+03 1.0570999756e+03 1.0570000000e+03 1.0569000244e+03 1.0569000244e+03 1.0569000244e+03 1.0569000244e+03 1.0568000488e+03 1.0566999512e+03 1.0565000000e+03 1.0564000244e+03 1.0561999512e+03 1.0561999512e+03 1.0561999512e+03 1.0563000488e+03 1.0564000244e+03 1.0561999512e+03 1.0560000000e+03 1.0558000488e+03 1.0558000488e+03 1.0556999512e+03
1.0590999756e+03 1.0590999756e+03 1.0590999756e+03 1.0590999756e+03 1.0590999756e+03 1.0590999756e+03 1.0590000000e+03 1.0586999512e+03 1.0585000000e+03 1.0583000488e+03 1.0581999512e+03 1.0581999512e+03 1.0581999512e+03 1.0581999512e+03 1.0581999512e+03 1.0581999512e+03 1.0580999756e+03 1.0580000000e+03 1.0579000244e+03 1.0578000488e+03 1.0576999512e+03 1.0575999756e+03 1.0575000000e+03 1.0574000244e+03 1.0574000244e+03 1.0574000244e+03 1.0573000488e+03 1.0573000488e+03 1.0571999512e+03 1.0571999512e+03 1.0573000488e+03 1.0573000488e+03 1.0571999512e+03 1.0570999756e+03 1.0570000000e+03 1.0568000488e+03 1.0566999512e+03 1.0565999756e+03 1.0566999512e+03 1.0569000244e+03 1.0569000244e+03 1.0565999756e+03 1.0564000244e+03 1.0561999512e+03 1.0560999756e+03 1.0560999756e+03
1.0595999756e+03 1.0595000000e+03 1.0594000244e+03 1.0594000244e+03 1.0593000488e+03 1.0594000244e+03 1.0593000488e+03 1.0591999512e+03 1.0589000244e+03 1.0588000488e+03 1.0586999512e+03 1.0585999756e+03 1.0585999756e+03 1.0585000000e+03 1.0584000244e+03 1.0584000244e+03 1.0584000244e+03 1.0584000244e+03 1.0584000244e+03 1.0581999512e+03 1.0580999756e+03 1.0580999756e+03 1.0580000000e+03 1.0579000244e+03 1.0578000488e+03 1.0576999512e+03 1.0575999756e+03 1.0575999756e+03 1.0575999756e+03 1.0575999756e+03 1.0575000000e+03 1.0575000000e+03 1.0574000244e+03 1.0574000244e+03 1.0573000488e+03 1.0571999512e+03 1.0571999512e+03 1.0570999756e+03 1.0570999756e+03 1.0570999756e+03 1.0570000000e+03 1.0569000244e+03 1.0566999512e+03 1.0565000000e+03 1.0564000244e+03 1.0564000244e+03
1.0600999756e+03 1.0599000244e+03 1.0598000488e+03 1.0595999756e+03 1.0595999756e+03 1.0595999756e+03 1.0596999512e+03 1.0595999756e+03 1.0594000244e+03 1.0593000488e+03 1.0591999512e+03 1.0590999756e+03 1.0590000000e+03 1.0589000244e+03 1.0586999512e+03 1.0585999756e+03 1.0585999756e+03 1.0586999512e+03 1.0585999756e+03 1.0585999756e+03 1.0585000000e+03 1.0584000244e+03 1.0585000000e+03 1.0584000244e+03 1.0581999512e+03 1.0580000000e+03 1.0579000244e+03 1.0580000000e+03 1.0580000000e+03 1.0579000244e+03 1.0576999512e+03 1.0576999512e+03 1.0575999756e+03 1.0575999756e+03 1.0575999756e+03 1.0575999756e+03 1.0575000000e+03 1.0574000244e+03 1.0573000488e+03 1.0571999512e+03 1.0571999512e+03 1.0570999756e+03 1.0570000000e+03 1.0569000244e+03 1.0566999512e+03 1.0566999512e+03
1.0605000000e+03 1.0603000488e+03 1.0600999756e+03 1.0600000000e+03 1.0599000244e+03 1.0599000244e+03 1.0599000244e+03 1.0598000488e+03 1.0596999512e+03 1.0595999756e+03 1.0595999756e+03 1.0594000244e+03 1.0593000488e+03 1.0591999512e+03 1.0590999756e+03 1.0590000000e+03 1.0589000244e+03 1.0589000244e+03 1.0589000244e+03 1.0589000244e+03 1.0588000488e+03 1.0588000488e+03 1.0588000488e+03 1.0588000488e+03 1.0585999756e+03 1.0585000000e+03 1.0584000244e+03 1.0583000488e+03 1.0583000488e+03 1.0581999512e+03 1.0580000000e+03 1.0579000244e+03 1.0578000488e+03 1.0578000488e+03 1.0576999512e+03 1.0576999512e+03 1.0576999512e+03 1.0575999756e+03 1.0575000000e+03 1.0574000244e+03 1.0574000244e+03 1.0575000000e+03 1.0574000244e+03 1.0573000488e+03 1.0570999756e+03 1.0570000000e+03
1.0608000488e+03 1.0605999756e+03 1.0605000000e+03 1.0604000244e+03 1.0603000488e+03 1.0601999512e+03 1.0600999756e+03 1.0600000000e+03 1.0600000000e+03 1.0600000000e+03 1.0600000000e+03 1.0598000488e+03 1.0596999512e+03 1.0595000000e+03 1.0594000244e+03 1.0593000488e+03 1.0591999512e+03 1.0591999512e+03 1.0591999512e+03 1.0593000488e+03 1.0591999512e+03 1.0590999756e+03 1.0591999512e+03 1.0590999756e+03 1.0590000000e+03 1.0589000244e+03 1.0588000488e+03 1.0588000488e+03 1.0585999756e+03 1.0585000000e+03 1.0584000244e+03 1.0583000488e+03 1.0580999756e+03 1.0580000000e+03 1.0579000244e+03 1.0579000244e+03 1.0579000244e+03 1.0578000488e+03 1.0576999512e+03 1.0575999756e+03 1.0575999756e+03 1.0578000488e+03 1.0578000488e+03 1.0576999512e+03 1.0575999756e+03 1.0574000244e+03
1.0610000000e+03 1.0608000488e+03 1.0608000488e+03 1.0608000488e+03 1.0606999512e+03 1.0605000000e+03 1.0604000244e+03 1.0603000488e+03 1.0601999512e+03 1.0603000488e+03 1.0603000488e+03 1.0603000488e+03 1.0600999756e+03 1.0599000244e+03 1.0596999512e+03 1.0595999756e+03 1.0595000000e+03 1.0595000000e+03 1.0595000000e+03 1.0595000000e+03 1.0594000244e+03 1.0594000244e+03 1.0594000244e+03 1.0594000244e+03 1.0593000488e+03 1.0593000488e+03 1.0593000488e+03 1.0591999512e+03 1.0590000000e+03 1.0589000244e+03 1.0586999512e+03 1.0586999512e+03 1.0585999756e+03 1.0585000000e+03 1.0584000244e+03 1.0584000244e+03 1.0583000488e+03 1.0581999512e+03 1.0580999756e+03 1.0580000000e+03 1.0579000244e+03 1.0580000000e+03 1.0581999512e+03 1.0581999512e+03 1.0580999756e+03 1.0578000488e+03
1.0613000488e+03 1.0611999512e+03 1.0610999756e+03 1.0610000000e+03 1.0609000244e+03 1.0608000488e+03 1.0606999512e+03 1.0605999756e+03 1.0605999756e+03 1.0605000000e+03 1.0605999756e+03 1.0606999512e+03 1.0605000000e+03 1.0601999512e+03 1.0600999756e+03 1.0599000244e+03 1.0598000488e+03 1.0598000488e+03 1.0598000488e+03 1.0598000488e+03 1.0596999512e+03 1.0596999512e+03 1.0595999756e+03 1.0595999756e+03 1.0595999756e+03 1.0595999756e+03 1.0595999756e+03 1.0595999756e+03 1.0594000244e+03 1.0593000488e+03 1.0590999756e+03 1.0590999756e+03 1.0590999756e+03 1.0590000000e+03 1.0589000244e+03 1.0588000488e+03 1.0588000488e+03 1.0586999512e+03 1.0585999756e+03 1.0585000000e+03 1.0584000244e+03 1.0584000244e+03 1.0585999756e+03 1.0585999756e+03 1.0584000244e+03 1.0580999756e+03
1.0618000488e+03 1.0616999512e+03 1.0615000000e+03 1.0613000488e+03 1.0610999756e+03 1.0610999756e+03 1.0610999756e+03 1.0610000000e+03 1.0609000244e+03 1.0608000488e+03 1.0608000488e+03 1.0608000488e+03 1.0606999512e+03 1.0605000000e+03 1.0604000244e+03 1.0603000488e+03 1.0600999756e+03 1.0600000000e+03 1.0600000000e+03 1.0600000000e+03 1.0599000244e+03 1.0599000244e+03 1.0598000488e+03 1.0598000488e+03 1.0598000488e+03 1.0599000244e+03 1.0599000244e+03 1.0599000244e+03 1.0598000488e+03 1.0595999756e+03 1.0595000000e+03 1.0595000000e+03 1.0595999756e+03 1.0595000000e+03 1.0593000488e+03 1.0591999512e+03 1.0590999756e+03 1.0590999756e+03 1.0590000000e+03 1.0589000244e+03 1.0589000244e+03 1.0589000244e+03 1.0590000000e+03 1.0589000244e+03 1.0586999512e+03 1.0585000000e+03
1.0621999512e+03 1.0620999756e+03 1.0618000488e+03 1.0615999756e+03 1.0615000000e+03 1.0614000244e+03 1.0614000244e+03 1.0614000244e+03 1.0613000488e+03 1.0611999512e+03 1.0610999756e+03 1.0610000000e+03 1.0609000244e+03 1.0608000488e+03 1.0606999512e+03 1.0605999756e+03 1.0605000000e+03 1.0604000244e+03 1.0604000244e+03 1.0603000488e+03 1.0603000488e+03 1.0601999512e+03 1.0600999756e+03 1.0600999756e+03 1.0600999756e+03 1.0600999756e+03 1.0600999756e+03 1.0600999756e+03 1.0600000000e+03 1.0599000244e+03 1.0598000488e+03 1.0599000244e+03 1.0600000000e+03 1.0599000244e+03 1.0596999512e+03 1.0595000000e+03 1.0593000488e+03 1.0593000488e+03 1.0593000488e+03 1.0593000488e+03 1.0593000488e+03 1.0594000244e+03 1.0595000000e+03 1.0593000488e+03 1.0590999756e+03 1.0589000244e+03
1.0624000244e+03 1.0624000244e+03 1.0621999512e+03 1.0620000000e+03 1.0618000488e+03 1.0618000488e+03 1.0618000488e+03 1.0618000488e+03 1.0616999512e+03 1.0615000000e+03 1.0614000244e+03 1.0611999512e+03 1.0610999756e+03 1.0610999756e+03 1.0610000000e+03 1.0609000244e+03 1.0609000244e+03 1.0608000488e+03 1.0608000488e+03 1.0606999512e+03 1.0605999756e+03 1.0605000000e+03 1.0605000000e+03 1.0604000244e+03 1.0604000244e+03 1.0603000488e+03 1.0603000488e+03 1.0601999512e+03 1.0601999512e+03 1.0601999512e+03 1.0601999512e+03 1.0603000488e+03 1.0603000488e+03 1.0601999512e+03 1.0600000000e+03 1.0596999512e+03 1.0595000000e+03 1.0595000000e+03 1.0596999512e+03 1.0598000488e+03 1.0598000488e+03 1.0598000488e+03 1.0599000244e+03 1.0596999512e+03 1.0595000000e+03 1.0594000244e+03
1.0626999512e+03 1.0625999756e+03 1.0625000000e+03 1.0624000244e+03 1.0623000488e+03 1.0621999512e+03 1.0620999756e+03 1.0620999756e+03 1.0620000000e+03 1.0618000488e+03 1.0615999756e+03 1.0615000000e+03 1.0614000244e+03 1.0613000488e+03 1.0613000488e+03 1.0611999512e+03 1.0611999512e+03 1.0611999512e+03 1.0611999512e+03 1.0610000000e+03 1.0609000244e+03 1.0608000488e+03 1.0608000488e+03 1.0608000488e+03 1.0606999512e+03 1.0605999756e+03 1.0605999756e+03 1.0605999756e+03 1.0606999512e+03 1.0606999512e+03 1.0606999512e+03 1.0606999512e+03 1.0608000488e+03 1.0606999512e+03 1.0605000000e+03 1.0601999512e+03 1.0600000000e+03 1.0600000000e+03 1.0601999512e+03 1.0603000488e+03 1.0604000244e+03 1.0604000244e+03 1.0603000488e+03 1.0601999512e+03 1.0600999756e+03 1.0599000244e+03
1.0629000244e+03 1.0628000488e+03 1.0628000488e+03 1.0628000488e+03 1.0626999512e+03 1.0625999756e+03 1.0624000244e+03 1.0623000488e+03 1.0621999512e+03 1.0620999756e+03 1.0619000244e+03 1.0616999512e+03 1.0615999756e+03 1.0615999756e+03 1.0615999756e+03 1.0615999756e+03 1.0615999756e+03 1.0615999756e+03 1.0615999756e+03 1.0614000244e+03 1.0613000488e+03 1.0611999512e+03 1.0611999512e+03 1.0611999512e+03 1.0611999512e+03 1.0610999756e+03 1.0610999756e+03 1.0610999756e+03 1.0610999756e+03 1.0611999512e+03 1.0611999512e+03 1.0611999512e+03 1.0613000488e+03 1.0613000488e+03 1.0611999512e+03 1.0609000244e+03 1.0606999512e+03 1.0605999756e+03 1.0608000488e+03 1.0609000244e+03 1.0609000244e+03 1.0609000244e+03 1.0608000488e+03 1.0605999756e+03 1.0605000000e+03 1.0604000244e+03
1.0631999512e+03 1.0631999512e+03 1.0631999512e+03 1.0631999512e+03 1.0631999512e+03 1.0630000000e+03 1.0628000488e+03 1.0625000000e+03 1.0624000244e+03 1.0623000488e+03 1.0621999512e+03 1.0620999756e+03 1.0620000000e+03 1.0620000000e+03 1.0620000000e+03 1.0620999756e+03 1.0620999756e+03 1.0620999756e+03 1.0620999756e+03 1.0619000244e+03 1.0618000488e+03 1.0618000488e+03 1.0618000488e+03 1.0618000488e+03 1.0618000488e+03 1.0616999512e+03 1.0616999512e+03 1.0616999512e+03 1.0615999756e+03 1.0616999512e+03 1.0616999512e+03 1.0616999512e+03 1.0618000488e+03 1.0616999512e+03 1.0615999756e+03 1.0615000000e+03 1.0614000244e+03 1.0613000488e+03 1.0613000488e+03 1.0611999512e+03 1.0610999756e+03 1.0610000000e+03 1.0609000244e+03 1.0608000488e+03 1.0606999512e+03 1.0605999756e+03
1.0635999756e+03 1.0635999756e+03 1.0635999756e+03 1.0636999512e+03 1.0636999512e+03 1.0635000000e+03 1.0631999512e+03 1.0628000488e+03 1.0625999756e+03 1.0625000000e+03 1.0625000000e+03 1.0624000244e+03 1.0624000244e+03 1.0624000244e+03 1.0624000244e+03 1.0625999756e+03 1.0626999512e+03 1.0626999512e+03 1.0626999512e+03 1.0625000000e+03 1.0625000000e+03 1.0625000000e+03 1.0625000000e+03 1.0624000244e+03 1.0623000488e+03 1.0621999512e+03 1.0620999756e+03 1.0620000000e+03 1.0620000000e+03 1.0620999756e+03 1.0620999756e+03 1.0620999756e+03 1.0620000000e+03 1.0620000000e+03 1.0619000244e+03 1.0618000488e+03 1.0616999512e+03 1.0615999756e+03 1.0615000000e+03 1.0613000488e+03 1.0611999512e+03 1.0610000000e+03 1.0609000244e+03 1.0606999512e+03 1.0605999756e+03 1.0605999756e+03
1.0640999756e+03 1.0640000000e+03 1.0640000000e+03 1.0640000000e+03 1.0640000000e+03 1.0639000244e+03 1.0635999756e+03 1.0631999512e+03 1.0629000244e+03 1.0626999512e+03 1.0628000488e+03 1.0628000488e+03 1.0628000488e+03 1.0628000488e+03 1.0629000244e+03 1.0630999756e+03 1.0631999512e+03 1.0631999512e+03 1.0631999512e+03 1.0630999756e+03 1.0630999756e+03 1.0630999756e+03 1.0629000244e+03 1.0628000488e+03 1.0625999756e+03 1.0625000000e+03 1.0624000244e+03 1.0623000488e+03 1.0621999512e+03 1.0621999512e+03 1.0621999512e+03 1.0620999756e+03 1.0620999756e+03 1.0620000000e+03 1.0619000244e+03 1.0618000488e+03 1.0616999512e+03 1.0615999756e+03 1.0614000244e+03 1.0611999512e+03 1.0610999756e+03 1.0610000000e+03 1.0609000244e+03 1.0605999756e+03 1.0605000000e+03 1.0604000244e+03
