DGM_1M_UPPER_AUSTRIA/8/20.asc
NCOLS 100
NROWS 100
XLLCORNER 6.0950500000e+04
YLLCORNER 2.9328850000e+05
CELLSIZE 1.0000000000e+00
NODATA_VALUE -9.9990000000e+03
[rows 80 to 99 of 100, columns 46 to 91 of 100]
1.0503000488e+03 1.0500000000e+03 1.0498000488e+03 1.0494000244e+03 1.0491999512e+03 1.0489000244e+03 1.0486999512e+03 1.0485000000e+03 1.0484000244e+03 1.0484000244e+03 1.0484000244e+03 1.0485000000e+03 1.0485000000e+03 1.0485000000e+03 1.0486999512e+03 1.0486999512e+03 1.0488000488e+03 1.0488000488e+03 1.0489000244e+03 1.0490000000e+03 1.0490000000e+03 1.0490999756e+03 1.0491999512e+03 1.0494000244e+03 1.0495999756e+03 1.0496999512e+03 1.0499000244e+03 1.0500000000e+03 1.0500999756e+03 1.0501999512e+03 1.0503000488e+03 1.0504000244e+03 1.0505999756e+03 1.0508000488e+03 1.0509000244e+03 1.0510000000e+03 1.0510999756e+03 1.0511999512e+03 1.0513000488e+03 1.0514000244e+03 1.0514000244e+03 1.0513000488e+03 1.0511999512e+03 1.0510999756e+03 1.0510000000e+03 1.0509000244e+03
1.0499000244e+03 1.0495999756e+03 1.0494000244e+03 1.0490000000e+03 1.0486999512e+03 1.0484000244e+03 1.0481999512e+03 1.0480999756e+03 1.0480000000e+03 1.0480000000e+03 1.0480000000e+03 1.0480000000e+03 1.0480000000e+03 1.0480000000e+03 1.0480999756e+03 1.0481999512e+03 1.0481999512e+03 1.0481999512e+03 1.0483000488e+03 1.0483000488e+03 1.0484000244e+03 1.0485000000e+03 1.0485999756e+03 1.0488000488e+03 1.0490000000e+03 1.0491999512e+03 1.0493000488e+03 1.0494000244e+03 1.0495000000e+03 1.0496999512e+03 1.0499000244e+03 1.0500000000e+03 1.0501999512e+03 1.0504000244e+03 1.0505000000e+03 1.0506999512e+03 1.0508000488e+03 1.0509000244e+03 1.0510000000e+03 1.0510000000e+03 1.0510000000e+03 1.0509000244e+03 1.0506999512e+03 1.0505999756e+03 1.0505000000e+03 1.0504000244e+03
1.0495000000e+03 1.0491999512e+03 1.0489000244e+03 1.0485999756e+03 1.0483000488e+03 1.0480000000e+03 1.0478000488e+03 1.0476999512e+03 1.0475999756e+03 1.0475000000e+03 1.0475000000e+03 1.0475000000e+03 1.0474000244e+03 1.0473000488e+03 1.0475000000e+03 1.0475999756e+03 1.0475999756e+03 1.0476999512e+03 1.0476999512e+03 1.0478000488e+03 1.0479000244e+03 1.0480999756e+03 1.0481999512e+03 1.0483000488e+03 1.0485000000e+03 1.0486999512e+03 1.0488000488e+03 1.0489000244e+03 1.0490999756e+03 1.0491999512e+03 1.0495000000e+03 1.0495999756e+03 1.0498000488e+03 1.0499000244e+03 1.0500999756e+03 1.0501999512e+03 1.0504000244e+03 1.0505999756e+03 1.0506999512e+03 1.0506999512e+03 1.0505999756e+03 1.0505000000e+03 1.0503000488e+03 1.0501999512e+03 1.0500000000e+03 1.0499000244e+03
1.0490999756e+03 1.0488000488e+03 1.0484000244e+03 1.0480999756e+03 1.0478000488e+03 1.0475000000e+03 1.0473000488e+03 1.0470999756e+03 1.0470000000e+03 1.0469000244e+03 1.0469000244e+03 1.0468000488e+03 1.0468000488e+03 1.0466999512e+03 1.0469000244e+03 1.0470000000e+03 1.0470000000e+03 1.0470999756e+03 1.0471999512e+03 1.0473000488e+03 1.0474000244e+03 1.0475000000e+03 1.0475999756e+03 1.0478000488e+03 1.0479000244e+03 1.0480999756e+03 1.0483000488e+03 1.0484000244e+03 1.0485000000e+03 1.0486999512e+03 1.0490000000e+03 1.0491999512e+03 1.0493000488e+03 1.0494000244e+03 1.0495999756e+03 1.0496999512e+03 1.0500000000e+03 1.0500999756e+03 1.0503000488e+03 1.0503000488e+03 1.0503000488e+03 1.0500999756e+03 1.0499000244e+03 1.0498000488e+03 1.0495999756e+03 1.0495000000e+03
1.0485999756e+03 1.0481999512e+03 1.0479000244e+03 1.0475999756e+03 1.0473000488e+03 1.0470999756e+03 1.0468000488e+03 1.0466999512e+03 1.0465000000e+03 1.0464000244e+03 1.0463000488e+03 1.0461999512e+03 1.0461999512e+03 1.0461999512e+03 1.0463000488e+03 1.0463000488e+03 1.0464000244e+03 1.0465000000e+03 1.0465999756e+03 1.0466999512e+03 1.0468000488e+03 1.0470000000e+03 1.0470999756e+03 1.0471999512e+03 1.0474000244e+03 1.0475000000e+03 1.0476999512e+03 1.0479000244e+03 1.0480000000e+03 1.0481999512e+03 1.0484000244e+03 1.0485999756e+03 1.0488000488e+03 1.0489000244e+03 1.0490000000e+03 1.0491999512e+03 1.0495000000e+03 1.0495999756e+03 1.0498000488e+03 1.0498000488e+03 1.0498000488e+03 1.0496999512e+03 1.0495000000e+03 1.0494000244e+03 1.0491999512e+03 1.0491999512e+03
1.0480000000e+03 1.0476999512e+03 1.0474000244e+03 1.0470999756e+03 1.0468000488e+03 1.0465999756e+03 1.0464000244e+03 1.0461999512e+03 1.0460999756e+03 1.0459000244e+03 1.0456999512e+03 1.0455999756e+03 1.0455999756e+03 1.0455999756e+03 1.0456999512e+03 1.0458000488e+03 1.0458000488e+03 1.0458000488e+03 1.0459000244e+03 1.0460000000e+03 1.0460999756e+03 1.0463000488e+03 1.0465000000e+03 1.0465999756e+03 1.0468000488e+03 1.0469000244e+03 1.0470999756e+03 1.0473000488e+03 1.0474000244e+03 1.0475999756e+03 1.0478000488e+03 1.0480000000e+03 1.0481999512e+03 1.0484000244e+03 1.0485000000e+03 1.0486999512e+03 1.0489000244e+03 1.0490999756e+03 1.0491999512e+03 1.0493000488e+03 1.0491999512e+03 1.0490999756e+03 1.0490000000e+03 1.0489000244e+03 1.0488000488e+03 1.0486999512e+03
1.0475000000e+03 1.0471999512e+03 1.0470000000e+03 1.0466999512e+03 1.0464000244e+03 1.0461999512e+03 1.0460000000e+03 1.0458000488e+03 1.0455999756e+03 1.0454000244e+03 1.0451999512e+03 1.0450999756e+03 1.0450000000e+03 1.0450000000e+03 1.0450999756e+03 1.0451999512e+03 1.0451999512e+03 1.0451999512e+03 1.0453000488e+03 1.0454000244e+03 1.0455999756e+03 1.0456999512e+03 1.0459000244e+03 1.0460000000e+03 1.0460999756e+03 1.0463000488e+03 1.0465000000e+03 1.0466999512e+03 1.0468000488e+03 1.0470000000e+03 1.0471999512e+03 1.0474000244e+03 1.0476999512e+03 1.0479000244e+03 1.0480000000e+03 1.0481999512e+03 1.0484000244e+03 1.0485999756e+03 1.0486999512e+03 1.0486999512e+03 1.0485999756e+03 1.0485000000e+03 1.0484000244e+03 1.0484000244e+03 1.0483000488e+03 1.0481999512e+03
1.0470999756e+03 1.0468000488e+03 1.0465999756e+03 1.0463000488e+03 1.0460000000e+03 1.0458000488e+03 1.0455000000e+03 1.0453000488e+03 1.0450999756e+03 1.0449000244e+03 1.0446999512e+03 1.0445999756e+03 1.0445000000e+03 1.0445999756e+03 1.0446999512e+03 1.0446999512e+03 1.0446999512e+03 1.0446999512e+03 1.0446999512e+03 1.0449000244e+03 1.0450000000e+03 1.0451999512e+03 1.0453000488e+03 1.0454000244e+03 1.0455000000e+03 1.0456999512e+03 1.0459000244e+03 1.0460000000e+03 1.0461999512e+03 1.0464000244e+03 1.0465999756e+03 1.0469000244e+03 1.0471999512e+03 1.0474000244e+03 1.0475000000e+03 1.0476999512e+03 1.0479000244e+03 1.0480000000e+03 1.0480999756e+03 1.0480999756e+03 1.0480000000e+03 1.0479000244e+03 1.0478000488e+03 1.0478000488e+03 1.0478000488e+03 1.0475999756e+03
1.0466999512e+03 1.0464000244e+03 1.0460999756e+03 1.0458000488e+03 1.0455000000e+03 1.0451999512e+03 1.0450000000e+03 1.0446999512e+03 1.0445000000e+03 1.0444000244e+03 1.0441999512e+03 1.0440000000e+03 1.0440000000e+03 1.0440999756e+03 1.0441999512e+03 1.0441999512e+03 1.0441999512e+03 1.0441999512e+03 1.0441999512e+03 1.0443000488e+03 1.0445000000e+03 1.0445999756e+03 1.0446999512e+03 1.0448000488e+03 1.0449000244e+03 1.0450999756e+03 1.0451999512e+03 1.0454000244e+03 1.0455999756e+03 1.0458000488e+03 1.0460999756e+03 1.0463000488e+03 1.0465000000e+03 1.0468000488e+03 1.0469000244e+03 1.0470999756e+03 1.0473000488e+03 1.0475000000e+03 1.0475000000e+03 1.0474000244e+03 1.0474000244e+03 1.0474000244e+03 1.0473000488e+03 1.0473000488e+03 1.0471999512e+03 1.0470999756e+03
1.0461999512e+03 1.0459000244e+03 1.0455999756e+03 1.0453000488e+03 1.0450000000e+03 1.0446999512e+03 1.0444000244e+03 1.0440999756e+03 1.0439000244e+03 1.0438000488e+03 1.0436999512e+03 1.0435999756e+03 1.0435999756e+03 1.0436999512e+03 1.0436999512e+03 1.0436999512e+03 1.0436999512e+03 1.0436999512e+03 1.0438000488e+03 1.0439000244e+03 1.0440000000e+03 1.0440999756e+03 1.0441999512e+03 1.0443000488e+03 1.0444000244e+03 1.0445000000e+03 1.0445999756e+03 1.0448000488e+03 1.0449000244e+03 1.0450999756e+03 1.0454000244e+03 1.0455999756e+03 1.0458000488e+03 1.0460000000e+03 1.0461999512e+03 1.0464000244e+03 1.0465999756e+03 1.0468000488e+03 1.0468000488e+03 1.0468000488e+03 1.0468000488e+03 1.0466999512e+03 1.0468000488e+03 1.0468000488e+03 1.0468000488e+03 1.0466999512e+03
1.0456999512e+03 1.0454000244e+03 1.0450999756e+03 1.0448000488e+03 1.0445000000e+03 1.0441999512e+03 1.0439000244e+03 1.0435999756e+03 1.0434000244e+03 1.0433000488e+03 1.0431999512e+03 1.0430999756e+03 1.0430999756e+03 1.0430999756e+03 1.0431999512e+03 1.0431999512e+03 1.0431999512e+03 1.0433000488e+03 1.0433000488e+03 1.0434000244e+03 1.0435000000e+03 1.0435999756e+03 1.0436999512e+03 1.0438000488e+03 1.0439000244e+03 1.0440000000e+03 1.0440999756e+03 1.0441999512e+03 1.0443000488e+03 1.0444000244e+03 1.0445999756e+03 1.0448000488e+03 1.0450999756e+03 1.0453000488e+03 1.0455000000e+03 1.0458000488e+03 1.0459000244e+03 1.0460999756e+03 1.0461999512e+03 1.0461999512e+03 1.0460999756e+03 1.0460999756e+03 1.0461999512e+03 1.0463000488e+03 1.0463000488e+03 1.0461999512e+03
1.0451999512e+03 1.0449000244e+03 1.0445999756e+03 1.0443000488e+03 1.0440000000e+03 1.0436999512e+03 1.0434000244e+03 1.0430999756e+03 1.0429000244e+03 1.0428000488e+03 1.0425999756e+03 1.0425000000e+03 1.0425000000e+03 1.0425000000e+03 1.0425999756e+03 1.0428000488e+03 1.0428000488e+03 1.0428000488e+03 1.0429000244e+03 1.0429000244e+03 1.0430000000e+03 1.0430000000e+03 1.0431999512e+03 1.0434000244e+03 1.0435000000e+03 1.0435999756e+03 1.0435999756e+03 1.0436999512e+03 1.0436999512e+03 1.0438000488e+03 1.0440000000e+03 1.0441999512e+03 1.0444000244e+03 1.0445999756e+03 1.0449000244e+03 1.0450999756e+03 1.0453000488e+03 1.0455000000e+03 1.0455000000e+03 1.0455000000e+03 1.0455999756e+03 1.0455999756e+03 1.0455999756e+03 1.0456999512e+03 1.0458000488e+03 1.0458000488e+03
1.0446999512e+03 1.0444000244e+03 1.0440999756e+03 1.0438000488e+03 1.0435000000e+03 1.0431999512e+03 1.0429000244e+03 1.0426999512e+03 1.0424000244e+03 1.0423000488e+03 1.0420999756e+03 1.0420000000e+03 1.0419000244e+03 1.0420000000e+03 1.0420999756e+03 1.0423000488e+03 1.0423000488e+03 1.0424000244e+03 1.0424000244e+03 1.0424000244e+03 1.0424000244e+03 1.0425000000e+03 1.0425999756e+03 1.0428000488e+03 1.0429000244e+03 1.0430000000e+03 1.0430999756e+03 1.0431999512e+03 1.0433000488e+03 1.0434000244e+03 1.0435000000e+03 1.0435999756e+03 1.0438000488e+03 1.0440000000e+03 1.0441999512e+03 1.0445000000e+03 1.0446999512e+03 1.0448000488e+03 1.0449000244e+03 1.0449000244e+03 1.0450000000e+03 1.0450000000e+03 1.0450999756e+03 1.0451999512e+03 1.0453000488e+03 1.0453000488e+03
1.0441999512e+03 1.0439000244e+03 1.0435999756e+03 1.0433000488e+03 1.0430000000e+03 1.0428000488e+03 1.0425000000e+03 1.0421999512e+03 1.0419000244e+03 1.0418000488e+03 1.0415999756e+03 1.0415000000e+03 1.0414000244e+03 1.0415000000e+03 1.0415999756e+03 1.0418000488e+03 1.0418000488e+03 1.0419000244e+03 1.0419000244e+03 1.0420000000e+03 1.0420000000e+03 1.0420000000e+03 1.0420999756e+03 1.0421999512e+03 1.0424000244e+03 1.0425999756e+03 1.0426999512e+03 1.0428000488e+03 1.0428000488e+03 1.0429000244e+03 1.0430000000e+03 1.0430999756e+03 1.0431999512e+03 1.0434000244e+03 1.0435999756e+03 1.0438000488e+03 1.0439000244e+03 1.0440999756e+03 1.0443000488e+03 1.0444000244e+03 1.0444000244e+03 1.0445000000e+03 1.0445000000e+03 1.0445999756e+03 1.0445999756e+03 1.0446999512e+03
1.0435999756e+03 1.0433000488e+03 1.0430000000e+03 1.0428000488e+03 1.0425000000e+03 1.0423000488e+03 1.0420000000e+03 1.0416999512e+03 1.0415000000e+03 1.0413000488e+03 1.0411999512e+03 1.0410999756e+03 1.0410000000e+03 1.0410000000e+03 1.0410999756e+03 1.0413000488e+03 1.0413000488e+03 1.0413000488e+03 1.0414000244e+03 1.0415000000e+03 1.0415999756e+03 1.0415999756e+03 1.0416999512e+03 1.0418000488e+03 1.0419000244e+03 1.0420999756e+03 1.0423000488e+03 1.0424000244e+03 1.0424000244e+03 1.0424000244e+03 1.0425000000e+03 1.0425999756e+03 1.0426999512e+03 1.0429000244e+03 1.0430000000e+03 1.0430999756e+03 1.0433000488e+03 1.0434000244e+03 1.0436999512e+03 1.0439000244e+03 1.0439000244e+03 1.0440000000e+03 1.0440000000e+03 1.0440000000e+03 1.0440000000e+03 1.0440000000e+03
1.0429000244e+03 1.0425999756e+03 1.0424000244e+03 1.0421999512e+03 1.0420000000e+03 1.0418000488e+03 1.0415000000e+03 1.0411999512e+03 1.0410000000e+03 1.0409000244e+03 1.0406999512e+03 1.0405999756e+03 1.0405000000e+03 1.0405000000e+03 1.0405999756e+03 1.0406999512e+03 1.0408000488e+03 1.0408000488e+03 1.0409000244e+03 1.0410999756e+03 1.0411999512e+03 1.0411999512e+03 1.0411999512e+03 1.0413000488e+03 1.0415000000e+03 1.0415999756e+03 1.0418000488e+03 1.0418000488e+03 1.0418000488e+03 1.0418000488e+03 1.0419000244e+03 1.0420000000e+03 1.0420999756e+03 1.0423000488e+03 1.0425000000e+03 1.0425999756e+03 1.0426999512e+03 1.0428000488e+03 1.0430000000e+03 1.0433000488e+03 1.0434000244e+03 1.0434000244e+03 1.0434000244e+03 1.0434000244e+03 1.0434000244e+03 1.0434000244e+03
1.0423000488e+03 1.0420999756e+03 1.0419000244e+03 1.0416999512e+03 1.0415000000e+03 1.0413000488e+03 1.0410999756e+03 1.0408000488e+03 1.0406999512e+03 1.0405000000e+03 1.0403000488e+03 1.0401999512e+03 1.0400000000e+03 1.0400000000e+03 1.0400000000e+03 1.0400999756e+03 1.0401999512e+03 1.0404000244e+03 1.0405000000e+03 1.0405999756e+03 1.0406999512e+03 1.0406999512e+03 1.0408000488e+03 1.0409000244e+03 1.0410000000e+03 1.0411999512e+03 1.0411999512e+03 1.0413000488e+03 1.0413000488e+03 1.0413000488e+03 1.0414000244e+03 1.0415000000e+03 1.0415999756e+03 1.0416999512e+03 1.0419000244e+03 1.0420000000e+03 1.0420999756e+03 1.0421999512e+03 1.0424000244e+03 1.0425999756e+03 1.0428000488e+03 1.0428000488e+03 1.0429000244e+03 1.0429000244e+03 1.0429000244e+03 1.0429000244e+03
1.0418000488e+03 1.0415999756e+03 1.0414000244e+03 1.0411999512e+03 1.0410000000e+03 1.0406999512e+03 1.0405000000e+03 1.0404000244e+03 1.0401999512e+03 1.0400999756e+03 1.0400000000e+03 1.0396999512e+03 1.0395000000e+03 1.0394000244e+03 1.0395000000e+03 1.0395999756e+03 1.0396999512e+03 1.0399000244e+03 1.0400000000e+03 1.0400999756e+03 1.0401999512e+03 1.0403000488e+03 1.0404000244e+03 1.0404000244e+03 1.0405000000e+03 1.0405999756e+03 1.0406999512e+03 1.0406999512e+03 1.0406999512e+03 1.0408000488e+03 1.0409000244e+03 1.0410000000e+03 1.0410999756e+03 1.0411999512e+03 1.0413000488e+03 1.0414000244e+03 1.0415999756e+03 1.0416999512e+03 1.0419000244e+03 1.0420999756e+03 1.0421999512e+03 1.0423000488e+03 1.0424000244e+03 1.0424000244e+03 1.0423000488e+03 1.0423000488e+03
1.0413000488e+03 1.0410999756e+03 1.0409000244e+03 1.0406999512e+03 1.0404000244e+03 1.0400999756e+03 1.0399000244e+03 1.0398000488e+03 1.0396999512e+03 1.0395999756e+03 1.0395000000e+03 1.0391999512e+03 1.0390000000e+03 1.0389000244e+03 1.0389000244e+03 1.0390999756e+03 1.0393000488e+03 1.0394000244e+03 1.0395000000e+03 1.0395999756e+03 1.0398000488e+03 1.0398000488e+03 1.0400000000e+03 1.0400000000e+03 1.0400000000e+03 1.0400999756e+03 1.0401999512e+03 1.0401999512e+03 1.0401999512e+03 1.0403000488e+03 1.0404000244e+03 1.0404000244e+03 1.0405999756e+03 1.0406999512e+03 1.0408000488e+03 1.0410000000e+03 1.0410999756e+03 1.0411999512e+03 1.0414000244e+03 1.0415999756e+03 1.0418000488e+03 1.0418000488e+03 1.0419000244e+03 1.0419000244e+03 1.0418000488e+03 1.0418000488e+03
1.0408000488e+03 1.0405999756e+03 1.0403000488e+03 1.0400999756e+03 1.0398000488e+03 1.0395000000e+03 1.0393000488e+03 1.0391999512e+03 1.0390999756e+03 1.0390000000e+03 1.0389000244e+03 1.0388000488e+03 1.0385999756e+03 1.0385000000e+03 1.0385000000e+03 1.0386999512e+03 1.0388000488e+03 1.0389000244e+03 1.0390000000e+03 1.0390999756e+03 1.0393000488e+03 1.0394000244e+03 1.0395000000e+03 1.0395999756e+03 1.0395999756e+03 1.0396999512e+03 1.0396999512e+03 1.0396999512e+03 1.0396999512e+03 1.0398000488e+03 1.0399000244e+03 1.0400000000e+03 1.0400999756e+03 1.0403000488e+03 1.0404000244e+03 1.0405000000e+03 1.0406999512e+03 1.0408000488e+03 1.0409000244e+03 1.0410999756e+03 1.0411999512e+03 1.0411999512e+03 1.0413000488e+03 1.0413000488e+03 1.0413000488e+03 1.0413000488e+03
