DGM_1M_UPPER_AUSTRIA/8/20.asc
NCOLS 100
NROWS 100
XLLCORNER 6.0950500000e+04
YLLCORNER 2.9328850000e+05
CELLSIZE 1.0000000000e+00
NODATA_VALUE -9.9990000000e+03
[rows 20 to 39 of 100, columns 0 to 45 of 100]
1.0701999512e+03 1.0700000000e+03 1.0698000488e+03 1.0695000000e+03 1.0693000488e+03 1.0691999512e+03 1.0690999756e+03 1.0689000244e+03 1.0686999512e+03 1.0685999756e+03 1.0685000000e+03 1.0683000488e+03 1.0680000000e+03 1.0679000244e+03 1.0676999512e+03 1.0674000244e+03 1.0670999756e+03 1.0669000244e+03 1.0669000244e+03 1.0668000488e+03 1.0665999756e+03 1.0664000244e+03 1.0661999512e+03 1.0660999756e+03 1.0659000244e+03 1.0659000244e+03 1.0659000244e+03 1.0658000488e+03 1.0656999512e+03 1.0655999756e+03 1.0656999512e+03 1.0658000488e+03 1.0658000488e+03 1.0656999512e+03 1.0655999756e+03 1.0655999756e+03 1.0655999756e+03 1.0654000244e+03 1.0653000488e+03 1.0650999756e+03 1.0649000244e+03 1.0649000244e+03 1.0648000488e+03 1.0646999512e+03 1.0646999512e+03 1.0645999756e+03
1.0705000000e+03 1.0703000488e+03 1.0701999512e+03 1.0700000000e+03 1.0699000244e+03 1.0698000488e+03 1.0695999756e+03 1.0693000488e+03 1.0690999756e+03 1.0690000000e+03 1.0690000000e+03 1.0688000488e+03 1.0685999756e+03 1.0684000244e+03 1.0681999512e+03 1.0680000000e+03 1.0675999756e+03 1.0675000000e+03 1.0675000000e+03 1.0673000488e+03 1.0670999756e+03 1.0669000244e+03 1.0666999512e+03 1.0665000000e+03 1.0664000244e+03 1.0664000244e+03 1.0664000244e+03 1.0663000488e+03 1.0660999756e+03 1.0660000000e+03 1.0660000000e+03 1.0660999756e+03 1.0660999756e+03 1.0660999756e+03 1.0660000000e+03 1.0660000000e+03 1.0660000000e+03 1.0659000244e+03 1.0658000488e+03 1.0655999756e+03 1.0653000488e+03 1.0651999512e+03 1.0651999512e+03 1.0650999756e+03 1.0650000000e+03 1.0649000244e+03
1.0709000244e+03 1.0706999512e+03 1.0705999756e+03 1.0705000000e+03 1.0705000000e+03 1.0704000244e+03 1.0700999756e+03 1.0699000244e+03 1.0696999512e+03 1.0695999756e+03 1.0695000000e+03 1.0694000244e+03 1.0690999756e+03 1.0689000244e+03 1.0686999512e+03 1.0685000000e+03 1.0683000488e+03 1.0680999756e+03 1.0680000000e+03 1.0678000488e+03 1.0675999756e+03 1.0674000244e+03 1.0673000488e+03 1.0671999512e+03 1.0670999756e+03 1.0670999756e+03 1.0670000000e+03 1.0668000488e+03 1.0666999512e+03 1.0665999756e+03 1.0665000000e+03 1.0665000000e+03 1.0665000000e+03 1.0664000244e+03 1.0663000488e+03 1.0663000488e+03 1.0661999512e+03 1.0660999756e+03 1.0660000000e+03 1.0659000244e+03 1.0658000488e+03 1.0655999756e+03 1.0655999756e+03 1.0654000244e+03 1.0651999512e+03 1.0650999756e+03
1.0714000244e+03 1.0711999512e+03 1.0710000000e+03 1.0709000244e+03 1.0709000244e+03 1.0708000488e+03 1.0705999756e+03 1.0703000488e+03 1.0701999512e+03 1.0700000000e+03 1.0699000244e+03 1.0698000488e+03 1.0695999756e+03 1.0694000244e+03 1.0691999512e+03 1.0689000244e+03 1.0688000488e+03 1.0685999756e+03 1.0685000000e+03 1.0683000488e+03 1.0680999756e+03 1.0680000000e+03 1.0679000244e+03 1.0676999512e+03 1.0675999756e+03 1.0675999756e+03 1.0674000244e+03 1.0673000488e+03 1.0671999512e+03 1.0670999756e+03 1.0670000000e+03 1.0668000488e+03 1.0666999512e+03 1.0665999756e+03 1.0665000000e+03 1.0664000244e+03 1.0664000244e+03 1.0661999512e+03 1.0660999756e+03 1.0660999756e+03 1.0660000000e+03 1.0659000244e+03 1.0656999512e+03 1.0655000000e+03 1.0651999512e+03 1.0650999756e+03
1.0718000488e+03 1.0715999756e+03 1.0714000244e+03 1.0713000488e+03 1.0710999756e+03 1.0710000000e+03 1.0709000244e+03 1.0706999512e+03 1.0705000000e+03 1.0703000488e+03 1.0701999512e+03 1.0700000000e+03 1.0698000488e+03 1.0695999756e+03 1.0694000244e+03 1.0691999512e+03 1.0690000000e+03 1.0689000244e+03 1.0686999512e+03 1.0686999512e+03 1.0685999756e+03 1.0685000000e+03 1.0684000244e+03 1.0681999512e+03 1.0680000000e+03 1.0678000488e+03 1.0675999756e+03 1.0675000000e+03 1.0674000244e+03 1.0671999512e+03 1.0670999756e+03 1.0669000244e+03 1.0666999512e+03 1.0665999756e+03 1.0665000000e+03 1.0664000244e+03 1.0663000488e+03 1.0660999756e+03 1.0660999756e+03 1.0660999756e+03 1.0660000000e+03 1.0659000244e+03 1.0656999512e+03 1.0655000000e+03 1.0651999512e+03 1.0650999756e+03
1.0721999512e+03 1.0720000000e+03 1.0718000488e+03 1.0715999756e+03 1.0715000000e+03 1.0714000244e+03 1.0711999512e+03 1.0710000000e+03 1.0708000488e+03 1.0705000000e+03 1.0704000244e+03 1.0701999512e+03 1.0700000000e+03 1.0696999512e+03 1.0695000000e+03 1.0693000488e+03 1.0691999512e+03 1.0690000000e+03 1.0689000244e+03 1.0689000244e+03 1.0689000244e+03 1.0688000488e+03 1.0686999512e+03 1.0684000244e+03 1.0681999512e+03 1.0679000244e+03 1.0676999512e+03 1.0675999756e+03 1.0674000244e+03 1.0671999512e+03 1.0670000000e+03 1.0669000244e+03 1.0668000488e+03 1.0665999756e+03 1.0665000000e+03 1.0664000244e+03 1.0663000488e+03 1.0660999756e+03 1.0660000000e+03 1.0660000000e+03 1.0659000244e+03 1.0658000488e+03 1.0655999756e+03 1.0654000244e+03 1.0651999512e+03 1.0650999756e+03
1.0724000244e+03 1.0721999512e+03 1.0720999756e+03 1.0719000244e+03 1.0718000488e+03 1.0715999756e+03 1.0715000000e+03 1.0713000488e+03 1.0710000000e+03 1.0708000488e+03 1.0705000000e+03 1.0703000488e+03 1.0700999756e+03 1.0699000244e+03 1.0695999756e+03 1.0695000000e+03 1.0693000488e+03 1.0690999756e+03 1.0690000000e+03 1.0689000244e+03 1.0689000244e+03 1.0689000244e+03 1.0686999512e+03 1.0685000000e+03 1.0683000488e+03 1.0680000000e+03 1.0678000488e+03 1.0676999512e+03 1.0675000000e+03 1.0671999512e+03 1.0669000244e+03 1.0668000488e+03 1.0666999512e+03 1.0665999756e+03 1.0664000244e+03 1.0663000488e+03 1.0661999512e+03 1.0660999756e+03 1.0660000000e+03 1.0659000244e+03 1.0658000488e+03 1.0656999512e+03 1.0655000000e+03 1.0653000488e+03 1.0651999512e+03 1.0650999756e+03
1.0724000244e+03 1.0723000488e+03 1.0721999512e+03 1.0720999756e+03 1.0719000244e+03 1.0716999512e+03 1.0715000000e+03 1.0714000244e+03 1.0711999512e+03 1.0710000000e+03 1.0706999512e+03 1.0705000000e+03 1.0701999512e+03 1.0700000000e+03 1.0698000488e+03 1.0695999756e+03 1.0694000244e+03 1.0691999512e+03 1.0690000000e+03 1.0689000244e+03 1.0688000488e+03 1.0686999512e+03 1.0685999756e+03 1.0684000244e+03 1.0681999512e+03 1.0679000244e+03 1.0676999512e+03 1.0675999756e+03 1.0674000244e+03 1.0671999512e+03 1.0669000244e+03 1.0668000488e+03 1.0665999756e+03 1.0665000000e+03 1.0664000244e+03 1.0663000488e+03 1.0660999756e+03 1.0660000000e+03 1.0659000244e+03 1.0658000488e+03 1.0656999512e+03 1.0655000000e+03 1.0654000244e+03 1.0653000488e+03 1.0651999512e+03 1.0650999756e+03
1.0723000488e+03 1.0721999512e+03 1.0720999756e+03 1.0720000000e+03 1.0719000244e+03 1.0716999512e+03 1.0715000000e+03 1.0713000488e+03 1.0711999512e+03 1.0710000000e+03 1.0708000488e+03 1.0705999756e+03 1.0703000488e+03 1.0701999512e+03 1.0700000000e+03 1.0696999512e+03 1.0695000000e+03 1.0693000488e+03 1.0690000000e+03 1.0689000244e+03 1.0686999512e+03 1.0685999756e+03 1.0685000000e+03 1.0683000488e+03 1.0680999756e+03 1.0678000488e+03 1.0675999756e+03 1.0674000244e+03 1.0671999512e+03 1.0670000000e+03 1.0668000488e+03 1.0666999512e+03 1.0665999756e+03 1.0664000244e+03 1.0663000488e+03 1.0661999512e+03 1.0660999756e+03 1.0660000000e+03 1.0659000244e+03 1.0658000488e+03 1.0655999756e+03 1.0655000000e+03 1.0654000244e+03 1.0653000488e+03 1.0651999512e+03 1.0650999756e+03
1.0723000488e+03 1.0721999512e+03 1.0720999756e+03 1.0719000244e+03 1.0718000488e+03 1.0715999756e+03 1.0714000244e+03 1.0713000488e+03 1.0710999756e+03 1.0709000244e+03 1.0706999512e+03 1.0705000000e+03 1.0703000488e+03 1.0701999512e+03 1.0699000244e+03 1.0696999512e+03 1.0695000000e+03 1.0691999512e+03 1.0690000000e+03 1.0688000488e+03 1.0686999512e+03 1.0685000000e+03 1.0684000244e+03 1.0681999512e+03 1.0680000000e+03 1.0676999512e+03 1.0675000000e+03 1.0673000488e+03 1.0670999756e+03 1.0669000244e+03 1.0668000488e+03 1.0665999756e+03 1.0665000000e+03 1.0664000244e+03 1.0663000488e+03 1.0661999512e+03 1.0660999756e+03 1.0659000244e+03 1.0658000488e+03 1.0658000488e+03 1.0655999756e+03 1.0655000000e+03 1.0655000000e+03 1.0654000244e+03 1.0653000488e+03 1.0651999512e+03
1.0723000488e+03 1.0721999512e+03 1.0720000000e+03 1.0719000244e+03 1.0716999512e+03 1.0715000000e+03 1.0714000244e+03 1.0711999512e+03 1.0710000000e+03 1.0708000488e+03 1.0706999512e+03 1.0705000000e+03 1.0703000488e+03 1.0700999756e+03 1.0698000488e+03 1.0695999756e+03 1.0694000244e+03 1.0691999512e+03 1.0690000000e+03 1.0686999512e+03 1.0685999756e+03 1.0685000000e+03 1.0683000488e+03 1.0680999756e+03 1.0679000244e+03 1.0676999512e+03 1.0675000000e+03 1.0673000488e+03 1.0670999756e+03 1.0669000244e+03 1.0668000488e+03 1.0665999756e+03 1.0665000000e+03 1.0664000244e+03 1.0663000488e+03 1.0660999756e+03 1.0660999756e+03 1.0660000000e+03 1.0659000244e+03 1.0658000488e+03 1.0656999512e+03 1.0656999512e+03 1.0655999756e+03 1.0655000000e+03 1.0654000244e+03 1.0653000488e+03
1.0721999512e+03 1.0720999756e+03 1.0719000244e+03 1.0718000488e+03 1.0715999756e+03 1.0714000244e+03 1.0713000488e+03 1.0710999756e+03 1.0709000244e+03 1.0706999512e+03 1.0705999756e+03 1.0704000244e+03 1.0701999512e+03 1.0700000000e+03 1.0698000488e+03 1.0695999756e+03 1.0694000244e+03 1.0691999512e+03 1.0690999756e+03 1.0689000244e+03 1.0686999512e+03 1.0685999756e+03 1.0684000244e+03 1.0681999512e+03 1.0680000000e+03 1.0678000488e+03 1.0675999756e+03 1.0674000244e+03 1.0671999512e+03 1.0670000000e+03 1.0668000488e+03 1.0666999512e+03 1.0665000000e+03 1.0664000244e+03 1.0663000488e+03 1.0663000488e+03 1.0661999512e+03 1.0660999756e+03 1.0660999756e+03 1.0660000000e+03 1.0659000244e+03 1.0659000244e+03 1.0658000488e+03 1.0656999512e+03 1.0655999756e+03 1.0654000244e+03
1.0720999756e+03 1.0720000000e+03 1.0719000244e+03 1.0716999512e+03 1.0715999756e+03 1.0714000244e+03 1.0713000488e+03 1.0710999756e+03 1.0709000244e+03 1.0708000488e+03 1.0705999756e+03 1.0704000244e+03 1.0701999512e+03 1.0700999756e+03 1.0699000244e+03 1.0696999512e+03 1.0695000000e+03 1.0693000488e+03 1.0690999756e+03 1.0690000000e+03 1.0688000488e+03 1.0685999756e+03 1.0684000244e+03 1.0681999512e+03 1.0680999756e+03 1.0679000244e+03 1.0676999512e+03 1.0674000244e+03 1.0673000488e+03 1.0670999756e+03 1.0669000244e+03 1.0668000488e+03 1.0666999512e+03 1.0665999756e+03 1.0665000000e+03 1.0665000000e+03 1.0664000244e+03 1.0663000488e+03 1.0661999512e+03 1.0661999512e+03 1.0660999756e+03 1.0660000000e+03 1.0660000000e+03 1.0659000244e+03 1.0656999512e+03 1.0655999756e+03
1.0721999512e+03 1.0720999756e+03 1.0719000244e+03 1.0718000488e+03 1.0716999512e+03 1.0715000000e+03 1.0713000488e+03 1.0711999512e+03 1.0710000000e+03 1.0709000244e+03 1.0706999512e+03 1.0705999756e+03 1.0704000244e+03 1.0701999512e+03 1.0700000000e+03 1.0698000488e+03 1.0695999756e+03 1.0694000244e+03 1.0691999512e+03 1.0690000000e+03 1.0689000244e+03 1.0686999512e+03 1.0685000000e+03 1.0683000488e+03 1.0680999756e+03 1.0679000244e+03 1.0678000488e+03 1.0675999756e+03 1.0674000244e+03 1.0673000488e+03 1.0670999756e+03 1.0670000000e+03 1.0669000244e+03 1.0668000488e+03 1.0666999512e+03 1.0666999512e+03 1.0665999756e+03 1.0665000000e+03 1.0664000244e+03 1.0663000488e+03 1.0661999512e+03 1.0660999756e+03 1.0660000000e+03 1.0659000244e+03 1.0658000488e+03 1.0655999756e+03
1.0724000244e+03 1.0723000488e+03 1.0721999512e+03 1.0720000000e+03 1.0719000244e+03 1.0716999512e+03 1.0715999756e+03 1.0714000244e+03 1.0711999512e+03 1.0710999756e+03 1.0710000000e+03 1.0709000244e+03 1.0706999512e+03 1.0705000000e+03 1.0703000488e+03 1.0700999756e+03 1.0699000244e+03 1.0696999512e+03 1.0695000000e+03 1.0693000488e+03 1.0690999756e+03 1.0688000488e+03 1.0685999756e+03 1.0684000244e+03 1.0681999512e+03 1.0680999756e+03 1.0680000000e+03 1.0678000488e+03 1.0675000000e+03 1.0674000244e+03 1.0671999512e+03 1.0670999756e+03 1.0670999756e+03 1.0670000000e+03 1.0669000244e+03 1.0668000488e+03 1.0666999512e+03 1.0665999756e+03 1.0665000000e+03 1.0664000244e+03 1.0661999512e+03 1.0660999756e+03 1.0660000000e+03 1.0659000244e+03 1.0658000488e+03 1.0655999756e+03
1.0729000244e+03 1.0728000488e+03 1.0725999756e+03 1.0724000244e+03 1.0723000488e+03 1.0720999756e+03 1.0719000244e+03 1.0716999512e+03 1.0715999756e+03 1.0715000000e+03 1.0714000244e+03 1.0713000488e+03 1.0710999756e+03 1.0709000244e+03 1.0706999512e+03 1.0704000244e+03 1.0701999512e+03 1.0700999756e+03 1.0699000244e+03 1.0695999756e+03 1.0693000488e+03 1.0690999756e+03 1.0688000488e+03 1.0685999756e+03 1.0684000244e+03 1.0683000488e+03 1.0680999756e+03 1.0679000244e+03 1.0676999512e+03 1.0674000244e+03 1.0673000488e+03 1.0671999512e+03 1.0670999756e+03 1.0670000000e+03 1.0669000244e+03 1.0668000488e+03 1.0666999512e+03 1.0665999756e+03 1.0665000000e+03 1.0664000244e+03 1.0661999512e+03 1.0660999756e+03 1.0660000000e+03 1.0658000488e+03 1.0656999512e+03 1.0655999756e+03
1.0735000000e+03 1.0733000488e+03 1.0730999756e+03 1.0728000488e+03 1.0726999512e+03 1.0725000000e+03 1.0721999512e+03 1.0720000000e+03 1.0719000244e+03 1.0719000244e+03 1.0718000488e+03 1.0715999756e+03 1.0714000244e+03 1.0713000488e+03 1.0710000000e+03 1.0706999512e+03 1.0705000000e+03 1.0704000244e+03 1.0701999512e+03 1.0699000244e+03 1.0695999756e+03 1.0693000488e+03 1.0690999756e+03 1.0689000244e+03 1.0685999756e+03 1.0684000244e+03 1.0681999512e+03 1.0680000000e+03 1.0678000488e+03 1.0675999756e+03 1.0674000244e+03 1.0673000488e+03 1.0671999512e+03 1.0670000000e+03 1.0669000244e+03 1.0668000488e+03 1.0666999512e+03 1.0666999512e+03 1.0665999756e+03 1.0664000244e+03 1.0661999512e+03 1.0660999756e+03 1.0660000000e+03 1.0658000488e+03 1.0656999512e+03 1.0655999756e+03
1.0739000244e+03 1.0736999512e+03 1.0735000000e+03 1.0731999512e+03 1.0729000244e+03 1.0726999512e+03 1.0725000000e+03 1.0723000488e+03 1.0721999512e+03 1.0720999756e+03 1.0720000000e+03 1.0718000488e+03 1.0715999756e+03 1.0714000244e+03 1.0711999512e+03 1.0709000244e+03 1.0708000488e+03 1.0705000000e+03 1.0703000488e+03 1.0700999756e+03 1.0698000488e+03 1.0695000000e+03 1.0693000488e+03 1.0690000000e+03 1.0688000488e+03 1.0685999756e+03 1.0683000488e+03 1.0680999756e+03 1.0679000244e+03 1.0676999512e+03 1.0675999756e+03 1.0674000244e+03 1.0671999512e+03 1.0670999756e+03 1.0670000000e+03 1.0668000488e+03 1.0666999512e+03 1.0665999756e+03 1.0665000000e+03 1.0664000244e+03 1.0663000488e+03 1.0660999756e+03 1.0660000000e+03 1.0659000244e+03 1.0658000488e+03 1.0655999756e+03
1.0740000000e+03 1.0738000488e+03 1.0735999756e+03 1.0734000244e+03 1.0731999512e+03 1.0729000244e+03 1.0726999512e+03 1.0725000000e+03 1.0724000244e+03 1.0721999512e+03 1.0720999756e+03 1.0719000244e+03 1.0716999512e+03 1.0715999756e+03 1.0713000488e+03 1.0710999756e+03 1.0709000244e+03 1.0706999512e+03 1.0704000244e+03 1.0701999512e+03 1.0699000244e+03 1.0695999756e+03 1.0694000244e+03 1.0691999512e+03 1.0690000000e+03 1.0686999512e+03 1.0684000244e+03 1.0681999512e+03 1.0680000000e+03 1.0678000488e+03 1.0675999756e+03 1.0675000000e+03 1.0673000488e+03 1.0670999756e+03 1.0670000000e+03 1.0669000244e+03 1.0666999512e+03 1.0665999756e+03 1.0664000244e+03 1.0663000488e+03 1.0661999512e+03 1.0660999756e+03 1.0660000000e+03 1.0660000000e+03 1.0659000244e+03 1.0656999512e+03
1.0739000244e+03 1.0738000488e+03 1.0736999512e+03 1.0735000000e+03 1.0733000488e+03 1.0730000000e+03 1.0728000488e+03 1.0726999512e+03 1.0725999756e+03 1.0724000244e+03 1.0721999512e+03 1.0720999756e+03 1.0719000244e+03 1.0716999512e+03 1.0714000244e+03 1.0711999512e+03 1.0710999756e+03 1.0708000488e+03 1.0705000000e+03 1.0703000488e+03 1.0700000000e+03 1.0696999512e+03 1.0695000000e+03 1.0693000488e+03 1.0690999756e+03 1.0686999512e+03 1.0685000000e+03 1.0681999512e+03 1.0680000000e+03 1.0678000488e+03 1.0675999756e+03 1.0674000244e+03 1.0671999512e+03 1.0670999756e+03 1.0669000244e+03 1.0668000488e+03 1.0666999512e+03 1.0665999756e+03 1.0664000244e+03 1.0663000488e+03 1.0660999756e+03 1.0660999756e+03 1.0660000000e+03 1.0660000000e+03 1.0660000000e+03 1.0658000488e+03
