DGM_1M_UPPER_AUSTRIA/8/3.asc
NCOLS 100
NROWS 100
XLLCORNER 6.0950500000e+04
YLLCORNER 2.9498850000e+05
CELLSIZE 1.0000000000e+00
NODATA_VALUE -9.9990000000e+03
[rows 60 to 79 of 100, columns 46 to 91 of 100]
1.0205000000e+03 1.0204000244e+03 1.0202999878e+03 1.0202000122e+03 1.0200999756e+03 1.0200999756e+03 1.0200000000e+03 1.0199000244e+03 1.0197000122e+03 1.0195000000e+03 1.0194000244e+03 1.0194000244e+03 1.0194000244e+03 1.0192000122e+03 1.0190000000e+03 1.0187000122e+03 1.0185000000e+03 1.0182999878e+03 1.0180999756e+03 1.0179000244e+03 1.0177000122e+03 1.0177000122e+03 1.0177000122e+03 1.0177000122e+03 1.0175999756e+03 1.0172000122e+03 1.0165999756e+03 1.0160999756e+03 1.0157000122e+03 1.0152999878e+03 1.0150000000e+03 1.0147000122e+03 1.0142000122e+03 1.0137999878e+03 1.0132000122e+03 1.0127000122e+03 1.0122999878e+03 1.0119000244e+03 1.0114000244e+03 1.0109000244e+03 1.0104000244e+03 1.0099000244e+03 1.0095000000e+03 1.0090000000e+03 1.0085000000e+03 1.0080000000e+03
1.0205999756e+03 1.0205000000e+03 1.0204000244e+03 1.0202999878e+03 1.0202000122e+03 1.0200999756e+03 1.0200000000e+03 1.0200000000e+03 1.0197999878e+03 1.0195000000e+03 1.0194000244e+03 1.0195000000e+03 1.0195999756e+03 1.0194000244e+03 1.0190999756e+03 1.0187999878e+03 1.0185999756e+03 1.0184000244e+03 1.0182000122e+03 1.0180000000e+03 1.0177999878e+03 1.0177000122e+03 1.0177000122e+03 1.0177000122e+03 1.0177000122e+03 1.0175000000e+03 1.0170000000e+03 1.0165000000e+03 1.0160999756e+03 1.0155999756e+03 1.0152000122e+03 1.0147999878e+03 1.0144000244e+03 1.0139000244e+03 1.0134000244e+03 1.0129000244e+03 1.0125000000e+03 1.0122000122e+03 1.0117000122e+03 1.0110999756e+03 1.0105999756e+03 1.0100000000e+03 1.0095000000e+03 1.0092999878e+03 1.0089000244e+03 1.0084000244e+03
1.0205999756e+03 1.0205999756e+03 1.0205000000e+03 1.0204000244e+03 1.0204000244e+03 1.0202999878e+03 1.0202000122e+03 1.0200999756e+03 1.0199000244e+03 1.0195999756e+03 1.0195000000e+03 1.0195999756e+03 1.0197000122e+03 1.0195999756e+03 1.0192000122e+03 1.0190000000e+03 1.0187999878e+03 1.0185999756e+03 1.0184000244e+03 1.0180999756e+03 1.0179000244e+03 1.0177999878e+03 1.0177999878e+03 1.0177999878e+03 1.0177999878e+03 1.0177000122e+03 1.0172999878e+03 1.0167999878e+03 1.0162999878e+03 1.0159000244e+03 1.0154000244e+03 1.0150000000e+03 1.0145999756e+03 1.0140000000e+03 1.0135000000e+03 1.0130999756e+03 1.0127999878e+03 1.0124000244e+03 1.0119000244e+03 1.0112000122e+03 1.0107000122e+03 1.0102000122e+03 1.0097999878e+03 1.0095000000e+03 1.0090999756e+03 1.0087000122e+03
1.0207000122e+03 1.0205999756e+03 1.0205000000e+03 1.0204000244e+03 1.0204000244e+03 1.0202999878e+03 1.0202000122e+03 1.0200999756e+03 1.0200000000e+03 1.0197000122e+03 1.0195999756e+03 1.0197000122e+03 1.0197000122e+03 1.0195999756e+03 1.0194000244e+03 1.0192000122e+03 1.0190000000e+03 1.0187999878e+03 1.0185999756e+03 1.0182999878e+03 1.0180000000e+03 1.0179000244e+03 1.0179000244e+03 1.0179000244e+03 1.0179000244e+03 1.0177999878e+03 1.0175000000e+03 1.0170000000e+03 1.0165000000e+03 1.0160000000e+03 1.0157000122e+03 1.0154000244e+03 1.0149000244e+03 1.0144000244e+03 1.0137999878e+03 1.0134000244e+03 1.0130000000e+03 1.0125999756e+03 1.0120999756e+03 1.0115000000e+03 1.0110000000e+03 1.0105000000e+03 1.0100999756e+03 1.0097999878e+03 1.0094000244e+03 1.0089000244e+03
1.0207000122e+03 1.0207000122e+03 1.0205000000e+03 1.0205000000e+03 1.0205000000e+03 1.0202999878e+03 1.0202000122e+03 1.0202000122e+03 1.0200999756e+03 1.0199000244e+03 1.0197000122e+03 1.0197000122e+03 1.0197999878e+03 1.0197000122e+03 1.0194000244e+03 1.0192999878e+03 1.0190999756e+03 1.0189000244e+03 1.0187000122e+03 1.0185000000e+03 1.0180999756e+03 1.0179000244e+03 1.0179000244e+03 1.0180000000e+03 1.0180000000e+03 1.0179000244e+03 1.0177000122e+03 1.0172000122e+03 1.0165999756e+03 1.0162000122e+03 1.0160000000e+03 1.0155999756e+03 1.0152000122e+03 1.0147000122e+03 1.0140999756e+03 1.0135000000e+03 1.0130999756e+03 1.0127000122e+03 1.0122000122e+03 1.0117999878e+03 1.0112000122e+03 1.0107999878e+03 1.0104000244e+03 1.0100000000e+03 1.0095999756e+03 1.0090999756e+03
1.0207000122e+03 1.0207000122e+03 1.0207000122e+03 1.0207000122e+03 1.0205999756e+03 1.0204000244e+03 1.0202000122e+03 1.0202000122e+03 1.0200999756e+03 1.0200000000e+03 1.0199000244e+03 1.0197999878e+03 1.0197999878e+03 1.0197000122e+03 1.0195000000e+03 1.0194000244e+03 1.0192999878e+03 1.0190000000e+03 1.0187000122e+03 1.0185000000e+03 1.0182000122e+03 1.0180000000e+03 1.0180000000e+03 1.0180000000e+03 1.0180000000e+03 1.0180000000e+03 1.0179000244e+03 1.0174000244e+03 1.0167999878e+03 1.0164000244e+03 1.0160999756e+03 1.0157999878e+03 1.0155000000e+03 1.0150000000e+03 1.0145000000e+03 1.0139000244e+03 1.0134000244e+03 1.0129000244e+03 1.0125000000e+03 1.0120000000e+03 1.0115999756e+03 1.0112000122e+03 1.0107000122e+03 1.0102000122e+03 1.0097999878e+03 1.0092999878e+03
1.0207000122e+03 1.0207999878e+03 1.0207999878e+03 1.0207999878e+03 1.0207000122e+03 1.0205000000e+03 1.0202999878e+03 1.0202000122e+03 1.0200999756e+03 1.0200999756e+03 1.0200000000e+03 1.0199000244e+03 1.0197999878e+03 1.0197000122e+03 1.0195000000e+03 1.0194000244e+03 1.0192999878e+03 1.0190999756e+03 1.0187999878e+03 1.0185999756e+03 1.0182999878e+03 1.0180999756e+03 1.0180999756e+03 1.0180999756e+03 1.0180999756e+03 1.0180999756e+03 1.0180999756e+03 1.0175999756e+03 1.0170000000e+03 1.0165000000e+03 1.0162000122e+03 1.0159000244e+03 1.0157000122e+03 1.0152999878e+03 1.0149000244e+03 1.0144000244e+03 1.0137999878e+03 1.0132000122e+03 1.0127999878e+03 1.0122999878e+03 1.0119000244e+03 1.0115000000e+03 1.0110000000e+03 1.0105000000e+03 1.0100000000e+03 1.0095000000e+03
1.0207000122e+03 1.0207999878e+03 1.0207999878e+03 1.0207999878e+03 1.0205999756e+03 1.0205000000e+03 1.0202999878e+03 1.0202000122e+03 1.0200999756e+03 1.0200999756e+03 1.0200000000e+03 1.0199000244e+03 1.0197999878e+03 1.0197999878e+03 1.0195999756e+03 1.0194000244e+03 1.0192999878e+03 1.0190999756e+03 1.0189000244e+03 1.0187000122e+03 1.0185000000e+03 1.0182999878e+03 1.0182000122e+03 1.0182000122e+03 1.0182000122e+03 1.0182000122e+03 1.0182000122e+03 1.0179000244e+03 1.0172999878e+03 1.0167000122e+03 1.0162999878e+03 1.0160000000e+03 1.0159000244e+03 1.0155999756e+03 1.0152000122e+03 1.0147000122e+03 1.0140999756e+03 1.0135000000e+03 1.0130000000e+03 1.0125000000e+03 1.0120999756e+03 1.0117999878e+03 1.0112999878e+03 1.0107999878e+03 1.0102999878e+03 1.0097999878e+03
1.0207000122e+03 1.0207000122e+03 1.0207999878e+03 1.0207000122e+03 1.0205999756e+03 1.0204000244e+03 1.0202999878e+03 1.0202999878e+03 1.0202000122e+03 1.0200999756e+03 1.0200999756e+03 1.0200000000e+03 1.0199000244e+03 1.0197999878e+03 1.0197000122e+03 1.0195000000e+03 1.0194000244e+03 1.0192000122e+03 1.0190000000e+03 1.0189000244e+03 1.0187000122e+03 1.0185000000e+03 1.0182999878e+03 1.0182999878e+03 1.0182999878e+03 1.0182999878e+03 1.0182999878e+03 1.0180999756e+03 1.0175999756e+03 1.0170999756e+03 1.0165999756e+03 1.0162999878e+03 1.0160999756e+03 1.0157999878e+03 1.0154000244e+03 1.0147999878e+03 1.0142999878e+03 1.0137999878e+03 1.0130999756e+03 1.0125999756e+03 1.0122000122e+03 1.0119000244e+03 1.0115000000e+03 1.0110999756e+03 1.0105000000e+03 1.0100000000e+03
1.0207000122e+03 1.0207000122e+03 1.0207999878e+03 1.0207000122e+03 1.0205000000e+03 1.0204000244e+03 1.0204000244e+03 1.0202999878e+03 1.0202000122e+03 1.0200999756e+03 1.0200999756e+03 1.0200000000e+03 1.0200000000e+03 1.0199000244e+03 1.0197999878e+03 1.0197000122e+03 1.0195000000e+03 1.0192999878e+03 1.0192000122e+03 1.0190000000e+03 1.0189000244e+03 1.0187000122e+03 1.0184000244e+03 1.0184000244e+03 1.0184000244e+03 1.0184000244e+03 1.0184000244e+03 1.0184000244e+03 1.0180000000e+03 1.0174000244e+03 1.0169000244e+03 1.0165000000e+03 1.0162999878e+03 1.0160000000e+03 1.0155000000e+03 1.0149000244e+03 1.0144000244e+03 1.0140000000e+03 1.0132999878e+03 1.0127000122e+03 1.0122999878e+03 1.0120000000e+03 1.0117000122e+03 1.0112000122e+03 1.0107000122e+03 1.0102000122e+03
1.0207999878e+03 1.0207000122e+03 1.0207000122e+03 1.0205999756e+03 1.0205000000e+03 1.0205000000e+03 1.0204000244e+03 1.0204000244e+03 1.0202999878e+03 1.0202999878e+03 1.0202000122e+03 1.0200999756e+03 1.0200999756e+03 1.0200000000e+03 1.0199000244e+03 1.0197999878e+03 1.0197000122e+03 1.0195000000e+03 1.0192999878e+03 1.0190999756e+03 1.0190000000e+03 1.0187999878e+03 1.0185000000e+03 1.0184000244e+03 1.0184000244e+03 1.0185000000e+03 1.0185000000e+03 1.0185000000e+03 1.0182000122e+03 1.0177000122e+03 1.0170999756e+03 1.0167000122e+03 1.0165000000e+03 1.0162000122e+03 1.0157000122e+03 1.0150999756e+03 1.0147000122e+03 1.0142000122e+03 1.0135000000e+03 1.0129000244e+03 1.0125000000e+03 1.0120999756e+03 1.0117999878e+03 1.0112999878e+03 1.0107999878e+03 1.0102999878e+03
1.0207999878e+03 1.0207999878e+03 1.0207000122e+03 1.0205999756e+03 1.0205999756e+03 1.0205000000e+03 1.0205000000e+03 1.0205000000e+03 1.0204000244e+03 1.0202999878e+03 1.0202999878e+03 1.0202000122e+03 1.0200999756e+03 1.0200999756e+03 1.0200000000e+03 1.0199000244e+03 1.0197999878e+03 1.0197000122e+03 1.0195000000e+03 1.0192999878e+03 1.0190999756e+03 1.0187999878e+03 1.0185999756e+03 1.0185000000e+03 1.0185000000e+03 1.0185000000e+03 1.0185000000e+03 1.0185000000e+03 1.0184000244e+03 1.0180000000e+03 1.0174000244e+03 1.0169000244e+03 1.0165999756e+03 1.0162000122e+03 1.0157999878e+03 1.0152999878e+03 1.0149000244e+03 1.0144000244e+03 1.0137999878e+03 1.0132000122e+03 1.0127000122e+03 1.0124000244e+03 1.0120000000e+03 1.0115000000e+03 1.0110000000e+03 1.0105000000e+03
1.0209000244e+03 1.0209000244e+03 1.0207999878e+03 1.0207000122e+03 1.0207000122e+03 1.0205999756e+03 1.0205999756e+03 1.0205999756e+03 1.0205000000e+03 1.0204000244e+03 1.0202999878e+03 1.0202000122e+03 1.0202000122e+03 1.0200999756e+03 1.0200999756e+03 1.0200000000e+03 1.0199000244e+03 1.0197999878e+03 1.0197000122e+03 1.0195000000e+03 1.0192000122e+03 1.0190000000e+03 1.0187000122e+03 1.0185999756e+03 1.0185000000e+03 1.0185999756e+03 1.0185999756e+03 1.0185999756e+03 1.0185000000e+03 1.0182999878e+03 1.0177000122e+03 1.0172000122e+03 1.0167999878e+03 1.0164000244e+03 1.0160000000e+03 1.0155000000e+03 1.0150999756e+03 1.0145000000e+03 1.0140000000e+03 1.0135000000e+03 1.0130999756e+03 1.0125999756e+03 1.0120999756e+03 1.0115999756e+03 1.0110999756e+03 1.0105999756e+03
1.0210000000e+03 1.0210000000e+03 1.0209000244e+03 1.0207999878e+03 1.0207000122e+03 1.0207000122e+03 1.0205999756e+03 1.0205999756e+03 1.0205999756e+03 1.0205000000e+03 1.0204000244e+03 1.0202999878e+03 1.0202999878e+03 1.0202000122e+03 1.0202000122e+03 1.0200999756e+03 1.0200000000e+03 1.0199000244e+03 1.0197999878e+03 1.0197000122e+03 1.0195000000e+03 1.0192000122e+03 1.0190000000e+03 1.0187999878e+03 1.0187000122e+03 1.0185999756e+03 1.0187000122e+03 1.0187000122e+03 1.0185999756e+03 1.0185000000e+03 1.0180999756e+03 1.0175999756e+03 1.0170999756e+03 1.0165999756e+03 1.0162000122e+03 1.0157000122e+03 1.0152000122e+03 1.0147999878e+03 1.0142999878e+03 1.0137999878e+03 1.0132999878e+03 1.0127999878e+03 1.0122999878e+03 1.0117000122e+03 1.0112000122e+03 1.0107000122e+03
1.0210000000e+03 1.0210000000e+03 1.0209000244e+03 1.0207999878e+03 1.0207000122e+03 1.0207000122e+03 1.0205999756e+03 1.0205999756e+03 1.0205999756e+03 1.0205000000e+03 1.0205000000e+03 1.0204000244e+03 1.0204000244e+03 1.0202999878e+03 1.0202999878e+03 1.0202000122e+03 1.0200999756e+03 1.0200000000e+03 1.0199000244e+03 1.0197999878e+03 1.0195999756e+03 1.0195000000e+03 1.0192999878e+03 1.0190000000e+03 1.0187999878e+03 1.0187000122e+03 1.0187000122e+03 1.0187000122e+03 1.0187000122e+03 1.0187000122e+03 1.0184000244e+03 1.0179000244e+03 1.0174000244e+03 1.0167999878e+03 1.0164000244e+03 1.0159000244e+03 1.0155000000e+03 1.0150000000e+03 1.0145000000e+03 1.0140000000e+03 1.0135999756e+03 1.0130000000e+03 1.0124000244e+03 1.0119000244e+03 1.0114000244e+03 1.0107999878e+03
1.0209000244e+03 1.0209000244e+03 1.0207999878e+03 1.0207000122e+03 1.0207000122e+03 1.0207000122e+03 1.0205999756e+03 1.0205999756e+03 1.0205999756e+03 1.0205999756e+03 1.0205000000e+03 1.0205000000e+03 1.0205000000e+03 1.0204000244e+03 1.0202999878e+03 1.0202000122e+03 1.0200999756e+03 1.0200999756e+03 1.0200000000e+03 1.0199000244e+03 1.0197999878e+03 1.0197000122e+03 1.0195000000e+03 1.0192999878e+03 1.0190000000e+03 1.0189000244e+03 1.0187999878e+03 1.0187999878e+03 1.0187999878e+03 1.0187999878e+03 1.0185999756e+03 1.0180999756e+03 1.0175999756e+03 1.0170999756e+03 1.0165999756e+03 1.0162000122e+03 1.0157999878e+03 1.0152999878e+03 1.0147999878e+03 1.0142999878e+03 1.0137999878e+03 1.0132000122e+03 1.0125999756e+03 1.0120999756e+03 1.0115999756e+03 1.0110999756e+03
1.0209000244e+03 1.0209000244e+03 1.0207999878e+03 1.0207000122e+03 1.0207000122e+03 1.0205999756e+03 1.0205999756e+03 1.0205999756e+03 1.0205999756e+03 1.0205999756e+03 1.0205999756e+03 1.0205999756e+03 1.0205000000e+03 1.0204000244e+03 1.0202999878e+03 1.0202000122e+03 1.0202000122e+03 1.0202000122e+03 1.0200999756e+03 1.0200000000e+03 1.0199000244e+03 1.0197999878e+03 1.0197000122e+03 1.0195000000e+03 1.0192999878e+03 1.0190000000e+03 1.0189000244e+03 1.0189000244e+03 1.0189000244e+03 1.0189000244e+03 1.0187999878e+03 1.0184000244e+03 1.0179000244e+03 1.0172999878e+03 1.0167999878e+03 1.0164000244e+03 1.0160999756e+03 1.0155999756e+03 1.0152000122e+03 1.0145999756e+03 1.0140999756e+03 1.0135000000e+03 1.0129000244e+03 1.0124000244e+03 1.0119000244e+03 1.0114000244e+03
1.0209000244e+03 1.0207999878e+03 1.0207999878e+03 1.0207999878e+03 1.0207000122e+03 1.0205999756e+03 1.0205999756e+03 1.0205999756e+03 1.0207000122e+03 1.0207000122e+03 1.0207000122e+03 1.0205999756e+03 1.0205999756e+03 1.0205000000e+03 1.0204000244e+03 1.0202999878e+03 1.0202000122e+03 1.0202000122e+03 1.0200999756e+03 1.0200999756e+03 1.0200000000e+03 1.0199000244e+03 1.0197999878e+03 1.0197000122e+03 1.0195000000e+03 1.0192000122e+03 1.0190000000e+03 1.0190000000e+03 1.0190000000e+03 1.0190000000e+03 1.0189000244e+03 1.0187000122e+03 1.0180999756e+03 1.0175000000e+03 1.0170000000e+03 1.0165999756e+03 1.0162999878e+03 1.0159000244e+03 1.0155000000e+03 1.0149000244e+03 1.0144000244e+03 1.0137999878e+03 1.0132000122e+03 1.0127000122e+03 1.0122000122e+03 1.0117000122e+03
1.0209000244e+03 1.0209000244e+03 1.0207999878e+03 1.0207999878e+03 1.0207000122e+03 1.0207000122e+03 1.0205999756e+03 1.0207000122e+03 1.0207000122e+03 1.0207999878e+03 1.0207000122e+03 1.0205999756e+03 1.0205999756e+03 1.0205000000e+03 1.0204000244e+03 1.0202999878e+03 1.0202999878e+03 1.0202000122e+03 1.0202000122e+03 1.0200999756e+03 1.0200000000e+03 1.0199000244e+03 1.0199000244e+03 1.0199000244e+03 1.0197000122e+03 1.0194000244e+03 1.0190999756e+03 1.0190000000e+03 1.0190000000e+03 1.0190999756e+03 1.0190999756e+03 1.0187999878e+03 1.0184000244e+03 1.0177000122e+03 1.0172000122e+03 1.0167999878e+03 1.0165000000e+03 1.0160999756e+03 1.0155999756e+03 1.0150999756e+03 1.0145999756e+03 1.0140999756e+03 1.0135999756e+03 1.0130999756e+03 1.0125999756e+03 1.0120999756e+03
1.0210000000e+03 1.0209000244e+03 1.0209000244e+03 1.0207999878e+03 1.0207999878e+03 1.0207000122e+03 1.0207000122e+03 1.0207000122e+03 1.0207000122e+03 1.0207999878e+03 1.0207000122e+03 1.0207000122e+03 1.0205999756e+03 1.0205000000e+03 1.0205000000e+03 1.0204000244e+03 1.0204000244e+03 1.0202999878e+03 1.0202000122e+03 1.0200999756e+03 1.0200000000e+03 1.0199000244e+03 1.0199000244e+03 1.0199000244e+03 1.0197999878e+03 1.0195000000e+03 1.0192999878e+03 1.0190999756e+03 1.0190999756e+03 1.0190999756e+03 1.0192000122e+03 1.0190000000e+03 1.0185999756e+03 1.0180000000e+03 1.0174000244e+03 1.0170000000e+03 1.0167000122e+03 1.0162999878e+03 1.0157999878e+03 1.0152999878e+03 1.0147999878e+03 1.0142999878e+03 1.0140000000e+03 1.0135000000e+03 1.0130000000e+03 1.0124000244e+03
