DGM_1M_UPPER_AUSTRIA/8/3.asc
NCOLS 100
NROWS 100
XLLCORNER 6.0950500000e+04
YLLCORNER 2.9498850000e+05
CELLSIZE 1.0000000000e+00
NODATA_VALUE -9.9990000000e+03
[rows 80 to 99 of 100, columns 46 to 91 of 100]
1.0210999756e+03 1.0210000000e+03 1.0209000244e+03 1.0209000244e+03 1.0207999878e+03 1.0207999878e+03 1.0207000122e+03 1.0205999756e+03 1.0207000122e+03 1.0207999878e+03 1.0207000122e+03 1.0205999756e+03 1.0205999756e+03 1.0205999756e+03 1.0205000000e+03 1.0205000000e+03 1.0204000244e+03 1.0202999878e+03 1.0202000122e+03 1.0200999756e+03 1.0199000244e+03 1.0197999878e+03 1.0200000000e+03 1.0200000000e+03 1.0199000244e+03 1.0197000122e+03 1.0194000244e+03 1.0192999878e+03 1.0192000122e+03 1.0192000122e+03 1.0192000122e+03 1.0192000122e+03 1.0189000244e+03 1.0182999878e+03 1.0177000122e+03 1.0172999878e+03 1.0169000244e+03 1.0165000000e+03 1.0160999756e+03 1.0155999756e+03 1.0150000000e+03 1.0145999756e+03 1.0142999878e+03 1.0137999878e+03 1.0132999878e+03 1.0127000122e+03
1.0210999756e+03 1.0210000000e+03 1.0210000000e+03 1.0209000244e+03 1.0209000244e+03 1.0207999878e+03 1.0207000122e+03 1.0207000122e+03 1.0207000122e+03 1.0207000122e+03 1.0207000122e+03 1.0205999756e+03 1.0205999756e+03 1.0205999756e+03 1.0205999756e+03 1.0205000000e+03 1.0205000000e+03 1.0204000244e+03 1.0202000122e+03 1.0200999756e+03 1.0199000244e+03 1.0200000000e+03 1.0200999756e+03 1.0202000122e+03 1.0200999756e+03 1.0197999878e+03 1.0195000000e+03 1.0192999878e+03 1.0192999878e+03 1.0192999878e+03 1.0192999878e+03 1.0192999878e+03 1.0190999756e+03 1.0187000122e+03 1.0182000122e+03 1.0177000122e+03 1.0172000122e+03 1.0167999878e+03 1.0162999878e+03 1.0159000244e+03 1.0154000244e+03 1.0149000244e+03 1.0145000000e+03 1.0140999756e+03 1.0135000000e+03 1.0130000000e+03
1.0210999756e+03 1.0210999756e+03 1.0210000000e+03 1.0210000000e+03 1.0209000244e+03 1.0209000244e+03 1.0207999878e+03 1.0207999878e+03 1.0207000122e+03 1.0207000122e+03 1.0207000122e+03 1.0207000122e+03 1.0207000122e+03 1.0207000122e+03 1.0205999756e+03 1.0205999756e+03 1.0205000000e+03 1.0204000244e+03 1.0202999878e+03 1.0200999756e+03 1.0200000000e+03 1.0200999756e+03 1.0202999878e+03 1.0202999878e+03 1.0202000122e+03 1.0199000244e+03 1.0195999756e+03 1.0194000244e+03 1.0194000244e+03 1.0194000244e+03 1.0194000244e+03 1.0194000244e+03 1.0192000122e+03 1.0189000244e+03 1.0185000000e+03 1.0180000000e+03 1.0175000000e+03 1.0170000000e+03 1.0167000122e+03 1.0162000122e+03 1.0157999878e+03 1.0152000122e+03 1.0147000122e+03 1.0142999878e+03 1.0137999878e+03 1.0132999878e+03
1.0212000122e+03 1.0212000122e+03 1.0210999756e+03 1.0210999756e+03 1.0210000000e+03 1.0209000244e+03 1.0209000244e+03 1.0209000244e+03 1.0207999878e+03 1.0207999878e+03 1.0207000122e+03 1.0207000122e+03 1.0207000122e+03 1.0207999878e+03 1.0207000122e+03 1.0205999756e+03 1.0205000000e+03 1.0205000000e+03 1.0204000244e+03 1.0202000122e+03 1.0200999756e+03 1.0202000122e+03 1.0202999878e+03 1.0204000244e+03 1.0202999878e+03 1.0200000000e+03 1.0197000122e+03 1.0195000000e+03 1.0194000244e+03 1.0194000244e+03 1.0194000244e+03 1.0194000244e+03 1.0192999878e+03 1.0190999756e+03 1.0187000122e+03 1.0180999756e+03 1.0177000122e+03 1.0172999878e+03 1.0170000000e+03 1.0165999756e+03 1.0162000122e+03 1.0155999756e+03 1.0152000122e+03 1.0147000122e+03 1.0142000122e+03 1.0135999756e+03
1.0212000122e+03 1.0212000122e+03 1.0212000122e+03 1.0212000122e+03 1.0210999756e+03 1.0210000000e+03 1.0210000000e+03 1.0210000000e+03 1.0210000000e+03 1.0209000244e+03 1.0207000122e+03 1.0207000122e+03 1.0207999878e+03 1.0207999878e+03 1.0207000122e+03 1.0205000000e+03 1.0205000000e+03 1.0205000000e+03 1.0204000244e+03 1.0202999878e+03 1.0202000122e+03 1.0202000122e+03 1.0202999878e+03 1.0204000244e+03 1.0204000244e+03 1.0202000122e+03 1.0199000244e+03 1.0195999756e+03 1.0195000000e+03 1.0195000000e+03 1.0195000000e+03 1.0195000000e+03 1.0194000244e+03 1.0192000122e+03 1.0187999878e+03 1.0182999878e+03 1.0179000244e+03 1.0175999756e+03 1.0172999878e+03 1.0170000000e+03 1.0165000000e+03 1.0160000000e+03 1.0155000000e+03 1.0150000000e+03 1.0145000000e+03 1.0139000244e+03
1.0212999878e+03 1.0212999878e+03 1.0212999878e+03 1.0212999878e+03 1.0212000122e+03 1.0210999756e+03 1.0210999756e+03 1.0210000000e+03 1.0210999756e+03 1.0210000000e+03 1.0207999878e+03 1.0207000122e+03 1.0207000122e+03 1.0207000122e+03 1.0205999756e+03 1.0205000000e+03 1.0205000000e+03 1.0205000000e+03 1.0205000000e+03 1.0204000244e+03 1.0202999878e+03 1.0202999878e+03 1.0202999878e+03 1.0204000244e+03 1.0204000244e+03 1.0202999878e+03 1.0200000000e+03 1.0197000122e+03 1.0195999756e+03 1.0195000000e+03 1.0195999756e+03 1.0195999756e+03 1.0195000000e+03 1.0192999878e+03 1.0190000000e+03 1.0185999756e+03 1.0182000122e+03 1.0179000244e+03 1.0175999756e+03 1.0172000122e+03 1.0167000122e+03 1.0162000122e+03 1.0157999878e+03 1.0152999878e+03 1.0147000122e+03 1.0140999756e+03
1.0214000244e+03 1.0212999878e+03 1.0212999878e+03 1.0212999878e+03 1.0212000122e+03 1.0212000122e+03 1.0210999756e+03 1.0210999756e+03 1.0210999756e+03 1.0210000000e+03 1.0209000244e+03 1.0207999878e+03 1.0207000122e+03 1.0207000122e+03 1.0205999756e+03 1.0205999756e+03 1.0205000000e+03 1.0205999756e+03 1.0205999756e+03 1.0205000000e+03 1.0204000244e+03 1.0204000244e+03 1.0204000244e+03 1.0204000244e+03 1.0204000244e+03 1.0202999878e+03 1.0200000000e+03 1.0197999878e+03 1.0197000122e+03 1.0197000122e+03 1.0197000122e+03 1.0195999756e+03 1.0195999756e+03 1.0194000244e+03 1.0192000122e+03 1.0187999878e+03 1.0184000244e+03 1.0180999756e+03 1.0177000122e+03 1.0172999878e+03 1.0169000244e+03 1.0165000000e+03 1.0160000000e+03 1.0154000244e+03 1.0147999878e+03 1.0142000122e+03
1.0215000000e+03 1.0214000244e+03 1.0214000244e+03 1.0212999878e+03 1.0212000122e+03 1.0210999756e+03 1.0210999756e+03 1.0210999756e+03 1.0210999756e+03 1.0210000000e+03 1.0209000244e+03 1.0209000244e+03 1.0207999878e+03 1.0207000122e+03 1.0205999756e+03 1.0205999756e+03 1.0205999756e+03 1.0205999756e+03 1.0205999756e+03 1.0205999756e+03 1.0205000000e+03 1.0205000000e+03 1.0205000000e+03 1.0205000000e+03 1.0204000244e+03 1.0202999878e+03 1.0200999756e+03 1.0199000244e+03 1.0197999878e+03 1.0197000122e+03 1.0197000122e+03 1.0197000122e+03 1.0195999756e+03 1.0194000244e+03 1.0192000122e+03 1.0189000244e+03 1.0185000000e+03 1.0180999756e+03 1.0177000122e+03 1.0174000244e+03 1.0170999756e+03 1.0167000122e+03 1.0162000122e+03 1.0155999756e+03 1.0149000244e+03 1.0144000244e+03
1.0217000122e+03 1.0215000000e+03 1.0214000244e+03 1.0214000244e+03 1.0212999878e+03 1.0212000122e+03 1.0210999756e+03 1.0210999756e+03 1.0210999756e+03 1.0210999756e+03 1.0210000000e+03 1.0209000244e+03 1.0207999878e+03 1.0207000122e+03 1.0205999756e+03 1.0205999756e+03 1.0205999756e+03 1.0205999756e+03 1.0207000122e+03 1.0205999756e+03 1.0205999756e+03 1.0205999756e+03 1.0205999756e+03 1.0205000000e+03 1.0204000244e+03 1.0202999878e+03 1.0200999756e+03 1.0199000244e+03 1.0199000244e+03 1.0197999878e+03 1.0197999878e+03 1.0197000122e+03 1.0197000122e+03 1.0195000000e+03 1.0192999878e+03 1.0190000000e+03 1.0187000122e+03 1.0182999878e+03 1.0179000244e+03 1.0175000000e+03 1.0172000122e+03 1.0167999878e+03 1.0164000244e+03 1.0157999878e+03 1.0150999756e+03 1.0145999756e+03
1.0219000244e+03 1.0217000122e+03 1.0215000000e+03 1.0214000244e+03 1.0214000244e+03 1.0212999878e+03 1.0212000122e+03 1.0210999756e+03 1.0210999756e+03 1.0210999756e+03 1.0210999756e+03 1.0210000000e+03 1.0209000244e+03 1.0207000122e+03 1.0207000122e+03 1.0205999756e+03 1.0205999756e+03 1.0207000122e+03 1.0207000122e+03 1.0207000122e+03 1.0205999756e+03 1.0205999756e+03 1.0205999756e+03 1.0205999756e+03 1.0205000000e+03 1.0204000244e+03 1.0202000122e+03 1.0200000000e+03 1.0199000244e+03 1.0199000244e+03 1.0199000244e+03 1.0197999878e+03 1.0197999878e+03 1.0197000122e+03 1.0194000244e+03 1.0190999756e+03 1.0189000244e+03 1.0185999756e+03 1.0182000122e+03 1.0177000122e+03 1.0174000244e+03 1.0170999756e+03 1.0165999756e+03 1.0160000000e+03 1.0154000244e+03 1.0147999878e+03
1.0220000000e+03 1.0217999878e+03 1.0215999756e+03 1.0215000000e+03 1.0214000244e+03 1.0212999878e+03 1.0212999878e+03 1.0212000122e+03 1.0212000122e+03 1.0210999756e+03 1.0210999756e+03 1.0210000000e+03 1.0209000244e+03 1.0207999878e+03 1.0207000122e+03 1.0207000122e+03 1.0207000122e+03 1.0207000122e+03 1.0207999878e+03 1.0207999878e+03 1.0207000122e+03 1.0207000122e+03 1.0207000122e+03 1.0207000122e+03 1.0205999756e+03 1.0204000244e+03 1.0202000122e+03 1.0200999756e+03 1.0200000000e+03 1.0200000000e+03 1.0199000244e+03 1.0199000244e+03 1.0197999878e+03 1.0197000122e+03 1.0195000000e+03 1.0192999878e+03 1.0190999756e+03 1.0189000244e+03 1.0185999756e+03 1.0182000122e+03 1.0177999878e+03 1.0174000244e+03 1.0169000244e+03 1.0162999878e+03 1.0157000122e+03 1.0150999756e+03
1.0222000122e+03 1.0220000000e+03 1.0217000122e+03 1.0215999756e+03 1.0215000000e+03 1.0214000244e+03 1.0214000244e+03 1.0212999878e+03 1.0212000122e+03 1.0212000122e+03 1.0210999756e+03 1.0210999756e+03 1.0210000000e+03 1.0209000244e+03 1.0207999878e+03 1.0207999878e+03 1.0207999878e+03 1.0207999878e+03 1.0207999878e+03 1.0209000244e+03 1.0207999878e+03 1.0207999878e+03 1.0207999878e+03 1.0209000244e+03 1.0207000122e+03 1.0205000000e+03 1.0202999878e+03 1.0202000122e+03 1.0200999756e+03 1.0200999756e+03 1.0200000000e+03 1.0200000000e+03 1.0199000244e+03 1.0197999878e+03 1.0195999756e+03 1.0194000244e+03 1.0192000122e+03 1.0190999756e+03 1.0190000000e+03 1.0187000122e+03 1.0182000122e+03 1.0177000122e+03 1.0170999756e+03 1.0165000000e+03 1.0160000000e+03 1.0154000244e+03
1.0222999878e+03 1.0220999756e+03 1.0219000244e+03 1.0217000122e+03 1.0215999756e+03 1.0215000000e+03 1.0215000000e+03 1.0214000244e+03 1.0212999878e+03 1.0212000122e+03 1.0210999756e+03 1.0210999756e+03 1.0210999756e+03 1.0210000000e+03 1.0209000244e+03 1.0207999878e+03 1.0207999878e+03 1.0207999878e+03 1.0209000244e+03 1.0209000244e+03 1.0209000244e+03 1.0209000244e+03 1.0209000244e+03 1.0209000244e+03 1.0207000122e+03 1.0205000000e+03 1.0202999878e+03 1.0202000122e+03 1.0202000122e+03 1.0202000122e+03 1.0200999756e+03 1.0200000000e+03 1.0200000000e+03 1.0197999878e+03 1.0195999756e+03 1.0192999878e+03 1.0190999756e+03 1.0192000122e+03 1.0192000122e+03 1.0190999756e+03 1.0187000122e+03 1.0180000000e+03 1.0172999878e+03 1.0167000122e+03 1.0162000122e+03 1.0157000122e+03
1.0225000000e+03 1.0222999878e+03 1.0220999756e+03 1.0219000244e+03 1.0217999878e+03 1.0217000122e+03 1.0215999756e+03 1.0215000000e+03 1.0212999878e+03 1.0212999878e+03 1.0212000122e+03 1.0212000122e+03 1.0212000122e+03 1.0210999756e+03 1.0210000000e+03 1.0209000244e+03 1.0209000244e+03 1.0209000244e+03 1.0210000000e+03 1.0210000000e+03 1.0210000000e+03 1.0209000244e+03 1.0207999878e+03 1.0207999878e+03 1.0207000122e+03 1.0205000000e+03 1.0204000244e+03 1.0202999878e+03 1.0202999878e+03 1.0202999878e+03 1.0202000122e+03 1.0200999756e+03 1.0199000244e+03 1.0197999878e+03 1.0195000000e+03 1.0192000122e+03 1.0190000000e+03 1.0190999756e+03 1.0192000122e+03 1.0192000122e+03 1.0189000244e+03 1.0182000122e+03 1.0175000000e+03 1.0169000244e+03 1.0164000244e+03 1.0160000000e+03
1.0227000122e+03 1.0225000000e+03 1.0222999878e+03 1.0222000122e+03 1.0220000000e+03 1.0219000244e+03 1.0217999878e+03 1.0215999756e+03 1.0215000000e+03 1.0214000244e+03 1.0214000244e+03 1.0212999878e+03 1.0212999878e+03 1.0212999878e+03 1.0212000122e+03 1.0210999756e+03 1.0210999756e+03 1.0210999756e+03 1.0210999756e+03 1.0210999756e+03 1.0210000000e+03 1.0209000244e+03 1.0207999878e+03 1.0207000122e+03 1.0205999756e+03 1.0205000000e+03 1.0204000244e+03 1.0204000244e+03 1.0204000244e+03 1.0202999878e+03 1.0202000122e+03 1.0200999756e+03 1.0200000000e+03 1.0197999878e+03 1.0195999756e+03 1.0192000122e+03 1.0190000000e+03 1.0190000000e+03 1.0192000122e+03 1.0192000122e+03 1.0187999878e+03 1.0182000122e+03 1.0175999756e+03 1.0170999756e+03 1.0165999756e+03 1.0162999878e+03
1.0229000244e+03 1.0227999878e+03 1.0225999756e+03 1.0224000244e+03 1.0222000122e+03 1.0220999756e+03 1.0219000244e+03 1.0217000122e+03 1.0215999756e+03 1.0215999756e+03 1.0215999756e+03 1.0215000000e+03 1.0214000244e+03 1.0214000244e+03 1.0214000244e+03 1.0214000244e+03 1.0212999878e+03 1.0212000122e+03 1.0210999756e+03 1.0210999756e+03 1.0210000000e+03 1.0209000244e+03 1.0207999878e+03 1.0207000122e+03 1.0205999756e+03 1.0205000000e+03 1.0205000000e+03 1.0205000000e+03 1.0205000000e+03 1.0204000244e+03 1.0202999878e+03 1.0202000122e+03 1.0200000000e+03 1.0197999878e+03 1.0195999756e+03 1.0192999878e+03 1.0190999756e+03 1.0190000000e+03 1.0190999756e+03 1.0190999756e+03 1.0187000122e+03 1.0182000122e+03 1.0177999878e+03 1.0172999878e+03 1.0169000244e+03 1.0165000000e+03
1.0230000000e+03 1.0229000244e+03 1.0227999878e+03 1.0225999756e+03 1.0224000244e+03 1.0222000122e+03 1.0220000000e+03 1.0219000244e+03 1.0217999878e+03 1.0217000122e+03 1.0217000122e+03 1.0215999756e+03 1.0215000000e+03 1.0214000244e+03 1.0215000000e+03 1.0215000000e+03 1.0215000000e+03 1.0212999878e+03 1.0212000122e+03 1.0210999756e+03 1.0210000000e+03 1.0210000000e+03 1.0209000244e+03 1.0207999878e+03 1.0205999756e+03 1.0205999756e+03 1.0205999756e+03 1.0205999756e+03 1.0205999756e+03 1.0205000000e+03 1.0202999878e+03 1.0200999756e+03 1.0199000244e+03 1.0197999878e+03 1.0195999756e+03 1.0194000244e+03 1.0192000122e+03 1.0190999756e+03 1.0190999756e+03 1.0190000000e+03 1.0185999756e+03 1.0182000122e+03 1.0179000244e+03 1.0175000000e+03 1.0170999756e+03 1.0167000122e+03
1.0230000000e+03 1.0229000244e+03 1.0229000244e+03 1.0227999878e+03 1.0225999756e+03 1.0224000244e+03 1.0222000122e+03 1.0220999756e+03 1.0220000000e+03 1.0219000244e+03 1.0217999878e+03 1.0217000122e+03 1.0215999756e+03 1.0215000000e+03 1.0215000000e+03 1.0215000000e+03 1.0214000244e+03 1.0212999878e+03 1.0212999878e+03 1.0212999878e+03 1.0212999878e+03 1.0212000122e+03 1.0210999756e+03 1.0209000244e+03 1.0207000122e+03 1.0207000122e+03 1.0207000122e+03 1.0207000122e+03 1.0205999756e+03 1.0205000000e+03 1.0204000244e+03 1.0202000122e+03 1.0199000244e+03 1.0197000122e+03 1.0195999756e+03 1.0194000244e+03 1.0192000122e+03 1.0190999756e+03 1.0190999756e+03 1.0190000000e+03 1.0187000122e+03 1.0184000244e+03 1.0180999756e+03 1.0177000122e+03 1.0172000122e+03 1.0167000122e+03
1.0230999756e+03 1.0230000000e+03 1.0230000000e+03 1.0229000244e+03 1.0227999878e+03 1.0225999756e+03 1.0222999878e+03 1.0220999756e+03 1.0220000000e+03 1.0219000244e+03 1.0217999878e+03 1.0217999878e+03 1.0217000122e+03 1.0215000000e+03 1.0215000000e+03 1.0215000000e+03 1.0214000244e+03 1.0212999878e+03 1.0212999878e+03 1.0214000244e+03 1.0214000244e+03 1.0212999878e+03 1.0212000122e+03 1.0209000244e+03 1.0207999878e+03 1.0207999878e+03 1.0207999878e+03 1.0207000122e+03 1.0207000122e+03 1.0205000000e+03 1.0204000244e+03 1.0202000122e+03 1.0199000244e+03 1.0197000122e+03 1.0195000000e+03 1.0194000244e+03 1.0192000122e+03 1.0190999756e+03 1.0190999756e+03 1.0190000000e+03 1.0189000244e+03 1.0187000122e+03 1.0182999878e+03 1.0179000244e+03 1.0175000000e+03 1.0169000244e+03
1.0234000244e+03 1.0232000122e+03 1.0230999756e+03 1.0230999756e+03 1.0230000000e+03 1.0227999878e+03 1.0225000000e+03 1.0222000122e+03 1.0220000000e+03 1.0219000244e+03 1.0217999878e+03 1.0217999878e+03 1.0217000122e+03 1.0215999756e+03 1.0215000000e+03 1.0215999756e+03 1.0215000000e+03 1.0212999878e+03 1.0212000122e+03 1.0212999878e+03 1.0212999878e+03 1.0212000122e+03 1.0210999756e+03 1.0210000000e+03 1.0209000244e+03 1.0209000244e+03 1.0209000244e+03 1.0207999878e+03 1.0207000122e+03 1.0205999756e+03 1.0204000244e+03 1.0202000122e+03 1.0200000000e+03 1.0197000122e+03 1.0195000000e+03 1.0194000244e+03 1.0192999878e+03 1.0192000122e+03 1.0190999756e+03 1.0190000000e+03 1.0189000244e+03 1.0187000122e+03 1.0185000000e+03 1.0180999756e+03 1.0177000122e+03 1.0170999756e+03
