DGM_1M_UPPER_AUSTRIA/8/4.asc
NCOLS 100
NROWS 100
XLLCORNER 6.0950500000e+04
YLLCORNER 2.9488850000e+05
CELLSIZE 1.0000000000e+00
NODATA_VALUE -9.9990000000e+03
[rows 20 to 39 of 100, columns 0 to 45 of 100]
1.0361999512e+03 1.0361999512e+03 1.0361999512e+03 1.0361999512e+03 1.0361999512e+03 1.0361999512e+03 1.0360999756e+03 1.0359000244e+03 1.0356999512e+03 1.0355000000e+03 1.0353000488e+03 1.0350999756e+03 1.0346999512e+03 1.0343000488e+03 1.0340999756e+03 1.0339000244e+03 1.0336999512e+03 1.0335000000e+03 1.0334000244e+03 1.0331999512e+03 1.0330999756e+03 1.0329000244e+03 1.0326999512e+03 1.0324000244e+03 1.0320000000e+03 1.0315999756e+03 1.0314000244e+03 1.0311999512e+03 1.0309000244e+03 1.0305999756e+03 1.0303000488e+03 1.0300999756e+03 1.0299000244e+03 1.0295999756e+03 1.0295000000e+03 1.0294000244e+03 1.0293000488e+03 1.0291999512e+03 1.0290000000e+03 1.0289000244e+03 1.0286999512e+03 1.0285000000e+03 1.0283000488e+03 1.0280999756e+03 1.0280000000e+03 1.0276999512e+03
1.0360000000e+03 1.0360999756e+03 1.0360999756e+03 1.0360999756e+03 1.0360999756e+03 1.0360999756e+03 1.0360000000e+03 1.0358000488e+03 1.0356999512e+03 1.0355000000e+03 1.0353000488e+03 1.0350999756e+03 1.0346999512e+03 1.0343000488e+03 1.0340999756e+03 1.0339000244e+03 1.0336999512e+03 1.0335000000e+03 1.0333000488e+03 1.0330999756e+03 1.0330000000e+03 1.0329000244e+03 1.0326999512e+03 1.0324000244e+03 1.0320000000e+03 1.0315999756e+03 1.0314000244e+03 1.0311999512e+03 1.0310000000e+03 1.0306999512e+03 1.0304000244e+03 1.0301999512e+03 1.0299000244e+03 1.0296999512e+03 1.0295000000e+03 1.0294000244e+03 1.0294000244e+03 1.0293000488e+03 1.0291999512e+03 1.0290999756e+03 1.0290000000e+03 1.0288000488e+03 1.0285000000e+03 1.0284000244e+03 1.0283000488e+03 1.0280000000e+03
1.0358000488e+03 1.0358000488e+03 1.0359000244e+03 1.0359000244e+03 1.0359000244e+03 1.0359000244e+03 1.0358000488e+03 1.0358000488e+03 1.0355999756e+03 1.0354000244e+03 1.0353000488e+03 1.0350999756e+03 1.0346999512e+03 1.0344000244e+03 1.0340999756e+03 1.0339000244e+03 1.0336999512e+03 1.0335000000e+03 1.0333000488e+03 1.0330999756e+03 1.0329000244e+03 1.0328000488e+03 1.0326999512e+03 1.0325999756e+03 1.0321999512e+03 1.0316999512e+03 1.0315000000e+03 1.0313000488e+03 1.0310999756e+03 1.0308000488e+03 1.0305000000e+03 1.0303000488e+03 1.0300000000e+03 1.0296999512e+03 1.0295999756e+03 1.0295000000e+03 1.0295000000e+03 1.0294000244e+03 1.0293000488e+03 1.0291999512e+03 1.0290000000e+03 1.0288000488e+03 1.0286999512e+03 1.0286999512e+03 1.0285000000e+03 1.0281999512e+03
1.0355000000e+03 1.0355999756e+03 1.0356999512e+03 1.0356999512e+03 1.0356999512e+03 1.0356999512e+03 1.0356999512e+03 1.0356999512e+03 1.0355000000e+03 1.0353000488e+03 1.0351999512e+03 1.0350000000e+03 1.0348000488e+03 1.0345000000e+03 1.0341999512e+03 1.0340000000e+03 1.0338000488e+03 1.0335999756e+03 1.0334000244e+03 1.0330999756e+03 1.0328000488e+03 1.0326999512e+03 1.0325999756e+03 1.0325000000e+03 1.0321999512e+03 1.0318000488e+03 1.0315999756e+03 1.0315000000e+03 1.0311999512e+03 1.0309000244e+03 1.0305999756e+03 1.0304000244e+03 1.0300999756e+03 1.0298000488e+03 1.0296999512e+03 1.0295999756e+03 1.0295999756e+03 1.0295999756e+03 1.0294000244e+03 1.0293000488e+03 1.0290999756e+03 1.0290000000e+03 1.0289000244e+03 1.0288000488e+03 1.0286999512e+03 1.0283000488e+03
1.0351999512e+03 1.0353000488e+03 1.0354000244e+03 1.0354000244e+03 1.0354000244e+03 1.0354000244e+03 1.0354000244e+03 1.0354000244e+03 1.0353000488e+03 1.0350999756e+03 1.0350000000e+03 1.0349000244e+03 1.0346999512e+03 1.0345000000e+03 1.0343000488e+03 1.0340999756e+03 1.0339000244e+03 1.0336999512e+03 1.0334000244e+03 1.0330999756e+03 1.0328000488e+03 1.0325999756e+03 1.0325000000e+03 1.0324000244e+03 1.0320999756e+03 1.0318000488e+03 1.0316999512e+03 1.0315000000e+03 1.0311999512e+03 1.0309000244e+03 1.0305999756e+03 1.0304000244e+03 1.0301999512e+03 1.0300000000e+03 1.0298000488e+03 1.0296999512e+03 1.0296999512e+03 1.0295999756e+03 1.0295000000e+03 1.0294000244e+03 1.0293000488e+03 1.0291999512e+03 1.0290000000e+03 1.0289000244e+03 1.0288000488e+03 1.0285000000e+03
1.0348000488e+03 1.0349000244e+03 1.0350000000e+03 1.0350000000e+03 1.0350000000e+03 1.0350000000e+03 1.0350000000e+03 1.0350000000e+03 1.0350000000e+03 1.0349000244e+03 1.0349000244e+03 1.0348000488e+03 1.0345999756e+03 1.0344000244e+03 1.0343000488e+03 1.0341999512e+03 1.0339000244e+03 1.0336999512e+03 1.0334000244e+03 1.0330999756e+03 1.0328000488e+03 1.0325999756e+03 1.0324000244e+03 1.0323000488e+03 1.0320000000e+03 1.0316999512e+03 1.0315000000e+03 1.0314000244e+03 1.0311999512e+03 1.0309000244e+03 1.0305999756e+03 1.0304000244e+03 1.0301999512e+03 1.0300999756e+03 1.0299000244e+03 1.0298000488e+03 1.0298000488e+03 1.0296999512e+03 1.0295999756e+03 1.0295000000e+03 1.0295000000e+03 1.0294000244e+03 1.0291999512e+03 1.0290999756e+03 1.0290000000e+03 1.0286999512e+03
1.0345000000e+03 1.0345000000e+03 1.0345999756e+03 1.0345999756e+03 1.0346999512e+03 1.0346999512e+03 1.0346999512e+03 1.0346999512e+03 1.0346999512e+03 1.0346999512e+03 1.0345999756e+03 1.0345999756e+03 1.0344000244e+03 1.0343000488e+03 1.0341999512e+03 1.0340999756e+03 1.0339000244e+03 1.0335999756e+03 1.0333000488e+03 1.0330000000e+03 1.0328000488e+03 1.0325999756e+03 1.0324000244e+03 1.0321999512e+03 1.0319000244e+03 1.0315999756e+03 1.0314000244e+03 1.0311999512e+03 1.0310000000e+03 1.0309000244e+03 1.0306999512e+03 1.0305000000e+03 1.0303000488e+03 1.0300999756e+03 1.0300000000e+03 1.0299000244e+03 1.0298000488e+03 1.0296999512e+03 1.0295999756e+03 1.0295999756e+03 1.0295999756e+03 1.0295999756e+03 1.0295000000e+03 1.0293000488e+03 1.0291999512e+03 1.0290000000e+03
1.0341999512e+03 1.0341999512e+03 1.0341999512e+03 1.0341999512e+03 1.0343000488e+03 1.0344000244e+03 1.0344000244e+03 1.0345000000e+03 1.0344000244e+03 1.0344000244e+03 1.0344000244e+03 1.0343000488e+03 1.0343000488e+03 1.0341999512e+03 1.0340999756e+03 1.0339000244e+03 1.0338000488e+03 1.0335999756e+03 1.0333000488e+03 1.0330000000e+03 1.0326999512e+03 1.0325000000e+03 1.0324000244e+03 1.0321999512e+03 1.0320000000e+03 1.0316999512e+03 1.0314000244e+03 1.0311999512e+03 1.0310000000e+03 1.0308000488e+03 1.0306999512e+03 1.0305000000e+03 1.0303000488e+03 1.0301999512e+03 1.0300999756e+03 1.0299000244e+03 1.0298000488e+03 1.0298000488e+03 1.0296999512e+03 1.0296999512e+03 1.0296999512e+03 1.0296999512e+03 1.0295000000e+03 1.0294000244e+03 1.0293000488e+03 1.0290999756e+03
1.0338000488e+03 1.0338000488e+03 1.0338000488e+03 1.0339000244e+03 1.0340000000e+03 1.0340999756e+03 1.0341999512e+03 1.0343000488e+03 1.0341999512e+03 1.0341999512e+03 1.0341999512e+03 1.0340999756e+03 1.0340999756e+03 1.0340999756e+03 1.0339000244e+03 1.0338000488e+03 1.0336999512e+03 1.0335000000e+03 1.0333000488e+03 1.0329000244e+03 1.0325999756e+03 1.0324000244e+03 1.0323000488e+03 1.0323000488e+03 1.0320999756e+03 1.0318000488e+03 1.0315000000e+03 1.0311999512e+03 1.0310000000e+03 1.0308000488e+03 1.0306999512e+03 1.0305000000e+03 1.0303000488e+03 1.0301999512e+03 1.0300999756e+03 1.0300000000e+03 1.0299000244e+03 1.0298000488e+03 1.0298000488e+03 1.0296999512e+03 1.0296999512e+03 1.0296999512e+03 1.0295999756e+03 1.0295000000e+03 1.0293000488e+03 1.0291999512e+03
1.0334000244e+03 1.0334000244e+03 1.0335000000e+03 1.0336999512e+03 1.0338000488e+03 1.0338000488e+03 1.0340000000e+03 1.0340999756e+03 1.0340000000e+03 1.0340000000e+03 1.0340000000e+03 1.0340000000e+03 1.0339000244e+03 1.0338000488e+03 1.0336999512e+03 1.0335999756e+03 1.0335999756e+03 1.0335000000e+03 1.0331999512e+03 1.0328000488e+03 1.0325999756e+03 1.0324000244e+03 1.0324000244e+03 1.0323000488e+03 1.0320999756e+03 1.0318000488e+03 1.0315000000e+03 1.0313000488e+03 1.0310999756e+03 1.0309000244e+03 1.0306999512e+03 1.0305000000e+03 1.0304000244e+03 1.0303000488e+03 1.0301999512e+03 1.0300999756e+03 1.0300000000e+03 1.0299000244e+03 1.0299000244e+03 1.0298000488e+03 1.0298000488e+03 1.0298000488e+03 1.0296999512e+03 1.0295999756e+03 1.0294000244e+03 1.0293000488e+03
1.0330000000e+03 1.0330999756e+03 1.0331999512e+03 1.0334000244e+03 1.0335000000e+03 1.0335999756e+03 1.0336999512e+03 1.0338000488e+03 1.0338000488e+03 1.0338000488e+03 1.0338000488e+03 1.0336999512e+03 1.0336999512e+03 1.0336999512e+03 1.0335999756e+03 1.0335000000e+03 1.0334000244e+03 1.0333000488e+03 1.0330000000e+03 1.0326999512e+03 1.0325000000e+03 1.0324000244e+03 1.0324000244e+03 1.0321999512e+03 1.0320000000e+03 1.0318000488e+03 1.0315000000e+03 1.0313000488e+03 1.0310999756e+03 1.0310000000e+03 1.0309000244e+03 1.0306999512e+03 1.0305000000e+03 1.0304000244e+03 1.0301999512e+03 1.0300999756e+03 1.0300999756e+03 1.0300000000e+03 1.0300000000e+03 1.0299000244e+03 1.0299000244e+03 1.0298000488e+03 1.0298000488e+03 1.0296999512e+03 1.0295999756e+03 1.0294000244e+03
1.0326999512e+03 1.0328000488e+03 1.0330000000e+03 1.0330999756e+03 1.0331999512e+03 1.0333000488e+03 1.0334000244e+03 1.0335000000e+03 1.0335000000e+03 1.0335999756e+03 1.0335999756e+03 1.0335999756e+03 1.0335000000e+03 1.0335000000e+03 1.0334000244e+03 1.0334000244e+03 1.0333000488e+03 1.0330999756e+03 1.0329000244e+03 1.0326999512e+03 1.0325000000e+03 1.0324000244e+03 1.0323000488e+03 1.0321999512e+03 1.0319000244e+03 1.0316999512e+03 1.0315000000e+03 1.0313000488e+03 1.0311999512e+03 1.0310999756e+03 1.0310999756e+03 1.0309000244e+03 1.0306999512e+03 1.0305000000e+03 1.0303000488e+03 1.0301999512e+03 1.0300999756e+03 1.0300000000e+03 1.0300000000e+03 1.0300000000e+03 1.0300000000e+03 1.0299000244e+03 1.0299000244e+03 1.0298000488e+03 1.0296999512e+03 1.0295999756e+03
1.0324000244e+03 1.0325000000e+03 1.0325999756e+03 1.0326999512e+03 1.0328000488e+03 1.0329000244e+03 1.0330000000e+03 1.0331999512e+03 1.0333000488e+03 1.0333000488e+03 1.0333000488e+03 1.0333000488e+03 1.0333000488e+03 1.0333000488e+03 1.0333000488e+03 1.0331999512e+03 1.0330999756e+03 1.0330000000e+03 1.0328000488e+03 1.0325999756e+03 1.0325000000e+03 1.0324000244e+03 1.0323000488e+03 1.0320999756e+03 1.0319000244e+03 1.0316999512e+03 1.0314000244e+03 1.0313000488e+03 1.0311999512e+03 1.0310999756e+03 1.0310999756e+03 1.0310000000e+03 1.0308000488e+03 1.0305999756e+03 1.0305000000e+03 1.0303000488e+03 1.0301999512e+03 1.0300999756e+03 1.0300000000e+03 1.0300999756e+03 1.0300999756e+03 1.0300000000e+03 1.0300000000e+03 1.0299000244e+03 1.0298000488e+03 1.0296999512e+03
1.0320999756e+03 1.0321999512e+03 1.0323000488e+03 1.0324000244e+03 1.0325000000e+03 1.0325999756e+03 1.0326999512e+03 1.0328000488e+03 1.0329000244e+03 1.0330000000e+03 1.0330000000e+03 1.0330999756e+03 1.0330999756e+03 1.0330999756e+03 1.0330999756e+03 1.0330000000e+03 1.0330000000e+03 1.0329000244e+03 1.0326999512e+03 1.0325000000e+03 1.0325000000e+03 1.0324000244e+03 1.0321999512e+03 1.0320999756e+03 1.0319000244e+03 1.0316999512e+03 1.0314000244e+03 1.0313000488e+03 1.0311999512e+03 1.0311999512e+03 1.0310999756e+03 1.0310000000e+03 1.0308000488e+03 1.0306999512e+03 1.0305999756e+03 1.0304000244e+03 1.0303000488e+03 1.0301999512e+03 1.0301999512e+03 1.0301999512e+03 1.0301999512e+03 1.0300999756e+03 1.0300000000e+03 1.0300000000e+03 1.0299000244e+03 1.0299000244e+03
1.0316999512e+03 1.0318000488e+03 1.0319000244e+03 1.0320999756e+03 1.0321999512e+03 1.0323000488e+03 1.0324000244e+03 1.0325000000e+03 1.0325999756e+03 1.0326999512e+03 1.0326999512e+03 1.0328000488e+03 1.0328000488e+03 1.0329000244e+03 1.0330000000e+03 1.0329000244e+03 1.0328000488e+03 1.0326999512e+03 1.0325999756e+03 1.0325000000e+03 1.0324000244e+03 1.0323000488e+03 1.0321999512e+03 1.0320000000e+03 1.0319000244e+03 1.0316999512e+03 1.0314000244e+03 1.0313000488e+03 1.0313000488e+03 1.0313000488e+03 1.0311999512e+03 1.0310000000e+03 1.0309000244e+03 1.0308000488e+03 1.0306999512e+03 1.0305000000e+03 1.0304000244e+03 1.0303000488e+03 1.0303000488e+03 1.0303000488e+03 1.0303000488e+03 1.0301999512e+03 1.0300999756e+03 1.0300000000e+03 1.0299000244e+03 1.0299000244e+03
1.0313000488e+03 1.0314000244e+03 1.0315000000e+03 1.0316999512e+03 1.0318000488e+03 1.0319000244e+03 1.0320999756e+03 1.0321999512e+03 1.0323000488e+03 1.0324000244e+03 1.0325000000e+03 1.0325999756e+03 1.0325999756e+03 1.0326999512e+03 1.0328000488e+03 1.0328000488e+03 1.0326999512e+03 1.0325000000e+03 1.0325000000e+03 1.0324000244e+03 1.0324000244e+03 1.0323000488e+03 1.0321999512e+03 1.0320999756e+03 1.0319000244e+03 1.0316999512e+03 1.0315000000e+03 1.0314000244e+03 1.0314000244e+03 1.0314000244e+03 1.0311999512e+03 1.0310999756e+03 1.0309000244e+03 1.0309000244e+03 1.0308000488e+03 1.0306999512e+03 1.0305999756e+03 1.0305000000e+03 1.0304000244e+03 1.0304000244e+03 1.0304000244e+03 1.0301999512e+03 1.0300999756e+03 1.0300000000e+03 1.0299000244e+03 1.0299000244e+03
1.0309000244e+03 1.0310000000e+03 1.0310999756e+03 1.0311999512e+03 1.0314000244e+03 1.0315999756e+03 1.0316999512e+03 1.0319000244e+03 1.0320000000e+03 1.0320999756e+03 1.0321999512e+03 1.0324000244e+03 1.0324000244e+03 1.0324000244e+03 1.0325000000e+03 1.0325000000e+03 1.0324000244e+03 1.0324000244e+03 1.0324000244e+03 1.0324000244e+03 1.0323000488e+03 1.0321999512e+03 1.0321999512e+03 1.0320999756e+03 1.0319000244e+03 1.0316999512e+03 1.0315000000e+03 1.0314000244e+03 1.0314000244e+03 1.0314000244e+03 1.0313000488e+03 1.0311999512e+03 1.0310999756e+03 1.0310000000e+03 1.0309000244e+03 1.0308000488e+03 1.0308000488e+03 1.0306999512e+03 1.0305000000e+03 1.0304000244e+03 1.0303000488e+03 1.0301999512e+03 1.0300999756e+03 1.0300000000e+03 1.0298000488e+03 1.0298000488e+03
1.0305999756e+03 1.0305999756e+03 1.0306999512e+03 1.0309000244e+03 1.0310000000e+03 1.0311999512e+03 1.0315000000e+03 1.0315999756e+03 1.0316999512e+03 1.0318000488e+03 1.0319000244e+03 1.0320999756e+03 1.0321999512e+03 1.0320999756e+03 1.0320999756e+03 1.0320999756e+03 1.0321999512e+03 1.0321999512e+03 1.0323000488e+03 1.0323000488e+03 1.0321999512e+03 1.0321999512e+03 1.0321999512e+03 1.0320999756e+03 1.0320000000e+03 1.0318000488e+03 1.0315000000e+03 1.0314000244e+03 1.0314000244e+03 1.0313000488e+03 1.0313000488e+03 1.0311999512e+03 1.0310999756e+03 1.0310999756e+03 1.0310000000e+03 1.0310000000e+03 1.0310000000e+03 1.0308000488e+03 1.0305999756e+03 1.0304000244e+03 1.0303000488e+03 1.0303000488e+03 1.0301999512e+03 1.0301999512e+03 1.0300000000e+03 1.0299000244e+03
1.0301999512e+03 1.0303000488e+03 1.0304000244e+03 1.0305000000e+03 1.0306999512e+03 1.0309000244e+03 1.0310999756e+03 1.0311999512e+03 1.0313000488e+03 1.0314000244e+03 1.0315999756e+03 1.0318000488e+03 1.0319000244e+03 1.0319000244e+03 1.0319000244e+03 1.0319000244e+03 1.0319000244e+03 1.0320000000e+03 1.0320999756e+03 1.0320999756e+03 1.0320999756e+03 1.0320999756e+03 1.0320999756e+03 1.0320999756e+03 1.0320999756e+03 1.0318000488e+03 1.0315000000e+03 1.0314000244e+03 1.0313000488e+03 1.0313000488e+03 1.0313000488e+03 1.0311999512e+03 1.0311999512e+03 1.0311999512e+03 1.0310999756e+03 1.0310999756e+03 1.0310000000e+03 1.0309000244e+03 1.0308000488e+03 1.0306999512e+03 1.0305999756e+03 1.0304000244e+03 1.0304000244e+03 1.0303000488e+03 1.0301999512e+03 1.0300999756e+03
1.0298000488e+03 1.0298000488e+03 1.0299000244e+03 1.0300999756e+03 1.0303000488e+03 1.0305000000e+03 1.0306999512e+03 1.0308000488e+03 1.0309000244e+03 1.0310000000e+03 1.0311999512e+03 1.0314000244e+03 1.0315000000e+03 1.0315999756e+03 1.0315999756e+03 1.0315999756e+03 1.0316999512e+03 1.0318000488e+03 1.0319000244e+03 1.0319000244e+03 1.0319000244e+03 1.0319000244e+03 1.0319000244e+03 1.0320000000e+03 1.0319000244e+03 1.0316999512e+03 1.0315000000e+03 1.0314000244e+03 1.0313000488e+03 1.0311999512e+03 1.0311999512e+03 1.0311999512e+03 1.0311999512e+03 1.0311999512e+03 1.0313000488e+03 1.0313000488e+03 1.0313000488e+03 1.0311999512e+03 1.0310999756e+03 1.0310000000e+03 1.0309000244e+03 1.0308000488e+03 1.0305999756e+03 1.0305999756e+03 1.0305000000e+03 1.0304000244e+03
