DGM_1M_UPPER_AUSTRIA/8/4.asc
NCOLS 100
NROWS 100
XLLCORNER 6.0950500000e+04
YLLCORNER 2.9488850000e+05
CELLSIZE 1.0000000000e+00
NODATA_VALUE -9.9990000000e+03
[rows 80 to 99 of 100, columns 46 to 91 of 100]
1.0255999756e+03 1.0256999512e+03 1.0258000488e+03 1.0260000000e+03 1.0264000244e+03 1.0269000244e+03 1.0274000244e+03 1.0276999512e+03 1.0280000000e+03 1.0283000488e+03 1.0286999512e+03 1.0291999512e+03 1.0295000000e+03 1.0298000488e+03 1.0300000000e+03 1.0303000488e+03 1.0305000000e+03 1.0305999756e+03 1.0305999756e+03 1.0305999756e+03 1.0303000488e+03 1.0300999756e+03 1.0298000488e+03 1.0295000000e+03 1.0291999512e+03 1.0290000000e+03 1.0290000000e+03 1.0289000244e+03 1.0285000000e+03 1.0280000000e+03 1.0278000488e+03 1.0276999512e+03 1.0276999512e+03 1.0276999512e+03 1.0276999512e+03 1.0275000000e+03 1.0270999756e+03 1.0265000000e+03 1.0260999756e+03 1.0259000244e+03 1.0255999756e+03 1.0251999512e+03 1.0248000488e+03 1.0244000244e+03 1.0240000000e+03 1.0235999756e+03
1.0256999512e+03 1.0256999512e+03 1.0258000488e+03 1.0259000244e+03 1.0260999756e+03 1.0265000000e+03 1.0270000000e+03 1.0274000244e+03 1.0276999512e+03 1.0280999756e+03 1.0285000000e+03 1.0289000244e+03 1.0293000488e+03 1.0295999756e+03 1.0299000244e+03 1.0301999512e+03 1.0304000244e+03 1.0305999756e+03 1.0305999756e+03 1.0305000000e+03 1.0303000488e+03 1.0300999756e+03 1.0299000244e+03 1.0296999512e+03 1.0294000244e+03 1.0291999512e+03 1.0290000000e+03 1.0288000488e+03 1.0285000000e+03 1.0280000000e+03 1.0278000488e+03 1.0278000488e+03 1.0278000488e+03 1.0278000488e+03 1.0276999512e+03 1.0275000000e+03 1.0270999756e+03 1.0265999756e+03 1.0261999512e+03 1.0259000244e+03 1.0256999512e+03 1.0253000488e+03 1.0249000244e+03 1.0245000000e+03 1.0240999756e+03 1.0237000122e+03
1.0256999512e+03 1.0256999512e+03 1.0258000488e+03 1.0258000488e+03 1.0259000244e+03 1.0261999512e+03 1.0266999512e+03 1.0270000000e+03 1.0274000244e+03 1.0278000488e+03 1.0281999512e+03 1.0286999512e+03 1.0290999756e+03 1.0295000000e+03 1.0298000488e+03 1.0300999756e+03 1.0304000244e+03 1.0305999756e+03 1.0305999756e+03 1.0305000000e+03 1.0303000488e+03 1.0301999512e+03 1.0300999756e+03 1.0299000244e+03 1.0295999756e+03 1.0294000244e+03 1.0290999756e+03 1.0288000488e+03 1.0284000244e+03 1.0280000000e+03 1.0279000244e+03 1.0279000244e+03 1.0279000244e+03 1.0279000244e+03 1.0278000488e+03 1.0275999756e+03 1.0271999512e+03 1.0266999512e+03 1.0261999512e+03 1.0259000244e+03 1.0256999512e+03 1.0254000244e+03 1.0250000000e+03 1.0245999756e+03 1.0241999512e+03 1.0237999878e+03
1.0255999756e+03 1.0258000488e+03 1.0258000488e+03 1.0259000244e+03 1.0259000244e+03 1.0260999756e+03 1.0263000488e+03 1.0265999756e+03 1.0270000000e+03 1.0275999756e+03 1.0280000000e+03 1.0284000244e+03 1.0289000244e+03 1.0293000488e+03 1.0295999756e+03 1.0300000000e+03 1.0303000488e+03 1.0305999756e+03 1.0305999756e+03 1.0305000000e+03 1.0303000488e+03 1.0301999512e+03 1.0300999756e+03 1.0300000000e+03 1.0296999512e+03 1.0295000000e+03 1.0291999512e+03 1.0288000488e+03 1.0284000244e+03 1.0280000000e+03 1.0279000244e+03 1.0279000244e+03 1.0279000244e+03 1.0279000244e+03 1.0278000488e+03 1.0276999512e+03 1.0275000000e+03 1.0270999756e+03 1.0265999756e+03 1.0260999756e+03 1.0256999512e+03 1.0254000244e+03 1.0250999756e+03 1.0246999512e+03 1.0243000488e+03 1.0237999878e+03
1.0254000244e+03 1.0256999512e+03 1.0259000244e+03 1.0259000244e+03 1.0260000000e+03 1.0260000000e+03 1.0260999756e+03 1.0263000488e+03 1.0266999512e+03 1.0273000488e+03 1.0276999512e+03 1.0281999512e+03 1.0286999512e+03 1.0290999756e+03 1.0295000000e+03 1.0298000488e+03 1.0301999512e+03 1.0305999756e+03 1.0306999512e+03 1.0305999756e+03 1.0304000244e+03 1.0301999512e+03 1.0300999756e+03 1.0300000000e+03 1.0298000488e+03 1.0295000000e+03 1.0291999512e+03 1.0288000488e+03 1.0283000488e+03 1.0280999756e+03 1.0280000000e+03 1.0279000244e+03 1.0279000244e+03 1.0279000244e+03 1.0279000244e+03 1.0278000488e+03 1.0275999756e+03 1.0273000488e+03 1.0269000244e+03 1.0263000488e+03 1.0258000488e+03 1.0254000244e+03 1.0250999756e+03 1.0248000488e+03 1.0244000244e+03 1.0239000244e+03
1.0250999756e+03 1.0255000000e+03 1.0258000488e+03 1.0260000000e+03 1.0260000000e+03 1.0260999756e+03 1.0260999756e+03 1.0261999512e+03 1.0264000244e+03 1.0269000244e+03 1.0274000244e+03 1.0280000000e+03 1.0285000000e+03 1.0289000244e+03 1.0293000488e+03 1.0296999512e+03 1.0301999512e+03 1.0305000000e+03 1.0306999512e+03 1.0305999756e+03 1.0304000244e+03 1.0301999512e+03 1.0301999512e+03 1.0300000000e+03 1.0298000488e+03 1.0295000000e+03 1.0290999756e+03 1.0286999512e+03 1.0281999512e+03 1.0280000000e+03 1.0280000000e+03 1.0280000000e+03 1.0280000000e+03 1.0280000000e+03 1.0279000244e+03 1.0278000488e+03 1.0276999512e+03 1.0275000000e+03 1.0270000000e+03 1.0264000244e+03 1.0258000488e+03 1.0255000000e+03 1.0253000488e+03 1.0249000244e+03 1.0245000000e+03 1.0240000000e+03
1.0245999756e+03 1.0250999756e+03 1.0255999756e+03 1.0259000244e+03 1.0260999756e+03 1.0260999756e+03 1.0260999756e+03 1.0261999512e+03 1.0264000244e+03 1.0265999756e+03 1.0270999756e+03 1.0276999512e+03 1.0281999512e+03 1.0286999512e+03 1.0290999756e+03 1.0295999756e+03 1.0300999756e+03 1.0304000244e+03 1.0305000000e+03 1.0305999756e+03 1.0304000244e+03 1.0303000488e+03 1.0301999512e+03 1.0300000000e+03 1.0298000488e+03 1.0295000000e+03 1.0290000000e+03 1.0285000000e+03 1.0280999756e+03 1.0280999756e+03 1.0280000000e+03 1.0280000000e+03 1.0280000000e+03 1.0280000000e+03 1.0279000244e+03 1.0278000488e+03 1.0276999512e+03 1.0275999756e+03 1.0270999756e+03 1.0264000244e+03 1.0259000244e+03 1.0255000000e+03 1.0251999512e+03 1.0249000244e+03 1.0245999756e+03 1.0241999512e+03
1.0240999756e+03 1.0245999756e+03 1.0251999512e+03 1.0256999512e+03 1.0260999756e+03 1.0261999512e+03 1.0261999512e+03 1.0263000488e+03 1.0264000244e+03 1.0265000000e+03 1.0268000488e+03 1.0273000488e+03 1.0279000244e+03 1.0284000244e+03 1.0290000000e+03 1.0295000000e+03 1.0299000244e+03 1.0301999512e+03 1.0305000000e+03 1.0305999756e+03 1.0305000000e+03 1.0304000244e+03 1.0303000488e+03 1.0300000000e+03 1.0298000488e+03 1.0294000244e+03 1.0286999512e+03 1.0281999512e+03 1.0280999756e+03 1.0280999756e+03 1.0280999756e+03 1.0280999756e+03 1.0280999756e+03 1.0280000000e+03 1.0279000244e+03 1.0278000488e+03 1.0278000488e+03 1.0275999756e+03 1.0271999512e+03 1.0265999756e+03 1.0260000000e+03 1.0255999756e+03 1.0251999512e+03 1.0249000244e+03 1.0245999756e+03 1.0243000488e+03
1.0235999756e+03 1.0241999512e+03 1.0248000488e+03 1.0253000488e+03 1.0258000488e+03 1.0260999756e+03 1.0263000488e+03 1.0263000488e+03 1.0264000244e+03 1.0265000000e+03 1.0265999756e+03 1.0270000000e+03 1.0275000000e+03 1.0281999512e+03 1.0288000488e+03 1.0293000488e+03 1.0296999512e+03 1.0300999756e+03 1.0304000244e+03 1.0305999756e+03 1.0305000000e+03 1.0303000488e+03 1.0300999756e+03 1.0298000488e+03 1.0294000244e+03 1.0289000244e+03 1.0283000488e+03 1.0280999756e+03 1.0280999756e+03 1.0280999756e+03 1.0280999756e+03 1.0280999756e+03 1.0280999756e+03 1.0280000000e+03 1.0280000000e+03 1.0279000244e+03 1.0278000488e+03 1.0276999512e+03 1.0275000000e+03 1.0269000244e+03 1.0263000488e+03 1.0256999512e+03 1.0253000488e+03 1.0250000000e+03 1.0246999512e+03 1.0244000244e+03
1.0232999878e+03 1.0237999878e+03 1.0243000488e+03 1.0248000488e+03 1.0254000244e+03 1.0259000244e+03 1.0261999512e+03 1.0264000244e+03 1.0264000244e+03 1.0265000000e+03 1.0265999756e+03 1.0268000488e+03 1.0271999512e+03 1.0278000488e+03 1.0284000244e+03 1.0290000000e+03 1.0294000244e+03 1.0299000244e+03 1.0301999512e+03 1.0303000488e+03 1.0300999756e+03 1.0299000244e+03 1.0295999756e+03 1.0291999512e+03 1.0286999512e+03 1.0283000488e+03 1.0280999756e+03 1.0280000000e+03 1.0280999756e+03 1.0280999756e+03 1.0280999756e+03 1.0280999756e+03 1.0280999756e+03 1.0280999756e+03 1.0280000000e+03 1.0280000000e+03 1.0279000244e+03 1.0278000488e+03 1.0275999756e+03 1.0271999512e+03 1.0265000000e+03 1.0259000244e+03 1.0255000000e+03 1.0251999512e+03 1.0248000488e+03 1.0244000244e+03
1.0230000000e+03 1.0234000244e+03 1.0239000244e+03 1.0243000488e+03 1.0248000488e+03 1.0254000244e+03 1.0260000000e+03 1.0263000488e+03 1.0265000000e+03 1.0265999756e+03 1.0265999756e+03 1.0266999512e+03 1.0269000244e+03 1.0273000488e+03 1.0276999512e+03 1.0283000488e+03 1.0289000244e+03 1.0293000488e+03 1.0295999756e+03 1.0295999756e+03 1.0295000000e+03 1.0291999512e+03 1.0288000488e+03 1.0284000244e+03 1.0280999756e+03 1.0280000000e+03 1.0280000000e+03 1.0280000000e+03 1.0280000000e+03 1.0280999756e+03 1.0280999756e+03 1.0281999512e+03 1.0283000488e+03 1.0281999512e+03 1.0280999756e+03 1.0280000000e+03 1.0279000244e+03 1.0278000488e+03 1.0276999512e+03 1.0271999512e+03 1.0265999756e+03 1.0260999756e+03 1.0256999512e+03 1.0253000488e+03 1.0248000488e+03 1.0245000000e+03
1.0225999756e+03 1.0230999756e+03 1.0235000000e+03 1.0237999878e+03 1.0243000488e+03 1.0249000244e+03 1.0255000000e+03 1.0260000000e+03 1.0264000244e+03 1.0265999756e+03 1.0266999512e+03 1.0268000488e+03 1.0269000244e+03 1.0270000000e+03 1.0273000488e+03 1.0275999756e+03 1.0280000000e+03 1.0284000244e+03 1.0286999512e+03 1.0288000488e+03 1.0285999756e+03 1.0284000244e+03 1.0280999756e+03 1.0280000000e+03 1.0279000244e+03 1.0279000244e+03 1.0279000244e+03 1.0280000000e+03 1.0280000000e+03 1.0280999756e+03 1.0283000488e+03 1.0284000244e+03 1.0284000244e+03 1.0283000488e+03 1.0281999512e+03 1.0280000000e+03 1.0279000244e+03 1.0278000488e+03 1.0275999756e+03 1.0270999756e+03 1.0265999756e+03 1.0261999512e+03 1.0258000488e+03 1.0253000488e+03 1.0249000244e+03 1.0245000000e+03
1.0222000122e+03 1.0227000122e+03 1.0230000000e+03 1.0234000244e+03 1.0237999878e+03 1.0244000244e+03 1.0250000000e+03 1.0255999756e+03 1.0261999512e+03 1.0265999756e+03 1.0268000488e+03 1.0268000488e+03 1.0269000244e+03 1.0270000000e+03 1.0270999756e+03 1.0273000488e+03 1.0275000000e+03 1.0276999512e+03 1.0279000244e+03 1.0280000000e+03 1.0280000000e+03 1.0279000244e+03 1.0279000244e+03 1.0279000244e+03 1.0279000244e+03 1.0279000244e+03 1.0280000000e+03 1.0280000000e+03 1.0280999756e+03 1.0283000488e+03 1.0285999756e+03 1.0286999512e+03 1.0285999756e+03 1.0284000244e+03 1.0281999512e+03 1.0280000000e+03 1.0278000488e+03 1.0276999512e+03 1.0274000244e+03 1.0269000244e+03 1.0265000000e+03 1.0261999512e+03 1.0258000488e+03 1.0253000488e+03 1.0249000244e+03 1.0245000000e+03
1.0219000244e+03 1.0222999878e+03 1.0225999756e+03 1.0230000000e+03 1.0234000244e+03 1.0239000244e+03 1.0245000000e+03 1.0250999756e+03 1.0258000488e+03 1.0263000488e+03 1.0266999512e+03 1.0269000244e+03 1.0270000000e+03 1.0270999756e+03 1.0270999756e+03 1.0271999512e+03 1.0274000244e+03 1.0275000000e+03 1.0275999756e+03 1.0276999512e+03 1.0278000488e+03 1.0278000488e+03 1.0278000488e+03 1.0279000244e+03 1.0279000244e+03 1.0280000000e+03 1.0280000000e+03 1.0281999512e+03 1.0285000000e+03 1.0288000488e+03 1.0290000000e+03 1.0290000000e+03 1.0288000488e+03 1.0285999756e+03 1.0284000244e+03 1.0280999756e+03 1.0278000488e+03 1.0275999756e+03 1.0273000488e+03 1.0269000244e+03 1.0265000000e+03 1.0261999512e+03 1.0258000488e+03 1.0254000244e+03 1.0250000000e+03 1.0245999756e+03
1.0215000000e+03 1.0219000244e+03 1.0222000122e+03 1.0225999756e+03 1.0230000000e+03 1.0235000000e+03 1.0240000000e+03 1.0246999512e+03 1.0253000488e+03 1.0259000244e+03 1.0264000244e+03 1.0269000244e+03 1.0270999756e+03 1.0271999512e+03 1.0271999512e+03 1.0273000488e+03 1.0274000244e+03 1.0275000000e+03 1.0275999756e+03 1.0275999756e+03 1.0276999512e+03 1.0278000488e+03 1.0278000488e+03 1.0279000244e+03 1.0279000244e+03 1.0280000000e+03 1.0281999512e+03 1.0285000000e+03 1.0290999756e+03 1.0294000244e+03 1.0293000488e+03 1.0290999756e+03 1.0289000244e+03 1.0288000488e+03 1.0285000000e+03 1.0281999512e+03 1.0279000244e+03 1.0275999756e+03 1.0273000488e+03 1.0269000244e+03 1.0265000000e+03 1.0263000488e+03 1.0259000244e+03 1.0255000000e+03 1.0250999756e+03 1.0246999512e+03
1.0210999756e+03 1.0215000000e+03 1.0219000244e+03 1.0222999878e+03 1.0227000122e+03 1.0232000122e+03 1.0235999756e+03 1.0241999512e+03 1.0248000488e+03 1.0254000244e+03 1.0260000000e+03 1.0265999756e+03 1.0270000000e+03 1.0271999512e+03 1.0273000488e+03 1.0274000244e+03 1.0274000244e+03 1.0275000000e+03 1.0275999756e+03 1.0276999512e+03 1.0278000488e+03 1.0278000488e+03 1.0278000488e+03 1.0279000244e+03 1.0280000000e+03 1.0281999512e+03 1.0286999512e+03 1.0291999512e+03 1.0295999756e+03 1.0296999512e+03 1.0294000244e+03 1.0291999512e+03 1.0290000000e+03 1.0289000244e+03 1.0286999512e+03 1.0284000244e+03 1.0280999756e+03 1.0276999512e+03 1.0274000244e+03 1.0270000000e+03 1.0266999512e+03 1.0265000000e+03 1.0260999756e+03 1.0255999756e+03 1.0251999512e+03 1.0248000488e+03
1.0207000122e+03 1.0212000122e+03 1.0215000000e+03 1.0219000244e+03 1.0224000244e+03 1.0227999878e+03 1.0232000122e+03 1.0237000122e+03 1.0243000488e+03 1.0248000488e+03 1.0255000000e+03 1.0263000488e+03 1.0268000488e+03 1.0270999756e+03 1.0274000244e+03 1.0275000000e+03 1.0275999756e+03 1.0275999756e+03 1.0276999512e+03 1.0278000488e+03 1.0278000488e+03 1.0279000244e+03 1.0279000244e+03 1.0280000000e+03 1.0281999512e+03 1.0286999512e+03 1.0293000488e+03 1.0298000488e+03 1.0300999756e+03 1.0300000000e+03 1.0296999512e+03 1.0294000244e+03 1.0290999756e+03 1.0290000000e+03 1.0289000244e+03 1.0285999756e+03 1.0283000488e+03 1.0279000244e+03 1.0275999756e+03 1.0271999512e+03 1.0269000244e+03 1.0265999756e+03 1.0261999512e+03 1.0258000488e+03 1.0254000244e+03 1.0249000244e+03
1.0204000244e+03 1.0207999878e+03 1.0212000122e+03 1.0215999756e+03 1.0220000000e+03 1.0224000244e+03 1.0227999878e+03 1.0232000122e+03 1.0237999878e+03 1.0244000244e+03 1.0250999756e+03 1.0259000244e+03 1.0265999756e+03 1.0270000000e+03 1.0273000488e+03 1.0275999756e+03 1.0276999512e+03 1.0276999512e+03 1.0278000488e+03 1.0279000244e+03 1.0279000244e+03 1.0279000244e+03 1.0280000000e+03 1.0280999756e+03 1.0284000244e+03 1.0291999512e+03 1.0299000244e+03 1.0303000488e+03 1.0303000488e+03 1.0300999756e+03 1.0299000244e+03 1.0295000000e+03 1.0293000488e+03 1.0291999512e+03 1.0290000000e+03 1.0286999512e+03 1.0284000244e+03 1.0280999756e+03 1.0276999512e+03 1.0274000244e+03 1.0270000000e+03 1.0266999512e+03 1.0263000488e+03 1.0259000244e+03 1.0255000000e+03 1.0250999756e+03
1.0200999756e+03 1.0205999756e+03 1.0210000000e+03 1.0214000244e+03 1.0217999878e+03 1.0220999756e+03 1.0224000244e+03 1.0227999878e+03 1.0234000244e+03 1.0240000000e+03 1.0248000488e+03 1.0255999756e+03 1.0263000488e+03 1.0269000244e+03 1.0273000488e+03 1.0275999756e+03 1.0278000488e+03 1.0278000488e+03 1.0279000244e+03 1.0280000000e+03 1.0280000000e+03 1.0280000000e+03 1.0280999756e+03 1.0280999756e+03 1.0285000000e+03 1.0291999512e+03 1.0300000000e+03 1.0304000244e+03 1.0303000488e+03 1.0303000488e+03 1.0300999756e+03 1.0296999512e+03 1.0295000000e+03 1.0293000488e+03 1.0290999756e+03 1.0288000488e+03 1.0285000000e+03 1.0281999512e+03 1.0279000244e+03 1.0275000000e+03 1.0270999756e+03 1.0268000488e+03 1.0264000244e+03 1.0260000000e+03 1.0256999512e+03 1.0253000488e+03
1.0200000000e+03 1.0202999878e+03 1.0207000122e+03 1.0210999756e+03 1.0215999756e+03 1.0219000244e+03 1.0222000122e+03 1.0225999756e+03 1.0230999756e+03 1.0237000122e+03 1.0245000000e+03 1.0253000488e+03 1.0260999756e+03 1.0266999512e+03 1.0273000488e+03 1.0275999756e+03 1.0278000488e+03 1.0279000244e+03 1.0280000000e+03 1.0280999756e+03 1.0280999756e+03 1.0280999756e+03 1.0281999512e+03 1.0281999512e+03 1.0284000244e+03 1.0288000488e+03 1.0295999756e+03 1.0300000000e+03 1.0301999512e+03 1.0303000488e+03 1.0301999512e+03 1.0299000244e+03 1.0295999756e+03 1.0294000244e+03 1.0291999512e+03 1.0289000244e+03 1.0285999756e+03 1.0283000488e+03 1.0280000000e+03 1.0275999756e+03 1.0271999512e+03 1.0269000244e+03 1.0265999756e+03 1.0261999512e+03 1.0258000488e+03 1.0254000244e+03
