DGM_1M_UPPER_AUSTRIA/36/16.asc
NCOLS 100
NROWS 100
XLLCORNER 6.3750500000e+04
YLLCORNER 2.9368850000e+05
CELLSIZE 1.0000000000e+00
NODATA_VALUE -9.9990000000e+03
[rows 40 to 59 of 100, columns 0 to 45 of 100]
5.8429998779e+02 5.8429998779e+02 5.8429998779e+02 5.8440002441e+02 5.8440002441e+02 5.8450000000e+02 5.8450000000e+02 5.8459997559e+02 5.8459997559e+02 5.8470001221e+02 5.8479998779e+02 5.8500000000e+02 5.8509997559e+02 5.8529998779e+02 5.8540002441e+02 5.8570001221e+02 5.8590002441e+02 5.8609997559e+02 5.8629998779e+02 5.8650000000e+02 5.8670001221e+02 5.8690002441e+02 5.8709997559e+02 5.8729998779e+02 5.8750000000e+02 5.8779998779e+02 5.8809997559e+02 5.8850000000e+02 5.8890002441e+02 5.8929998779e+02 5.8970001221e+02 5.9000000000e+02 5.9020001221e+02 5.9029998779e+02 5.9050000000e+02 5.9059997559e+02 5.9079998779e+02 5.9090002441e+02 5.9109997559e+02 5.9129998779e+02 5.9150000000e+02 5.9159997559e+02 5.9179998779e+02 5.9200000000e+02 5.9209997559e+02 5.9229998779e+02
5.8420001221e+02 5.8429998779e+02 5.8429998779e+02 5.8429998779e+02 5.8440002441e+02 5.8450000000e+02 5.8450000000e+02 5.8450000000e+02 5.8459997559e+02 5.8459997559e+02 5.8479998779e+02 5.8490002441e+02 5.8509997559e+02 5.8529998779e+02 5.8540002441e+02 5.8559997559e+02 5.8590002441e+02 5.8609997559e+02 5.8629998779e+02 5.8650000000e+02 5.8670001221e+02 5.8690002441e+02 5.8709997559e+02 5.8729998779e+02 5.8750000000e+02 5.8779998779e+02 5.8809997559e+02 5.8850000000e+02 5.8890002441e+02 5.8929998779e+02 5.8970001221e+02 5.9000000000e+02 5.9009997559e+02 5.9029998779e+02 5.9040002441e+02 5.9059997559e+02 5.9070001221e+02 5.9090002441e+02 5.9109997559e+02 5.9129998779e+02 5.9140002441e+02 5.9159997559e+02 5.9179998779e+02 5.9190002441e+02 5.9209997559e+02 5.9229998779e+02
5.8420001221e+02 5.8420001221e+02 5.8429998779e+02 5.8429998779e+02 5.8440002441e+02 5.8440002441e+02 5.8450000000e+02 5.8450000000e+02 5.8459997559e+02 5.8470001221e+02 5.8479998779e+02 5.8490002441e+02 5.8509997559e+02 5.8520001221e+02 5.8540002441e+02 5.8559997559e+02 5.8579998779e+02 5.8609997559e+02 5.8629998779e+02 5.8640002441e+02 5.8659997559e+02 5.8690002441e+02 5.8709997559e+02 5.8729998779e+02 5.8750000000e+02 5.8779998779e+02 5.8809997559e+02 5.8850000000e+02 5.8890002441e+02 5.8929998779e+02 5.8970001221e+02 5.9000000000e+02 5.9009997559e+02 5.9020001221e+02 5.9040002441e+02 5.9050000000e+02 5.9070001221e+02 5.9090002441e+02 5.9100000000e+02 5.9120001221e+02 5.9140002441e+02 5.9159997559e+02 5.9170001221e+02 5.9190002441e+02 5.9209997559e+02 5.9229998779e+02
5.8420001221e+02 5.8420001221e+02 5.8420001221e+02 5.8429998779e+02 5.8429998779e+02 5.8440002441e+02 5.8450000000e+02 5.8450000000e+02 5.8459997559e+02 5.8470001221e+02 5.8479998779e+02 5.8490002441e+02 5.8500000000e+02 5.8520001221e+02 5.8540002441e+02 5.8559997559e+02 5.8579998779e+02 5.8609997559e+02 5.8629998779e+02 5.8640002441e+02 5.8659997559e+02 5.8679998779e+02 5.8700000000e+02 5.8720001221e+02 5.8750000000e+02 5.8779998779e+02 5.8820001221e+02 5.8850000000e+02 5.8890002441e+02 5.8929998779e+02 5.8959997559e+02 5.8990002441e+02 5.9000000000e+02 5.9020001221e+02 5.9029998779e+02 5.9050000000e+02 5.9070001221e+02 5.9079998779e+02 5.9100000000e+02 5.9120001221e+02 5.9140002441e+02 5.9150000000e+02 5.9170001221e+02 5.9190002441e+02 5.9200000000e+02 5.9220001221e+02
5.8409997559e+02 5.8409997559e+02 5.8420001221e+02 5.8429998779e+02 5.8429998779e+02 5.8440002441e+02 5.8450000000e+02 5.8450000000e+02 5.8459997559e+02 5.8470001221e+02 5.8479998779e+02 5.8490002441e+02 5.8500000000e+02 5.8520001221e+02 5.8540002441e+02 5.8559997559e+02 5.8579998779e+02 5.8600000000e+02 5.8620001221e+02 5.8640002441e+02 5.8659997559e+02 5.8679998779e+02 5.8700000000e+02 5.8720001221e+02 5.8750000000e+02 5.8779998779e+02 5.8820001221e+02 5.8850000000e+02 5.8879998779e+02 5.8920001221e+02 5.8959997559e+02 5.8979998779e+02 5.9000000000e+02 5.9009997559e+02 5.9029998779e+02 5.9050000000e+02 5.9059997559e+02 5.9079998779e+02 5.9100000000e+02 5.9120001221e+02 5.9129998779e+02 5.9150000000e+02 5.9170001221e+02 5.9179998779e+02 5.9200000000e+02 5.9220001221e+02
5.8409997559e+02 5.8420001221e+02 5.8420001221e+02 5.8429998779e+02 5.8440002441e+02 5.8440002441e+02 5.8450000000e+02 5.8450000000e+02 5.8459997559e+02 5.8470001221e+02 5.8479998779e+02 5.8490002441e+02 5.8500000000e+02 5.8520001221e+02 5.8540002441e+02 5.8559997559e+02 5.8579998779e+02 5.8600000000e+02 5.8620001221e+02 5.8640002441e+02 5.8659997559e+02 5.8679998779e+02 5.8690002441e+02 5.8709997559e+02 5.8740002441e+02 5.8779998779e+02 5.8809997559e+02 5.8850000000e+02 5.8879998779e+02 5.8920001221e+02 5.8959997559e+02 5.8979998779e+02 5.8990002441e+02 5.9009997559e+02 5.9020001221e+02 5.9040002441e+02 5.9059997559e+02 5.9079998779e+02 5.9090002441e+02 5.9109997559e+02 5.9129998779e+02 5.9140002441e+02 5.9159997559e+02 5.9179998779e+02 5.9190002441e+02 5.9209997559e+02
5.8409997559e+02 5.8420001221e+02 5.8429998779e+02 5.8429998779e+02 5.8440002441e+02 5.8440002441e+02 5.8450000000e+02 5.8450000000e+02 5.8459997559e+02 5.8470001221e+02 5.8479998779e+02 5.8490002441e+02 5.8500000000e+02 5.8520001221e+02 5.8540002441e+02 5.8559997559e+02 5.8579998779e+02 5.8600000000e+02 5.8620001221e+02 5.8640002441e+02 5.8659997559e+02 5.8670001221e+02 5.8690002441e+02 5.8709997559e+02 5.8740002441e+02 5.8770001221e+02 5.8809997559e+02 5.8850000000e+02 5.8879998779e+02 5.8909997559e+02 5.8950000000e+02 5.8970001221e+02 5.8990002441e+02 5.9009997559e+02 5.9020001221e+02 5.9040002441e+02 5.9050000000e+02 5.9070001221e+02 5.9090002441e+02 5.9109997559e+02 5.9120001221e+02 5.9140002441e+02 5.9159997559e+02 5.9170001221e+02 5.9190002441e+02 5.9209997559e+02
5.8409997559e+02 5.8420001221e+02 5.8429998779e+02 5.8429998779e+02 5.8429998779e+02 5.8440002441e+02 5.8450000000e+02 5.8450000000e+02 5.8459997559e+02 5.8470001221e+02 5.8479998779e+02 5.8490002441e+02 5.8500000000e+02 5.8520001221e+02 5.8540002441e+02 5.8559997559e+02 5.8579998779e+02 5.8600000000e+02 5.8620001221e+02 5.8640002441e+02 5.8659997559e+02 5.8670001221e+02 5.8690002441e+02 5.8709997559e+02 5.8740002441e+02 5.8770001221e+02 5.8809997559e+02 5.8850000000e+02 5.8879998779e+02 5.8920001221e+02 5.8940002441e+02 5.8970001221e+02 5.8990002441e+02 5.9000000000e+02 5.9020001221e+02 5.9029998779e+02 5.9050000000e+02 5.9070001221e+02 5.9090002441e+02 5.9100000000e+02 5.9120001221e+02 5.9140002441e+02 5.9150000000e+02 5.9159997559e+02 5.9179998779e+02 5.9200000000e+02
5.8409997559e+02 5.8420001221e+02 5.8429998779e+02 5.8429998779e+02 5.8440002441e+02 5.8440002441e+02 5.8450000000e+02 5.8450000000e+02 5.8459997559e+02 5.8470001221e+02 5.8479998779e+02 5.8490002441e+02 5.8500000000e+02 5.8520001221e+02 5.8540002441e+02 5.8559997559e+02 5.8579998779e+02 5.8600000000e+02 5.8620001221e+02 5.8640002441e+02 5.8650000000e+02 5.8670001221e+02 5.8690002441e+02 5.8709997559e+02 5.8740002441e+02 5.8770001221e+02 5.8809997559e+02 5.8840002441e+02 5.8879998779e+02 5.8920001221e+02 5.8940002441e+02 5.8959997559e+02 5.8979998779e+02 5.9000000000e+02 5.9009997559e+02 5.9029998779e+02 5.9050000000e+02 5.9059997559e+02 5.9079998779e+02 5.9100000000e+02 5.9120001221e+02 5.9140002441e+02 5.9150000000e+02 5.9159997559e+02 5.9179998779e+02 5.9200000000e+02
5.8420001221e+02 5.8420001221e+02 5.8429998779e+02 5.8440002441e+02 5.8440002441e+02 5.8450000000e+02 5.8450000000e+02 5.8450000000e+02 5.8459997559e+02 5.8470001221e+02 5.8479998779e+02 5.8490002441e+02 5.8509997559e+02 5.8529998779e+02 5.8550000000e+02 5.8559997559e+02 5.8579998779e+02 5.8600000000e+02 5.8620001221e+02 5.8640002441e+02 5.8650000000e+02 5.8670001221e+02 5.8690002441e+02 5.8709997559e+02 5.8740002441e+02 5.8770001221e+02 5.8809997559e+02 5.8840002441e+02 5.8879998779e+02 5.8909997559e+02 5.8940002441e+02 5.8959997559e+02 5.8970001221e+02 5.8990002441e+02 5.9000000000e+02 5.9020001221e+02 5.9040002441e+02 5.9059997559e+02 5.9079998779e+02 5.9100000000e+02 5.9109997559e+02 5.9129998779e+02 5.9150000000e+02 5.9159997559e+02 5.9179998779e+02 5.9190002441e+02
5.8409997559e+02 5.8420001221e+02 5.8429998779e+02 5.8440002441e+02 5.8440002441e+02 5.8450000000e+02 5.8450000000e+02 5.8459997559e+02 5.8459997559e+02 5.8470001221e+02 5.8479998779e+02 5.8490002441e+02 5.8509997559e+02 5.8529998779e+02 5.8550000000e+02 5.8559997559e+02 5.8579998779e+02 5.8600000000e+02 5.8620001221e+02 5.8640002441e+02 5.8650000000e+02 5.8670001221e+02 5.8690002441e+02 5.8720001221e+02 5.8740002441e+02 5.8770001221e+02 5.8809997559e+02 5.8840002441e+02 5.8870001221e+02 5.8909997559e+02 5.8940002441e+02 5.8950000000e+02 5.8970001221e+02 5.8979998779e+02 5.9000000000e+02 5.9020001221e+02 5.9040002441e+02 5.9050000000e+02 5.9070001221e+02 5.9090002441e+02 5.9109997559e+02 5.9129998779e+02 5.9140002441e+02 5.9159997559e+02 5.9179998779e+02 5.9190002441e+02
5.8409997559e+02 5.8420001221e+02 5.8429998779e+02 5.8440002441e+02 5.8440002441e+02 5.8450000000e+02 5.8459997559e+02 5.8459997559e+02 5.8459997559e+02 5.8470001221e+02 5.8479998779e+02 5.8490002441e+02 5.8509997559e+02 5.8529998779e+02 5.8550000000e+02 5.8559997559e+02 5.8579998779e+02 5.8600000000e+02 5.8609997559e+02 5.8629998779e+02 5.8650000000e+02 5.8670001221e+02 5.8690002441e+02 5.8709997559e+02 5.8740002441e+02 5.8770001221e+02 5.8809997559e+02 5.8840002441e+02 5.8879998779e+02 5.8909997559e+02 5.8940002441e+02 5.8950000000e+02 5.8959997559e+02 5.8979998779e+02 5.8990002441e+02 5.9009997559e+02 5.9029998779e+02 5.9050000000e+02 5.9070001221e+02 5.9090002441e+02 5.9100000000e+02 5.9120001221e+02 5.9140002441e+02 5.9150000000e+02 5.9170001221e+02 5.9190002441e+02
5.8409997559e+02 5.8420001221e+02 5.8429998779e+02 5.8429998779e+02 5.8440002441e+02 5.8450000000e+02 5.8459997559e+02 5.8459997559e+02 5.8470001221e+02 5.8479998779e+02 5.8479998779e+02 5.8490002441e+02 5.8509997559e+02 5.8529998779e+02 5.8550000000e+02 5.8559997559e+02 5.8579998779e+02 5.8600000000e+02 5.8609997559e+02 5.8629998779e+02 5.8650000000e+02 5.8659997559e+02 5.8679998779e+02 5.8709997559e+02 5.8740002441e+02 5.8770001221e+02 5.8800000000e+02 5.8840002441e+02 5.8879998779e+02 5.8909997559e+02 5.8929998779e+02 5.8950000000e+02 5.8959997559e+02 5.8970001221e+02 5.8990002441e+02 5.9009997559e+02 5.9029998779e+02 5.9050000000e+02 5.9059997559e+02 5.9079998779e+02 5.9100000000e+02 5.9109997559e+02 5.9129998779e+02 5.9150000000e+02 5.9159997559e+02 5.9179998779e+02
5.8409997559e+02 5.8420001221e+02 5.8429998779e+02 5.8429998779e+02 5.8440002441e+02 5.8450000000e+02 5.8459997559e+02 5.8459997559e+02 5.8470001221e+02 5.8479998779e+02 5.8479998779e+02 5.8490002441e+02 5.8509997559e+02 5.8529998779e+02 5.8550000000e+02 5.8559997559e+02 5.8579998779e+02 5.8590002441e+02 5.8609997559e+02 5.8629998779e+02 5.8640002441e+02 5.8659997559e+02 5.8679998779e+02 5.8709997559e+02 5.8740002441e+02 5.8770001221e+02 5.8800000000e+02 5.8840002441e+02 5.8879998779e+02 5.8909997559e+02 5.8929998779e+02 5.8940002441e+02 5.8950000000e+02 5.8970001221e+02 5.8990002441e+02 5.9000000000e+02 5.9020001221e+02 5.9040002441e+02 5.9059997559e+02 5.9070001221e+02 5.9090002441e+02 5.9109997559e+02 5.9120001221e+02 5.9140002441e+02 5.9150000000e+02 5.9170001221e+02
5.8400000000e+02 5.8420001221e+02 5.8420001221e+02 5.8429998779e+02 5.8440002441e+02 5.8450000000e+02 5.8450000000e+02 5.8459997559e+02 5.8470001221e+02 5.8479998779e+02 5.8490002441e+02 5.8490002441e+02 5.8509997559e+02 5.8529998779e+02 5.8550000000e+02 5.8559997559e+02 5.8579998779e+02 5.8590002441e+02 5.8609997559e+02 5.8620001221e+02 5.8640002441e+02 5.8659997559e+02 5.8679998779e+02 5.8709997559e+02 5.8740002441e+02 5.8770001221e+02 5.8800000000e+02 5.8840002441e+02 5.8870001221e+02 5.8909997559e+02 5.8929998779e+02 5.8940002441e+02 5.8950000000e+02 5.8959997559e+02 5.8979998779e+02 5.9000000000e+02 5.9020001221e+02 5.9029998779e+02 5.9050000000e+02 5.9070001221e+02 5.9090002441e+02 5.9100000000e+02 5.9120001221e+02 5.9129998779e+02 5.9150000000e+02 5.9170001221e+02
5.8400000000e+02 5.8409997559e+02 5.8420001221e+02 5.8429998779e+02 5.8440002441e+02 5.8440002441e+02 5.8450000000e+02 5.8450000000e+02 5.8459997559e+02 5.8479998779e+02 5.8479998779e+02 5.8490002441e+02 5.8509997559e+02 5.8529998779e+02 5.8540002441e+02 5.8559997559e+02 5.8570001221e+02 5.8590002441e+02 5.8600000000e+02 5.8620001221e+02 5.8640002441e+02 5.8659997559e+02 5.8679998779e+02 5.8709997559e+02 5.8740002441e+02 5.8770001221e+02 5.8800000000e+02 5.8829998779e+02 5.8870001221e+02 5.8900000000e+02 5.8920001221e+02 5.8929998779e+02 5.8950000000e+02 5.8959997559e+02 5.8970001221e+02 5.8990002441e+02 5.9009997559e+02 5.9029998779e+02 5.9050000000e+02 5.9070001221e+02 5.9079998779e+02 5.9100000000e+02 5.9109997559e+02 5.9129998779e+02 5.9140002441e+02 5.9159997559e+02
5.8400000000e+02 5.8409997559e+02 5.8420001221e+02 5.8429998779e+02 5.8429998779e+02 5.8440002441e+02 5.8440002441e+02 5.8450000000e+02 5.8459997559e+02 5.8470001221e+02 5.8490002441e+02 5.8500000000e+02 5.8509997559e+02 5.8529998779e+02 5.8540002441e+02 5.8559997559e+02 5.8570001221e+02 5.8590002441e+02 5.8600000000e+02 5.8620001221e+02 5.8640002441e+02 5.8659997559e+02 5.8679998779e+02 5.8709997559e+02 5.8740002441e+02 5.8759997559e+02 5.8800000000e+02 5.8829998779e+02 5.8870001221e+02 5.8900000000e+02 5.8909997559e+02 5.8929998779e+02 5.8940002441e+02 5.8950000000e+02 5.8970001221e+02 5.8990002441e+02 5.9000000000e+02 5.9020001221e+02 5.9040002441e+02 5.9059997559e+02 5.9079998779e+02 5.9090002441e+02 5.9109997559e+02 5.9120001221e+02 5.9140002441e+02 5.9159997559e+02
5.8400000000e+02 5.8409997559e+02 5.8420001221e+02 5.8420001221e+02 5.8429998779e+02 5.8429998779e+02 5.8440002441e+02 5.8450000000e+02 5.8459997559e+02 5.8470001221e+02 5.8479998779e+02 5.8500000000e+02 5.8509997559e+02 5.8529998779e+02 5.8540002441e+02 5.8550000000e+02 5.8570001221e+02 5.8590002441e+02 5.8600000000e+02 5.8620001221e+02 5.8640002441e+02 5.8659997559e+02 5.8679998779e+02 5.8709997559e+02 5.8740002441e+02 5.8759997559e+02 5.8800000000e+02 5.8829998779e+02 5.8870001221e+02 5.8890002441e+02 5.8909997559e+02 5.8920001221e+02 5.8929998779e+02 5.8950000000e+02 5.8970001221e+02 5.8979998779e+02 5.9000000000e+02 5.9020001221e+02 5.9040002441e+02 5.9050000000e+02 5.9070001221e+02 5.9090002441e+02 5.9100000000e+02 5.9109997559e+02 5.9129998779e+02 5.9150000000e+02
5.8390002441e+02 5.8400000000e+02 5.8409997559e+02 5.8420001221e+02 5.8429998779e+02 5.8429998779e+02 5.8440002441e+02 5.8450000000e+02 5.8459997559e+02 5.8470001221e+02 5.8479998779e+02 5.8490002441e+02 5.8509997559e+02 5.8529998779e+02 5.8540002441e+02 5.8550000000e+02 5.8570001221e+02 5.8590002441e+02 5.8600000000e+02 5.8620001221e+02 5.8640002441e+02 5.8659997559e+02 5.8679998779e+02 5.8709997559e+02 5.8740002441e+02 5.8759997559e+02 5.8790002441e+02 5.8829998779e+02 5.8859997559e+02 5.8890002441e+02 5.8900000000e+02 5.8920001221e+02 5.8929998779e+02 5.8950000000e+02 5.8959997559e+02 5.8979998779e+02 5.9000000000e+02 5.9009997559e+02 5.9029998779e+02 5.9050000000e+02 5.9070001221e+02 5.9079998779e+02 5.9100000000e+02 5.9109997559e+02 5.9120001221e+02 5.9140002441e+02
5.8379998779e+02 5.8390002441e+02 5.8400000000e+02 5.8409997559e+02 5.8420001221e+02 5.8429998779e+02 5.8440002441e+02 5.8450000000e+02 5.8450000000e+02 5.8470001221e+02 5.8479998779e+02 5.8490002441e+02 5.8509997559e+02 5.8529998779e+02 5.8540002441e+02 5.8550000000e+02 5.8570001221e+02 5.8590002441e+02 5.8600000000e+02 5.8620001221e+02 5.8640002441e+02 5.8659997559e+02 5.8679998779e+02 5.8709997559e+02 5.8729998779e+02 5.8759997559e+02 5.8790002441e+02 5.8829998779e+02 5.8859997559e+02 5.8879998779e+02 5.8900000000e+02 5.8909997559e+02 5.8929998779e+02 5.8940002441e+02 5.8959997559e+02 5.8970001221e+02 5.8990002441e+02 5.9009997559e+02 5.9029998779e+02 5.9040002441e+02 5.9059997559e+02 5.9079998779e+02 5.9090002441e+02 5.9100000000e+02 5.9109997559e+02 5.9129998779e+02
