DGM_1M_UPPER_AUSTRIA/36/16.asc
NCOLS 100
NROWS 100
XLLCORNER 6.3750500000e+04
YLLCORNER 2.9368850000e+05
CELLSIZE 1.0000000000e+00
NODATA_VALUE -9.9990000000e+03
[rows 80 to 99 of 100, columns 46 to 91 of 100]
5.8979998779e+02 5.9000000000e+02 5.9009997559e+02 5.9029998779e+02 5.9040002441e+02 5.9050000000e+02 5.9059997559e+02 5.9070001221e+02 5.9070001221e+02 5.9079998779e+02 5.9090002441e+02 5.9100000000e+02 5.9100000000e+02 5.9109997559e+02 5.9109997559e+02 5.9120001221e+02 5.9120001221e+02 5.9129998779e+02 5.9129998779e+02 5.9140002441e+02 5.9140002441e+02 5.9150000000e+02 5.9150000000e+02 5.9159997559e+02 5.9159997559e+02 5.9159997559e+02 5.9170001221e+02 5.9170001221e+02 5.9170001221e+02 5.9170001221e+02 5.9170001221e+02 5.9170001221e+02 5.9170001221e+02 5.9170001221e+02 5.9170001221e+02 5.9170001221e+02 5.9170001221e+02 5.9170001221e+02 5.9179998779e+02 5.9170001221e+02 5.9170001221e+02 5.9170001221e+02 5.9170001221e+02 5.9170001221e+02 5.9159997559e+02 5.9159997559e+02
5.8970001221e+02 5.8990002441e+02 5.9000000000e+02 5.9020001221e+02 5.9029998779e+02 5.9040002441e+02 5.9050000000e+02 5.9050000000e+02 5.9059997559e+02 5.9070001221e+02 5.9079998779e+02 5.9079998779e+02 5.9090002441e+02 5.9090002441e+02 5.9100000000e+02 5.9100000000e+02 5.9109997559e+02 5.9120001221e+02 5.9120001221e+02 5.9120001221e+02 5.9129998779e+02 5.9129998779e+02 5.9140002441e+02 5.9140002441e+02 5.9150000000e+02 5.9150000000e+02 5.9150000000e+02 5.9150000000e+02 5.9150000000e+02 5.9159997559e+02 5.9159997559e+02 5.9159997559e+02 5.9159997559e+02 5.9159997559e+02 5.9159997559e+02 5.9159997559e+02 5.9159997559e+02 5.9159997559e+02 5.9159997559e+02 5.9159997559e+02 5.9159997559e+02 5.9159997559e+02 5.9159997559e+02 5.9159997559e+02 5.9150000000e+02 5.9159997559e+02
5.8959997559e+02 5.8979998779e+02 5.8990002441e+02 5.9009997559e+02 5.9020001221e+02 5.9029998779e+02 5.9040002441e+02 5.9040002441e+02 5.9050000000e+02 5.9059997559e+02 5.9070001221e+02 5.9070001221e+02 5.9070001221e+02 5.9079998779e+02 5.9079998779e+02 5.9090002441e+02 5.9100000000e+02 5.9100000000e+02 5.9100000000e+02 5.9109997559e+02 5.9109997559e+02 5.9120001221e+02 5.9120001221e+02 5.9129998779e+02 5.9129998779e+02 5.9129998779e+02 5.9129998779e+02 5.9140002441e+02 5.9140002441e+02 5.9140002441e+02 5.9140002441e+02 5.9140002441e+02 5.9140002441e+02 5.9150000000e+02 5.9150000000e+02 5.9150000000e+02 5.9150000000e+02 5.9150000000e+02 5.9150000000e+02 5.9150000000e+02 5.9150000000e+02 5.9150000000e+02 5.9150000000e+02 5.9150000000e+02 5.9150000000e+02 5.9140002441e+02
5.8950000000e+02 5.8970001221e+02 5.8979998779e+02 5.8990002441e+02 5.9009997559e+02 5.9020001221e+02 5.9029998779e+02 5.9029998779e+02 5.9040002441e+02 5.9050000000e+02 5.9050000000e+02 5.9059997559e+02 5.9059997559e+02 5.9070001221e+02 5.9070001221e+02 5.9079998779e+02 5.9079998779e+02 5.9079998779e+02 5.9090002441e+02 5.9090002441e+02 5.9100000000e+02 5.9100000000e+02 5.9109997559e+02 5.9109997559e+02 5.9109997559e+02 5.9120001221e+02 5.9120001221e+02 5.9120001221e+02 5.9120001221e+02 5.9120001221e+02 5.9129998779e+02 5.9129998779e+02 5.9129998779e+02 5.9129998779e+02 5.9129998779e+02 5.9129998779e+02 5.9129998779e+02 5.9129998779e+02 5.9140002441e+02 5.9140002441e+02 5.9140002441e+02 5.9129998779e+02 5.9129998779e+02 5.9129998779e+02 5.9129998779e+02 5.9129998779e+02
5.8940002441e+02 5.8959997559e+02 5.8970001221e+02 5.8979998779e+02 5.9000000000e+02 5.9009997559e+02 5.9020001221e+02 5.9020001221e+02 5.9029998779e+02 5.9029998779e+02 5.9040002441e+02 5.9040002441e+02 5.9050000000e+02 5.9050000000e+02 5.9059997559e+02 5.9059997559e+02 5.9070001221e+02 5.9070001221e+02 5.9070001221e+02 5.9079998779e+02 5.9079998779e+02 5.9090002441e+02 5.9090002441e+02 5.9090002441e+02 5.9100000000e+02 5.9100000000e+02 5.9100000000e+02 5.9109997559e+02 5.9109997559e+02 5.9109997559e+02 5.9109997559e+02 5.9109997559e+02 5.9120001221e+02 5.9120001221e+02 5.9120001221e+02 5.9120001221e+02 5.9120001221e+02 5.9120001221e+02 5.9129998779e+02 5.9129998779e+02 5.9129998779e+02 5.9120001221e+02 5.9120001221e+02 5.9120001221e+02 5.9109997559e+02 5.9109997559e+02
5.8929998779e+02 5.8950000000e+02 5.8959997559e+02 5.8979998779e+02 5.8990002441e+02 5.9000000000e+02 5.9009997559e+02 5.9009997559e+02 5.9020001221e+02 5.9020001221e+02 5.9029998779e+02 5.9029998779e+02 5.9029998779e+02 5.9040002441e+02 5.9040002441e+02 5.9050000000e+02 5.9050000000e+02 5.9059997559e+02 5.9059997559e+02 5.9070001221e+02 5.9070001221e+02 5.9070001221e+02 5.9070001221e+02 5.9079998779e+02 5.9079998779e+02 5.9079998779e+02 5.9090002441e+02 5.9090002441e+02 5.9100000000e+02 5.9100000000e+02 5.9100000000e+02 5.9100000000e+02 5.9109997559e+02 5.9109997559e+02 5.9109997559e+02 5.9109997559e+02 5.9109997559e+02 5.9109997559e+02 5.9109997559e+02 5.9109997559e+02 5.9109997559e+02 5.9109997559e+02 5.9100000000e+02 5.9100000000e+02 5.9090002441e+02 5.9090002441e+02
5.8920001221e+02 5.8929998779e+02 5.8950000000e+02 5.8959997559e+02 5.8979998779e+02 5.8990002441e+02 5.9000000000e+02 5.9000000000e+02 5.9000000000e+02 5.9009997559e+02 5.9020001221e+02 5.9020001221e+02 5.9020001221e+02 5.9029998779e+02 5.9029998779e+02 5.9029998779e+02 5.9029998779e+02 5.9040002441e+02 5.9050000000e+02 5.9050000000e+02 5.9050000000e+02 5.9059997559e+02 5.9059997559e+02 5.9070001221e+02 5.9070001221e+02 5.9070001221e+02 5.9070001221e+02 5.9079998779e+02 5.9079998779e+02 5.9090002441e+02 5.9090002441e+02 5.9090002441e+02 5.9100000000e+02 5.9100000000e+02 5.9100000000e+02 5.9100000000e+02 5.9100000000e+02 5.9100000000e+02 5.9100000000e+02 5.9090002441e+02 5.9090002441e+02 5.9090002441e+02 5.9079998779e+02 5.9079998779e+02 5.9070001221e+02 5.9059997559e+02
5.8909997559e+02 5.8920001221e+02 5.8929998779e+02 5.8950000000e+02 5.8959997559e+02 5.8979998779e+02 5.8979998779e+02 5.8990002441e+02 5.8990002441e+02 5.9000000000e+02 5.9000000000e+02 5.9009997559e+02 5.9009997559e+02 5.9009997559e+02 5.9020001221e+02 5.9020001221e+02 5.9020001221e+02 5.9029998779e+02 5.9029998779e+02 5.9029998779e+02 5.9040002441e+02 5.9040002441e+02 5.9050000000e+02 5.9050000000e+02 5.9059997559e+02 5.9059997559e+02 5.9059997559e+02 5.9070001221e+02 5.9070001221e+02 5.9079998779e+02 5.9079998779e+02 5.9079998779e+02 5.9079998779e+02 5.9079998779e+02 5.9090002441e+02 5.9090002441e+02 5.9079998779e+02 5.9079998779e+02 5.9070001221e+02 5.9070001221e+02 5.9070001221e+02 5.9059997559e+02 5.9059997559e+02 5.9050000000e+02 5.9040002441e+02 5.9029998779e+02
5.8900000000e+02 5.8909997559e+02 5.8920001221e+02 5.8940002441e+02 5.8950000000e+02 5.8959997559e+02 5.8970001221e+02 5.8970001221e+02 5.8979998779e+02 5.8979998779e+02 5.8990002441e+02 5.8990002441e+02 5.9000000000e+02 5.9000000000e+02 5.9000000000e+02 5.9009997559e+02 5.9009997559e+02 5.9020001221e+02 5.9020001221e+02 5.9020001221e+02 5.9029998779e+02 5.9029998779e+02 5.9029998779e+02 5.9040002441e+02 5.9040002441e+02 5.9050000000e+02 5.9059997559e+02 5.9059997559e+02 5.9059997559e+02 5.9070001221e+02 5.9070001221e+02 5.9070001221e+02 5.9070001221e+02 5.9070001221e+02 5.9070001221e+02 5.9070001221e+02 5.9070001221e+02 5.9059997559e+02 5.9059997559e+02 5.9050000000e+02 5.9040002441e+02 5.9029998779e+02 5.9029998779e+02 5.9020001221e+02 5.9009997559e+02 5.8990002441e+02
5.8890002441e+02 5.8900000000e+02 5.8909997559e+02 5.8920001221e+02 5.8940002441e+02 5.8950000000e+02 5.8950000000e+02 5.8959997559e+02 5.8959997559e+02 5.8970001221e+02 5.8970001221e+02 5.8979998779e+02 5.8979998779e+02 5.8979998779e+02 5.8990002441e+02 5.8990002441e+02 5.9000000000e+02 5.9000000000e+02 5.9009997559e+02 5.9009997559e+02 5.9020001221e+02 5.9020001221e+02 5.9020001221e+02 5.9029998779e+02 5.9029998779e+02 5.9040002441e+02 5.9050000000e+02 5.9050000000e+02 5.9050000000e+02 5.9050000000e+02 5.9050000000e+02 5.9050000000e+02 5.9050000000e+02 5.9050000000e+02 5.9050000000e+02 5.9050000000e+02 5.9040002441e+02 5.9040002441e+02 5.9029998779e+02 5.9020001221e+02 5.9009997559e+02 5.9000000000e+02 5.8990002441e+02 5.8979998779e+02 5.8970001221e+02 5.8959997559e+02
5.8879998779e+02 5.8890002441e+02 5.8900000000e+02 5.8909997559e+02 5.8920001221e+02 5.8929998779e+02 5.8940002441e+02 5.8950000000e+02 5.8950000000e+02 5.8959997559e+02 5.8959997559e+02 5.8970001221e+02 5.8970001221e+02 5.8970001221e+02 5.8979998779e+02 5.8979998779e+02 5.8979998779e+02 5.8990002441e+02 5.9000000000e+02 5.9000000000e+02 5.9000000000e+02 5.9009997559e+02 5.9009997559e+02 5.9020001221e+02 5.9020001221e+02 5.9029998779e+02 5.9029998779e+02 5.9029998779e+02 5.9029998779e+02 5.9040002441e+02 5.9029998779e+02 5.9029998779e+02 5.9029998779e+02 5.9029998779e+02 5.9029998779e+02 5.9020001221e+02 5.9009997559e+02 5.9000000000e+02 5.9000000000e+02 5.8990002441e+02 5.8979998779e+02 5.8970001221e+02 5.8959997559e+02 5.8940002441e+02 5.8929998779e+02 5.8920001221e+02
5.8870001221e+02 5.8879998779e+02 5.8890002441e+02 5.8900000000e+02 5.8909997559e+02 5.8920001221e+02 5.8929998779e+02 5.8929998779e+02 5.8940002441e+02 5.8950000000e+02 5.8950000000e+02 5.8959997559e+02 5.8959997559e+02 5.8959997559e+02 5.8970001221e+02 5.8970001221e+02 5.8970001221e+02 5.8979998779e+02 5.8979998779e+02 5.8990002441e+02 5.8990002441e+02 5.9000000000e+02 5.9000000000e+02 5.9009997559e+02 5.9009997559e+02 5.9009997559e+02 5.9009997559e+02 5.9009997559e+02 5.9009997559e+02 5.9009997559e+02 5.9009997559e+02 5.9009997559e+02 5.9000000000e+02 5.9000000000e+02 5.9000000000e+02 5.8990002441e+02 5.8979998779e+02 5.8970001221e+02 5.8959997559e+02 5.8950000000e+02 5.8940002441e+02 5.8929998779e+02 5.8920001221e+02 5.8900000000e+02 5.8890002441e+02 5.8879998779e+02
5.8850000000e+02 5.8859997559e+02 5.8879998779e+02 5.8879998779e+02 5.8890002441e+02 5.8900000000e+02 5.8909997559e+02 5.8920001221e+02 5.8929998779e+02 5.8940002441e+02 5.8940002441e+02 5.8950000000e+02 5.8950000000e+02 5.8950000000e+02 5.8950000000e+02 5.8959997559e+02 5.8959997559e+02 5.8970001221e+02 5.8970001221e+02 5.8979998779e+02 5.8979998779e+02 5.8990002441e+02 5.8990002441e+02 5.8990002441e+02 5.8990002441e+02 5.8990002441e+02 5.8990002441e+02 5.8990002441e+02 5.8990002441e+02 5.8990002441e+02 5.8979998779e+02 5.8979998779e+02 5.8979998779e+02 5.8970001221e+02 5.8959997559e+02 5.8959997559e+02 5.8950000000e+02 5.8940002441e+02 5.8929998779e+02 5.8909997559e+02 5.8900000000e+02 5.8890002441e+02 5.8879998779e+02 5.8870001221e+02 5.8859997559e+02 5.8850000000e+02
5.8829998779e+02 5.8850000000e+02 5.8859997559e+02 5.8870001221e+02 5.8879998779e+02 5.8890002441e+02 5.8900000000e+02 5.8909997559e+02 5.8920001221e+02 5.8929998779e+02 5.8929998779e+02 5.8929998779e+02 5.8940002441e+02 5.8940002441e+02 5.8940002441e+02 5.8950000000e+02 5.8950000000e+02 5.8959997559e+02 5.8959997559e+02 5.8959997559e+02 5.8970001221e+02 5.8970001221e+02 5.8970001221e+02 5.8970001221e+02 5.8970001221e+02 5.8970001221e+02 5.8970001221e+02 5.8959997559e+02 5.8959997559e+02 5.8959997559e+02 5.8950000000e+02 5.8950000000e+02 5.8950000000e+02 5.8940002441e+02 5.8929998779e+02 5.8920001221e+02 5.8909997559e+02 5.8900000000e+02 5.8890002441e+02 5.8879998779e+02 5.8870001221e+02 5.8859997559e+02 5.8850000000e+02 5.8840002441e+02 5.8829998779e+02 5.8809997559e+02
5.8820001221e+02 5.8829998779e+02 5.8840002441e+02 5.8850000000e+02 5.8859997559e+02 5.8870001221e+02 5.8879998779e+02 5.8890002441e+02 5.8909997559e+02 5.8920001221e+02 5.8920001221e+02 5.8920001221e+02 5.8929998779e+02 5.8929998779e+02 5.8929998779e+02 5.8940002441e+02 5.8940002441e+02 5.8940002441e+02 5.8940002441e+02 5.8940002441e+02 5.8940002441e+02 5.8950000000e+02 5.8950000000e+02 5.8940002441e+02 5.8940002441e+02 5.8940002441e+02 5.8940002441e+02 5.8940002441e+02 5.8929998779e+02 5.8929998779e+02 5.8920001221e+02 5.8909997559e+02 5.8909997559e+02 5.8900000000e+02 5.8890002441e+02 5.8879998779e+02 5.8879998779e+02 5.8870001221e+02 5.8859997559e+02 5.8850000000e+02 5.8840002441e+02 5.8829998779e+02 5.8820001221e+02 5.8809997559e+02 5.8790002441e+02 5.8779998779e+02
5.8809997559e+02 5.8820001221e+02 5.8829998779e+02 5.8829998779e+02 5.8840002441e+02 5.8850000000e+02 5.8870001221e+02 5.8879998779e+02 5.8890002441e+02 5.8900000000e+02 5.8909997559e+02 5.8909997559e+02 5.8909997559e+02 5.8920001221e+02 5.8920001221e+02 5.8920001221e+02 5.8920001221e+02 5.8920001221e+02 5.8920001221e+02 5.8920001221e+02 5.8920001221e+02 5.8920001221e+02 5.8920001221e+02 5.8920001221e+02 5.8920001221e+02 5.8909997559e+02 5.8909997559e+02 5.8900000000e+02 5.8900000000e+02 5.8890002441e+02 5.8879998779e+02 5.8879998779e+02 5.8870001221e+02 5.8859997559e+02 5.8850000000e+02 5.8850000000e+02 5.8840002441e+02 5.8840002441e+02 5.8829998779e+02 5.8820001221e+02 5.8800000000e+02 5.8790002441e+02 5.8790002441e+02 5.8779998779e+02 5.8770001221e+02 5.8759997559e+02
5.8800000000e+02 5.8809997559e+02 5.8809997559e+02 5.8820001221e+02 5.8829998779e+02 5.8829998779e+02 5.8850000000e+02 5.8859997559e+02 5.8870001221e+02 5.8879998779e+02 5.8890002441e+02 5.8900000000e+02 5.8900000000e+02 5.8900000000e+02 5.8900000000e+02 5.8900000000e+02 5.8900000000e+02 5.8900000000e+02 5.8900000000e+02 5.8900000000e+02 5.8900000000e+02 5.8890002441e+02 5.8890002441e+02 5.8890002441e+02 5.8890002441e+02 5.8879998779e+02 5.8870001221e+02 5.8870001221e+02 5.8859997559e+02 5.8850000000e+02 5.8850000000e+02 5.8840002441e+02 5.8829998779e+02 5.8829998779e+02 5.8820001221e+02 5.8820001221e+02 5.8809997559e+02 5.8800000000e+02 5.8800000000e+02 5.8790002441e+02 5.8779998779e+02 5.8770001221e+02 5.8770001221e+02 5.8759997559e+02 5.8750000000e+02 5.8740002441e+02
5.8790002441e+02 5.8790002441e+02 5.8800000000e+02 5.8800000000e+02 5.8809997559e+02 5.8820001221e+02 5.8829998779e+02 5.8840002441e+02 5.8850000000e+02 5.8870001221e+02 5.8879998779e+02 5.8879998779e+02 5.8879998779e+02 5.8879998779e+02 5.8879998779e+02 5.8879998779e+02 5.8870001221e+02 5.8870001221e+02 5.8870001221e+02 5.8870001221e+02 5.8870001221e+02 5.8859997559e+02 5.8859997559e+02 5.8850000000e+02 5.8850000000e+02 5.8840002441e+02 5.8840002441e+02 5.8829998779e+02 5.8829998779e+02 5.8820001221e+02 5.8809997559e+02 5.8800000000e+02 5.8800000000e+02 5.8800000000e+02 5.8790002441e+02 5.8790002441e+02 5.8779998779e+02 5.8779998779e+02 5.8770001221e+02 5.8770001221e+02 5.8759997559e+02 5.8750000000e+02 5.8750000000e+02 5.8740002441e+02 5.8729998779e+02 5.8729998779e+02
5.8770001221e+02 5.8779998779e+02 5.8779998779e+02 5.8779998779e+02 5.8790002441e+02 5.8800000000e+02 5.8809997559e+02 5.8820001221e+02 5.8840002441e+02 5.8850000000e+02 5.8859997559e+02 5.8859997559e+02 5.8859997559e+02 5.8859997559e+02 5.8859997559e+02 5.8850000000e+02 5.8840002441e+02 5.8840002441e+02 5.8840002441e+02 5.8829998779e+02 5.8829998779e+02 5.8829998779e+02 5.8820001221e+02 5.8809997559e+02 5.8809997559e+02 5.8809997559e+02 5.8800000000e+02 5.8800000000e+02 5.8790002441e+02 5.8779998779e+02 5.8779998779e+02 5.8770001221e+02 5.8770001221e+02 5.8770001221e+02 5.8770001221e+02 5.8770001221e+02 5.8770001221e+02 5.8759997559e+02 5.8750000000e+02 5.8750000000e+02 5.8740002441e+02 5.8740002441e+02 5.8729998779e+02 5.8720001221e+02 5.8720001221e+02 5.8709997559e+02
5.8770001221e+02 5.8770001221e+02 5.8770001221e+02 5.8770001221e+02 5.8779998779e+02 5.8790002441e+02 5.8800000000e+02 5.8809997559e+02 5.8820001221e+02 5.8829998779e+02 5.8840002441e+02 5.8840002441e+02 5.8840002441e+02 5.8829998779e+02 5.8829998779e+02 5.8820001221e+02 5.8809997559e+02 5.8809997559e+02 5.8800000000e+02 5.8800000000e+02 5.8790002441e+02 5.8790002441e+02 5.8779998779e+02 5.8779998779e+02 5.8779998779e+02 5.8770001221e+02 5.8770001221e+02 5.8759997559e+02 5.8759997559e+02 5.8750000000e+02 5.8750000000e+02 5.8750000000e+02 5.8750000000e+02 5.8750000000e+02 5.8750000000e+02 5.8750000000e+02 5.8750000000e+02 5.8740002441e+02 5.8729998779e+02 5.8729998779e+02 5.8720001221e+02 5.8720001221e+02 5.8709997559e+02 5.8709997559e+02 5.8700000000e+02 5.8690002441e+02
