DGM_1M_UPPER_AUSTRIA/36/24.asc
NCOLS 100
NROWS 100
XLLCORNER 6.3750500000e+04
YLLCORNER 2.9288850000e+05
CELLSIZE 1.0000000000e+00
NODATA_VALUE -9.9990000000e+03
[rows 80 to 99 of 100, columns 46 to 91 of 100]
5.0360000610e+02 5.0350000000e+02 5.0339999390e+02 5.0339999390e+02 5.0339999390e+02 5.0339999390e+02 5.0339999390e+02 5.0339999390e+02 5.0339999390e+02 5.0329998779e+02 5.0329998779e+02 5.0329998779e+02 5.0339999390e+02 5.0350000000e+02 5.0350000000e+02 5.0350000000e+02 5.0339999390e+02 5.0329998779e+02 5.0320001221e+02 5.0320001221e+02 5.0320001221e+02 5.0320001221e+02 5.0329998779e+02 5.0329998779e+02 5.0329998779e+02 5.0329998779e+02 5.0329998779e+02 5.0339999390e+02 5.0329998779e+02 5.0329998779e+02 5.0329998779e+02 5.0329998779e+02 5.0329998779e+02 5.0339999390e+02 5.0339999390e+02 5.0339999390e+02 5.0339999390e+02 5.0339999390e+02 5.0329998779e+02 5.0339999390e+02 5.0339999390e+02 5.0339999390e+02 5.0339999390e+02 5.0329998779e+02 5.0329998779e+02 5.0329998779e+02
5.0370001221e+02 5.0360000610e+02 5.0360000610e+02 5.0350000000e+02 5.0339999390e+02 5.0339999390e+02 5.0339999390e+02 5.0339999390e+02 5.0339999390e+02 5.0339999390e+02 5.0339999390e+02 5.0339999390e+02 5.0360000610e+02 5.0360000610e+02 5.0360000610e+02 5.0350000000e+02 5.0339999390e+02 5.0329998779e+02 5.0329998779e+02 5.0329998779e+02 5.0320001221e+02 5.0320001221e+02 5.0329998779e+02 5.0329998779e+02 5.0329998779e+02 5.0329998779e+02 5.0339999390e+02 5.0339999390e+02 5.0339999390e+02 5.0329998779e+02 5.0339999390e+02 5.0339999390e+02 5.0339999390e+02 5.0339999390e+02 5.0339999390e+02 5.0339999390e+02 5.0339999390e+02 5.0339999390e+02 5.0329998779e+02 5.0339999390e+02 5.0339999390e+02 5.0339999390e+02 5.0339999390e+02 5.0339999390e+02 5.0329998779e+02 5.0339999390e+02
5.0370001221e+02 5.0370001221e+02 5.0370001221e+02 5.0370001221e+02 5.0360000610e+02 5.0360000610e+02 5.0360000610e+02 5.0350000000e+02 5.0360000610e+02 5.0360000610e+02 5.0350000000e+02 5.0360000610e+02 5.0370001221e+02 5.0379998779e+02 5.0370001221e+02 5.0350000000e+02 5.0339999390e+02 5.0339999390e+02 5.0339999390e+02 5.0339999390e+02 5.0329998779e+02 5.0329998779e+02 5.0339999390e+02 5.0339999390e+02 5.0339999390e+02 5.0329998779e+02 5.0329998779e+02 5.0339999390e+02 5.0339999390e+02 5.0339999390e+02 5.0339999390e+02 5.0350000000e+02 5.0350000000e+02 5.0350000000e+02 5.0350000000e+02 5.0350000000e+02 5.0339999390e+02 5.0339999390e+02 5.0339999390e+02 5.0339999390e+02 5.0339999390e+02 5.0350000000e+02 5.0350000000e+02 5.0339999390e+02 5.0339999390e+02 5.0339999390e+02
5.0400000000e+02 5.0400000000e+02 5.0400000000e+02 5.0400000000e+02 5.0389999390e+02 5.0379998779e+02 5.0370001221e+02 5.0370001221e+02 5.0370001221e+02 5.0370001221e+02 5.0370001221e+02 5.0379998779e+02 5.0389999390e+02 5.0389999390e+02 5.0379998779e+02 5.0360000610e+02 5.0360000610e+02 5.0350000000e+02 5.0350000000e+02 5.0339999390e+02 5.0350000000e+02 5.0350000000e+02 5.0350000000e+02 5.0350000000e+02 5.0339999390e+02 5.0329998779e+02 5.0329998779e+02 5.0339999390e+02 5.0339999390e+02 5.0339999390e+02 5.0350000000e+02 5.0360000610e+02 5.0360000610e+02 5.0360000610e+02 5.0360000610e+02 5.0360000610e+02 5.0360000610e+02 5.0350000000e+02 5.0350000000e+02 5.0350000000e+02 5.0350000000e+02 5.0350000000e+02 5.0360000610e+02 5.0360000610e+02 5.0350000000e+02 5.0360000610e+02
5.0429998779e+02 5.0429998779e+02 5.0429998779e+02 5.0420001221e+02 5.0410000610e+02 5.0410000610e+02 5.0400000000e+02 5.0389999390e+02 5.0389999390e+02 5.0389999390e+02 5.0389999390e+02 5.0400000000e+02 5.0410000610e+02 5.0400000000e+02 5.0389999390e+02 5.0379998779e+02 5.0370001221e+02 5.0370001221e+02 5.0360000610e+02 5.0360000610e+02 5.0360000610e+02 5.0360000610e+02 5.0360000610e+02 5.0360000610e+02 5.0350000000e+02 5.0350000000e+02 5.0350000000e+02 5.0350000000e+02 5.0350000000e+02 5.0360000610e+02 5.0370001221e+02 5.0370001221e+02 5.0370001221e+02 5.0379998779e+02 5.0379998779e+02 5.0379998779e+02 5.0370001221e+02 5.0370001221e+02 5.0360000610e+02 5.0360000610e+02 5.0360000610e+02 5.0370001221e+02 5.0370001221e+02 5.0370001221e+02 5.0370001221e+02 5.0379998779e+02
5.0470001221e+02 5.0460000610e+02 5.0460000610e+02 5.0450000000e+02 5.0439999390e+02 5.0429998779e+02 5.0420001221e+02 5.0410000610e+02 5.0410000610e+02 5.0410000610e+02 5.0410000610e+02 5.0420001221e+02 5.0420001221e+02 5.0420001221e+02 5.0410000610e+02 5.0400000000e+02 5.0389999390e+02 5.0389999390e+02 5.0379998779e+02 5.0379998779e+02 5.0379998779e+02 5.0379998779e+02 5.0379998779e+02 5.0379998779e+02 5.0379998779e+02 5.0370001221e+02 5.0360000610e+02 5.0370001221e+02 5.0370001221e+02 5.0370001221e+02 5.0379998779e+02 5.0389999390e+02 5.0389999390e+02 5.0389999390e+02 5.0389999390e+02 5.0389999390e+02 5.0389999390e+02 5.0389999390e+02 5.0379998779e+02 5.0379998779e+02 5.0379998779e+02 5.0389999390e+02 5.0389999390e+02 5.0389999390e+02 5.0400000000e+02 5.0410000610e+02
5.0489999390e+02 5.0489999390e+02 5.0489999390e+02 5.0470001221e+02 5.0470001221e+02 5.0460000610e+02 5.0439999390e+02 5.0429998779e+02 5.0429998779e+02 5.0429998779e+02 5.0429998779e+02 5.0439999390e+02 5.0439999390e+02 5.0429998779e+02 5.0420001221e+02 5.0420001221e+02 5.0420001221e+02 5.0410000610e+02 5.0400000000e+02 5.0400000000e+02 5.0400000000e+02 5.0400000000e+02 5.0400000000e+02 5.0400000000e+02 5.0400000000e+02 5.0389999390e+02 5.0389999390e+02 5.0400000000e+02 5.0400000000e+02 5.0400000000e+02 5.0400000000e+02 5.0400000000e+02 5.0400000000e+02 5.0400000000e+02 5.0400000000e+02 5.0410000610e+02 5.0420001221e+02 5.0420001221e+02 5.0420001221e+02 5.0410000610e+02 5.0410000610e+02 5.0420001221e+02 5.0420001221e+02 5.0420001221e+02 5.0429998779e+02 5.0439999390e+02
5.0520001221e+02 5.0510000610e+02 5.0500000000e+02 5.0500000000e+02 5.0489999390e+02 5.0479998779e+02 5.0460000610e+02 5.0450000000e+02 5.0450000000e+02 5.0450000000e+02 5.0450000000e+02 5.0460000610e+02 5.0460000610e+02 5.0450000000e+02 5.0450000000e+02 5.0439999390e+02 5.0439999390e+02 5.0429998779e+02 5.0429998779e+02 5.0429998779e+02 5.0429998779e+02 5.0420001221e+02 5.0420001221e+02 5.0420001221e+02 5.0420001221e+02 5.0429998779e+02 5.0429998779e+02 5.0429998779e+02 5.0420001221e+02 5.0420001221e+02 5.0420001221e+02 5.0429998779e+02 5.0429998779e+02 5.0429998779e+02 5.0429998779e+02 5.0439999390e+02 5.0439999390e+02 5.0450000000e+02 5.0450000000e+02 5.0439999390e+02 5.0439999390e+02 5.0450000000e+02 5.0460000610e+02 5.0460000610e+02 5.0470001221e+02 5.0479998779e+02
5.0539999390e+02 5.0529998779e+02 5.0520001221e+02 5.0510000610e+02 5.0510000610e+02 5.0510000610e+02 5.0489999390e+02 5.0470001221e+02 5.0470001221e+02 5.0470001221e+02 5.0479998779e+02 5.0470001221e+02 5.0470001221e+02 5.0470001221e+02 5.0460000610e+02 5.0460000610e+02 5.0460000610e+02 5.0450000000e+02 5.0450000000e+02 5.0450000000e+02 5.0450000000e+02 5.0450000000e+02 5.0450000000e+02 5.0450000000e+02 5.0450000000e+02 5.0450000000e+02 5.0450000000e+02 5.0460000610e+02 5.0450000000e+02 5.0450000000e+02 5.0450000000e+02 5.0450000000e+02 5.0460000610e+02 5.0460000610e+02 5.0460000610e+02 5.0470001221e+02 5.0470001221e+02 5.0479998779e+02 5.0479998779e+02 5.0479998779e+02 5.0489999390e+02 5.0489999390e+02 5.0489999390e+02 5.0500000000e+02 5.0510000610e+02 5.0520001221e+02
5.0550000000e+02 5.0539999390e+02 5.0529998779e+02 5.0520001221e+02 5.0529998779e+02 5.0520001221e+02 5.0500000000e+02 5.0500000000e+02 5.0489999390e+02 5.0489999390e+02 5.0489999390e+02 5.0489999390e+02 5.0479998779e+02 5.0479998779e+02 5.0479998779e+02 5.0479998779e+02 5.0479998779e+02 5.0479998779e+02 5.0470001221e+02 5.0470001221e+02 5.0479998779e+02 5.0479998779e+02 5.0479998779e+02 5.0489999390e+02 5.0479998779e+02 5.0479998779e+02 5.0479998779e+02 5.0479998779e+02 5.0479998779e+02 5.0479998779e+02 5.0479998779e+02 5.0489999390e+02 5.0489999390e+02 5.0500000000e+02 5.0500000000e+02 5.0500000000e+02 5.0510000610e+02 5.0510000610e+02 5.0520001221e+02 5.0520001221e+02 5.0529998779e+02 5.0529998779e+02 5.0529998779e+02 5.0539999390e+02 5.0539999390e+02 5.0539999390e+02
5.0550000000e+02 5.0550000000e+02 5.0539999390e+02 5.0529998779e+02 5.0529998779e+02 5.0520001221e+02 5.0510000610e+02 5.0510000610e+02 5.0510000610e+02 5.0510000610e+02 5.0500000000e+02 5.0500000000e+02 5.0500000000e+02 5.0489999390e+02 5.0489999390e+02 5.0500000000e+02 5.0500000000e+02 5.0500000000e+02 5.0489999390e+02 5.0489999390e+02 5.0500000000e+02 5.0500000000e+02 5.0500000000e+02 5.0510000610e+02 5.0510000610e+02 5.0510000610e+02 5.0500000000e+02 5.0500000000e+02 5.0500000000e+02 5.0510000610e+02 5.0520001221e+02 5.0520001221e+02 5.0529998779e+02 5.0539999390e+02 5.0539999390e+02 5.0539999390e+02 5.0539999390e+02 5.0550000000e+02 5.0550000000e+02 5.0550000000e+02 5.0550000000e+02 5.0560000610e+02 5.0560000610e+02 5.0560000610e+02 5.0560000610e+02 5.0560000610e+02
5.0550000000e+02 5.0550000000e+02 5.0539999390e+02 5.0539999390e+02 5.0529998779e+02 5.0529998779e+02 5.0529998779e+02 5.0520001221e+02 5.0520001221e+02 5.0520001221e+02 5.0520001221e+02 5.0520001221e+02 5.0520001221e+02 5.0510000610e+02 5.0520001221e+02 5.0520001221e+02 5.0520001221e+02 5.0520001221e+02 5.0520001221e+02 5.0520001221e+02 5.0520001221e+02 5.0520001221e+02 5.0520001221e+02 5.0529998779e+02 5.0529998779e+02 5.0529998779e+02 5.0529998779e+02 5.0529998779e+02 5.0520001221e+02 5.0529998779e+02 5.0529998779e+02 5.0539999390e+02 5.0560000610e+02 5.0570001221e+02 5.0570001221e+02 5.0560000610e+02 5.0570001221e+02 5.0570001221e+02 5.0570001221e+02 5.0570001221e+02 5.0570001221e+02 5.0570001221e+02 5.0560000610e+02 5.0570001221e+02 5.0570001221e+02 5.0560000610e+02
5.0560000610e+02 5.0550000000e+02 5.0539999390e+02 5.0539999390e+02 5.0539999390e+02 5.0539999390e+02 5.0539999390e+02 5.0539999390e+02 5.0539999390e+02 5.0529998779e+02 5.0539999390e+02 5.0539999390e+02 5.0539999390e+02 5.0539999390e+02 5.0550000000e+02 5.0550000000e+02 5.0550000000e+02 5.0550000000e+02 5.0539999390e+02 5.0539999390e+02 5.0539999390e+02 5.0539999390e+02 5.0550000000e+02 5.0550000000e+02 5.0550000000e+02 5.0550000000e+02 5.0550000000e+02 5.0550000000e+02 5.0550000000e+02 5.0550000000e+02 5.0550000000e+02 5.0560000610e+02 5.0570001221e+02 5.0579998779e+02 5.0579998779e+02 5.0579998779e+02 5.0579998779e+02 5.0579998779e+02 5.0579998779e+02 5.0579998779e+02 5.0579998779e+02 5.0570001221e+02 5.0570001221e+02 5.0579998779e+02 5.0579998779e+02 5.0579998779e+02
5.0570001221e+02 5.0560000610e+02 5.0550000000e+02 5.0550000000e+02 5.0550000000e+02 5.0550000000e+02 5.0550000000e+02 5.0550000000e+02 5.0550000000e+02 5.0550000000e+02 5.0550000000e+02 5.0560000610e+02 5.0560000610e+02 5.0560000610e+02 5.0560000610e+02 5.0560000610e+02 5.0560000610e+02 5.0560000610e+02 5.0560000610e+02 5.0560000610e+02 5.0560000610e+02 5.0570001221e+02 5.0570001221e+02 5.0570001221e+02 5.0570001221e+02 5.0570001221e+02 5.0570001221e+02 5.0570001221e+02 5.0570001221e+02 5.0570001221e+02 5.0570001221e+02 5.0570001221e+02 5.0579998779e+02 5.0579998779e+02 5.0579998779e+02 5.0579998779e+02 5.0579998779e+02 5.0579998779e+02 5.0579998779e+02 5.0579998779e+02 5.0589999390e+02 5.0589999390e+02 5.0589999390e+02 5.0600000000e+02 5.0600000000e+02 5.0600000000e+02
5.0570001221e+02 5.0570001221e+02 5.0560000610e+02 5.0560000610e+02 5.0560000610e+02 5.0560000610e+02 5.0560000610e+02 5.0560000610e+02 5.0560000610e+02 5.0560000610e+02 5.0560000610e+02 5.0560000610e+02 5.0570001221e+02 5.0570001221e+02 5.0570001221e+02 5.0570001221e+02 5.0570001221e+02 5.0570001221e+02 5.0570001221e+02 5.0560000610e+02 5.0570001221e+02 5.0570001221e+02 5.0579998779e+02 5.0579998779e+02 5.0579998779e+02 5.0579998779e+02 5.0579998779e+02 5.0579998779e+02 5.0579998779e+02 5.0579998779e+02 5.0579998779e+02 5.0579998779e+02 5.0579998779e+02 5.0579998779e+02 5.0589999390e+02 5.0589999390e+02 5.0589999390e+02 5.0589999390e+02 5.0600000000e+02 5.0600000000e+02 5.0600000000e+02 5.0610000610e+02 5.0610000610e+02 5.0610000610e+02 5.0620001221e+02 5.0610000610e+02
5.0570001221e+02 5.0570001221e+02 5.0570001221e+02 5.0570001221e+02 5.0570001221e+02 5.0570001221e+02 5.0560000610e+02 5.0560000610e+02 5.0560000610e+02 5.0560000610e+02 5.0570001221e+02 5.0570001221e+02 5.0570001221e+02 5.0570001221e+02 5.0570001221e+02 5.0579998779e+02 5.0579998779e+02 5.0570001221e+02 5.0570001221e+02 5.0570001221e+02 5.0570001221e+02 5.0570001221e+02 5.0579998779e+02 5.0579998779e+02 5.0579998779e+02 5.0579998779e+02 5.0579998779e+02 5.0589999390e+02 5.0589999390e+02 5.0589999390e+02 5.0589999390e+02 5.0589999390e+02 5.0589999390e+02 5.0589999390e+02 5.0589999390e+02 5.0600000000e+02 5.0600000000e+02 5.0610000610e+02 5.0610000610e+02 5.0610000610e+02 5.0610000610e+02 5.0610000610e+02 5.0610000610e+02 5.0610000610e+02 5.0610000610e+02 5.0610000610e+02
5.0570001221e+02 5.0570001221e+02 5.0579998779e+02 5.0579998779e+02 5.0570001221e+02 5.0570001221e+02 5.0570001221e+02 5.0570001221e+02 5.0570001221e+02 5.0579998779e+02 5.0579998779e+02 5.0579998779e+02 5.0579998779e+02 5.0579998779e+02 5.0579998779e+02 5.0579998779e+02 5.0579998779e+02 5.0579998779e+02 5.0579998779e+02 5.0579998779e+02 5.0579998779e+02 5.0579998779e+02 5.0579998779e+02 5.0589999390e+02 5.0589999390e+02 5.0589999390e+02 5.0600000000e+02 5.0600000000e+02 5.0589999390e+02 5.0589999390e+02 5.0589999390e+02 5.0600000000e+02 5.0600000000e+02 5.0600000000e+02 5.0600000000e+02 5.0610000610e+02 5.0610000610e+02 5.0610000610e+02 5.0610000610e+02 5.0610000610e+02 5.0610000610e+02 5.0610000610e+02 5.0610000610e+02 5.0610000610e+02 5.0610000610e+02 5.0610000610e+02
5.0570001221e+02 5.0579998779e+02 5.0579998779e+02 5.0579998779e+02 5.0579998779e+02 5.0579998779e+02 5.0579998779e+02 5.0579998779e+02 5.0579998779e+02 5.0579998779e+02 5.0579998779e+02 5.0579998779e+02 5.0579998779e+02 5.0589999390e+02 5.0589999390e+02 5.0589999390e+02 5.0589999390e+02 5.0589999390e+02 5.0589999390e+02 5.0579998779e+02 5.0589999390e+02 5.0589999390e+02 5.0589999390e+02 5.0600000000e+02 5.0600000000e+02 5.0610000610e+02 5.0610000610e+02 5.0600000000e+02 5.0600000000e+02 5.0600000000e+02 5.0600000000e+02 5.0600000000e+02 5.0610000610e+02 5.0610000610e+02 5.0610000610e+02 5.0610000610e+02 5.0610000610e+02 5.0610000610e+02 5.0610000610e+02 5.0610000610e+02 5.0610000610e+02 5.0610000610e+02 5.0610000610e+02 5.0610000610e+02 5.0610000610e+02 5.0610000610e+02
5.0570001221e+02 5.0579998779e+02 5.0579998779e+02 5.0579998779e+02 5.0579998779e+02 5.0579998779e+02 5.0579998779e+02 5.0579998779e+02 5.0579998779e+02 5.0579998779e+02 5.0579998779e+02 5.0579998779e+02 5.0589999390e+02 5.0589999390e+02 5.0600000000e+02 5.0600000000e+02 5.0589999390e+02 5.0589999390e+02 5.0589999390e+02 5.0589999390e+02 5.0589999390e+02 5.0589999390e+02 5.0589999390e+02 5.0589999390e+02 5.0600000000e+02 5.0600000000e+02 5.0610000610e+02 5.0600000000e+02 5.0600000000e+02 5.0610000610e+02 5.0610000610e+02 5.0610000610e+02 5.0610000610e+02 5.0610000610e+02 5.0610000610e+02 5.0610000610e+02 5.0610000610e+02 5.0610000610e+02 5.0610000610e+02 5.0610000610e+02 5.0610000610e+02 5.0610000610e+02 5.0610000610e+02 5.0610000610e+02 5.0610000610e+02 5.0610000610e+02
5.0570001221e+02 5.0579998779e+02 5.0579998779e+02 5.0579998779e+02 5.0579998779e+02 5.0579998779e+02 5.0579998779e+02 5.0579998779e+02 5.0579998779e+02 5.0589999390e+02 5.0589999390e+02 5.0589999390e+02 5.0589999390e+02 5.0589999390e+02 5.0600000000e+02 5.0600000000e+02 5.0600000000e+02 5.0589999390e+02 5.0589999390e+02 5.0589999390e+02 5.0589999390e+02 5.0589999390e+02 5.0589999390e+02 5.0589999390e+02 5.0600000000e+02 5.0600000000e+02 5.0600000000e+02 5.0600000000e+02 5.0600000000e+02 5.0610000610e+02 5.0600000000e+02 5.0600000000e+02 5.0610000610e+02 5.0610000610e+02 5.0610000610e+02 5.0610000610e+02 5.0610000610e+02 5.0610000610e+02 5.0610000610e+02 5.0610000610e+02 5.0610000610e+02 5.0610000610e+02 5.0610000610e+02 5.0610000610e+02 5.0610000610e+02 5.0610000610e+02
