DGM_1M_UPPER_AUSTRIA/35/2.asc
NCOLS 100
NROWS 100
XLLCORNER 6.3650500000e+04
YLLCORNER 2.9508850000e+05
CELLSIZE 1.0000000000e+00
NODATA_VALUE -9.9990000000e+03
[rows 0 to 19 of 100, columns 0 to 45 of 100]
7.4940002441e+02 7.4890002441e+02 7.4870001221e+02 7.4870001221e+02 7.4890002441e+02 7.4920001221e+02 7.4940002441e+02 7.4950000000e+02 7.4970001221e+02 7.5000000000e+02 7.5029998779e+02 7.5040002441e+02 7.5059997559e+02 7.5079998779e+02 7.5109997559e+02 7.5129998779e+02 7.5159997559e+02 7.5209997559e+02 7.5259997559e+02 7.5320001221e+02 7.5370001221e+02 7.5420001221e+02 7.5450000000e+02 7.5459997559e+02 7.5479998779e+02 7.5509997559e+02 7.5520001221e+02 7.5520001221e+02 7.5509997559e+02 7.5520001221e+02 7.5550000000e+02 7.5559997559e+02 7.5540002441e+02 7.5520001221e+02 7.5500000000e+02 7.5459997559e+02 7.5429998779e+02 7.5420001221e+02 7.5420001221e+02 7.5420001221e+02 7.5420001221e+02 7.5429998779e+02 7.5429998779e+02 7.5409997559e+02 7.5400000000e+02 7.5400000000e+02
7.4979998779e+02 7.4940002441e+02 7.4929998779e+02 7.4940002441e+02 7.4959997559e+02 7.4990002441e+02 7.5009997559e+02 7.5040002441e+02 7.5059997559e+02 7.5079998779e+02 7.5100000000e+02 7.5120001221e+02 7.5140002441e+02 7.5159997559e+02 7.5179998779e+02 7.5220001221e+02 7.5250000000e+02 7.5300000000e+02 7.5350000000e+02 7.5390002441e+02 7.5429998779e+02 7.5479998779e+02 7.5520001221e+02 7.5540002441e+02 7.5570001221e+02 7.5600000000e+02 7.5609997559e+02 7.5609997559e+02 7.5600000000e+02 7.5609997559e+02 7.5620001221e+02 7.5629998779e+02 7.5620001221e+02 7.5600000000e+02 7.5559997559e+02 7.5520001221e+02 7.5500000000e+02 7.5490002441e+02 7.5490002441e+02 7.5490002441e+02 7.5490002441e+02 7.5490002441e+02 7.5479998779e+02 7.5470001221e+02 7.5459997559e+02 7.5459997559e+02
7.5029998779e+02 7.5020001221e+02 7.5020001221e+02 7.5040002441e+02 7.5070001221e+02 7.5090002441e+02 7.5109997559e+02 7.5140002441e+02 7.5150000000e+02 7.5170001221e+02 7.5190002441e+02 7.5200000000e+02 7.5229998779e+02 7.5250000000e+02 7.5270001221e+02 7.5320001221e+02 7.5350000000e+02 7.5390002441e+02 7.5420001221e+02 7.5459997559e+02 7.5500000000e+02 7.5540002441e+02 7.5579998779e+02 7.5620001221e+02 7.5650000000e+02 7.5679998779e+02 7.5700000000e+02 7.5700000000e+02 7.5700000000e+02 7.5700000000e+02 7.5709997559e+02 7.5709997559e+02 7.5700000000e+02 7.5670001221e+02 7.5629998779e+02 7.5590002441e+02 7.5570001221e+02 7.5559997559e+02 7.5550000000e+02 7.5550000000e+02 7.5550000000e+02 7.5540002441e+02 7.5540002441e+02 7.5529998779e+02 7.5529998779e+02 7.5529998779e+02
7.5109997559e+02 7.5109997559e+02 7.5140002441e+02 7.5170001221e+02 7.5200000000e+02 7.5220001221e+02 7.5220001221e+02 7.5240002441e+02 7.5259997559e+02 7.5279998779e+02 7.5290002441e+02 7.5300000000e+02 7.5329998779e+02 7.5350000000e+02 7.5379998779e+02 7.5420001221e+02 7.5450000000e+02 7.5479998779e+02 7.5500000000e+02 7.5520001221e+02 7.5550000000e+02 7.5590002441e+02 7.5640002441e+02 7.5700000000e+02 7.5740002441e+02 7.5770001221e+02 7.5790002441e+02 7.5800000000e+02 7.5800000000e+02 7.5800000000e+02 7.5800000000e+02 7.5800000000e+02 7.5770001221e+02 7.5740002441e+02 7.5709997559e+02 7.5670001221e+02 7.5640002441e+02 7.5620001221e+02 7.5609997559e+02 7.5609997559e+02 7.5609997559e+02 7.5609997559e+02 7.5600000000e+02 7.5590002441e+02 7.5590002441e+02 7.5600000000e+02
7.5209997559e+02 7.5220001221e+02 7.5250000000e+02 7.5279998779e+02 7.5320001221e+02 7.5340002441e+02 7.5340002441e+02 7.5350000000e+02 7.5379998779e+02 7.5400000000e+02 7.5420001221e+02 7.5429998779e+02 7.5459997559e+02 7.5479998779e+02 7.5509997559e+02 7.5540002441e+02 7.5559997559e+02 7.5579998779e+02 7.5579998779e+02 7.5579998779e+02 7.5609997559e+02 7.5659997559e+02 7.5720001221e+02 7.5779998779e+02 7.5829998779e+02 7.5859997559e+02 7.5890002441e+02 7.5900000000e+02 7.5909997559e+02 7.5909997559e+02 7.5900000000e+02 7.5890002441e+02 7.5850000000e+02 7.5820001221e+02 7.5779998779e+02 7.5740002441e+02 7.5709997559e+02 7.5679998779e+02 7.5670001221e+02 7.5659997559e+02 7.5670001221e+02 7.5670001221e+02 7.5670001221e+02 7.5659997559e+02 7.5659997559e+02 7.5659997559e+02
7.5300000000e+02 7.5309997559e+02 7.5329998779e+02 7.5370001221e+02 7.5420001221e+02 7.5450000000e+02 7.5470001221e+02 7.5490002441e+02 7.5509997559e+02 7.5529998779e+02 7.5550000000e+02 7.5570001221e+02 7.5609997559e+02 7.5629998779e+02 7.5650000000e+02 7.5670001221e+02 7.5679998779e+02 7.5670001221e+02 7.5659997559e+02 7.5659997559e+02 7.5670001221e+02 7.5729998779e+02 7.5800000000e+02 7.5859997559e+02 7.5909997559e+02 7.5950000000e+02 7.5979998779e+02 7.6000000000e+02 7.6009997559e+02 7.6009997559e+02 7.5990002441e+02 7.5959997559e+02 7.5920001221e+02 7.5879998779e+02 7.5840002441e+02 7.5809997559e+02 7.5779998779e+02 7.5759997559e+02 7.5740002441e+02 7.5729998779e+02 7.5729998779e+02 7.5729998779e+02 7.5729998779e+02 7.5720001221e+02 7.5720001221e+02 7.5709997559e+02
7.5390002441e+02 7.5400000000e+02 7.5429998779e+02 7.5459997559e+02 7.5509997559e+02 7.5559997559e+02 7.5600000000e+02 7.5620001221e+02 7.5640002441e+02 7.5659997559e+02 7.5690002441e+02 7.5709997559e+02 7.5740002441e+02 7.5759997559e+02 7.5770001221e+02 7.5779998779e+02 7.5779998779e+02 7.5759997559e+02 7.5750000000e+02 7.5740002441e+02 7.5740002441e+02 7.5779998779e+02 7.5859997559e+02 7.5920001221e+02 7.5979998779e+02 7.6029998779e+02 7.6070001221e+02 7.6090002441e+02 7.6100000000e+02 7.6100000000e+02 7.6070001221e+02 7.6029998779e+02 7.5990002441e+02 7.5959997559e+02 7.5920001221e+02 7.5879998779e+02 7.5859997559e+02 7.5840002441e+02 7.5820001221e+02 7.5809997559e+02 7.5800000000e+02 7.5800000000e+02 7.5800000000e+02 7.5790002441e+02 7.5779998779e+02 7.5759997559e+02
7.5479998779e+02 7.5490002441e+02 7.5529998779e+02 7.5570001221e+02 7.5620001221e+02 7.5679998779e+02 7.5720001221e+02 7.5750000000e+02 7.5770001221e+02 7.5790002441e+02 7.5820001221e+02 7.5829998779e+02 7.5859997559e+02 7.5879998779e+02 7.5879998779e+02 7.5879998779e+02 7.5870001221e+02 7.5859997559e+02 7.5840002441e+02 7.5829998779e+02 7.5829998779e+02 7.5850000000e+02 7.5909997559e+02 7.5970001221e+02 7.6040002441e+02 7.6100000000e+02 7.6159997559e+02 7.6200000000e+02 7.6209997559e+02 7.6190002441e+02 7.6159997559e+02 7.6109997559e+02 7.6079998779e+02 7.6050000000e+02 7.6000000000e+02 7.5959997559e+02 7.5940002441e+02 7.5920001221e+02 7.5909997559e+02 7.5890002441e+02 7.5879998779e+02 7.5870001221e+02 7.5859997559e+02 7.5840002441e+02 7.5829998779e+02 7.5820001221e+02
7.5579998779e+02 7.5590002441e+02 7.5629998779e+02 7.5670001221e+02 7.5720001221e+02 7.5779998779e+02 7.5829998779e+02 7.5870001221e+02 7.5879998779e+02 7.5900000000e+02 7.5929998779e+02 7.5950000000e+02 7.5959997559e+02 7.5970001221e+02 7.5979998779e+02 7.5979998779e+02 7.5970001221e+02 7.5950000000e+02 7.5929998779e+02 7.5920001221e+02 7.5929998779e+02 7.5940002441e+02 7.5979998779e+02 7.6040002441e+02 7.6109997559e+02 7.6170001221e+02 7.6240002441e+02 7.6300000000e+02 7.6320001221e+02 7.6290002441e+02 7.6250000000e+02 7.6209997559e+02 7.6170001221e+02 7.6129998779e+02 7.6079998779e+02 7.6040002441e+02 7.6009997559e+02 7.6000000000e+02 7.5979998779e+02 7.5970001221e+02 7.5950000000e+02 7.5929998779e+02 7.5909997559e+02 7.5900000000e+02 7.5890002441e+02 7.5890002441e+02
7.5679998779e+02 7.5690002441e+02 7.5709997559e+02 7.5750000000e+02 7.5790002441e+02 7.5850000000e+02 7.5900000000e+02 7.5950000000e+02 7.5979998779e+02 7.6000000000e+02 7.6029998779e+02 7.6050000000e+02 7.6059997559e+02 7.6070001221e+02 7.6070001221e+02 7.6070001221e+02 7.6059997559e+02 7.6040002441e+02 7.6009997559e+02 7.6000000000e+02 7.6020001221e+02 7.6029998779e+02 7.6050000000e+02 7.6100000000e+02 7.6170001221e+02 7.6250000000e+02 7.6320001221e+02 7.6390002441e+02 7.6429998779e+02 7.6400000000e+02 7.6350000000e+02 7.6290002441e+02 7.6240002441e+02 7.6190002441e+02 7.6150000000e+02 7.6120001221e+02 7.6090002441e+02 7.6070001221e+02 7.6059997559e+02 7.6040002441e+02 7.6020001221e+02 7.6000000000e+02 7.5979998779e+02 7.5970001221e+02 7.5959997559e+02 7.5959997559e+02
7.5759997559e+02 7.5759997559e+02 7.5779998779e+02 7.5820001221e+02 7.5859997559e+02 7.5909997559e+02 7.5959997559e+02 7.6009997559e+02 7.6050000000e+02 7.6090002441e+02 7.6129998779e+02 7.6159997559e+02 7.6170001221e+02 7.6170001221e+02 7.6159997559e+02 7.6150000000e+02 7.6140002441e+02 7.6120001221e+02 7.6100000000e+02 7.6090002441e+02 7.6100000000e+02 7.6109997559e+02 7.6120001221e+02 7.6150000000e+02 7.6220001221e+02 7.6290002441e+02 7.6379998779e+02 7.6459997559e+02 7.6509997559e+02 7.6500000000e+02 7.6429998779e+02 7.6359997559e+02 7.6300000000e+02 7.6250000000e+02 7.6220001221e+02 7.6190002441e+02 7.6170001221e+02 7.6140002441e+02 7.6120001221e+02 7.6109997559e+02 7.6090002441e+02 7.6079998779e+02 7.6059997559e+02 7.6040002441e+02 7.6029998779e+02 7.6020001221e+02
7.5850000000e+02 7.5850000000e+02 7.5870001221e+02 7.5900000000e+02 7.5920001221e+02 7.5959997559e+02 7.6009997559e+02 7.6050000000e+02 7.6109997559e+02 7.6170001221e+02 7.6220001221e+02 7.6270001221e+02 7.6290002441e+02 7.6279998779e+02 7.6250000000e+02 7.6240002441e+02 7.6229998779e+02 7.6209997559e+02 7.6190002441e+02 7.6190002441e+02 7.6190002441e+02 7.6190002441e+02 7.6190002441e+02 7.6200000000e+02 7.6240002441e+02 7.6320001221e+02 7.6409997559e+02 7.6500000000e+02 7.6550000000e+02 7.6550000000e+02 7.6479998779e+02 7.6409997559e+02 7.6350000000e+02 7.6309997559e+02 7.6279998779e+02 7.6250000000e+02 7.6240002441e+02 7.6220001221e+02 7.6190002441e+02 7.6179998779e+02 7.6170001221e+02 7.6159997559e+02 7.6140002441e+02 7.6120001221e+02 7.6100000000e+02 7.6090002441e+02
7.5940002441e+02 7.5940002441e+02 7.5950000000e+02 7.5970001221e+02 7.5979998779e+02 7.6009997559e+02 7.6050000000e+02 7.6100000000e+02 7.6159997559e+02 7.6229998779e+02 7.6300000000e+02 7.6370001221e+02 7.6409997559e+02 7.6409997559e+02 7.6379998779e+02 7.6359997559e+02 7.6329998779e+02 7.6320001221e+02 7.6309997559e+02 7.6300000000e+02 7.6279998779e+02 7.6259997559e+02 7.6250000000e+02 7.6240002441e+02 7.6270001221e+02 7.6340002441e+02 7.6429998779e+02 7.6509997559e+02 7.6559997559e+02 7.6570001221e+02 7.6509997559e+02 7.6450000000e+02 7.6409997559e+02 7.6390002441e+02 7.6370001221e+02 7.6340002441e+02 7.6320001221e+02 7.6290002441e+02 7.6270001221e+02 7.6259997559e+02 7.6250000000e+02 7.6229998779e+02 7.6220001221e+02 7.6190002441e+02 7.6170001221e+02 7.6150000000e+02
7.6029998779e+02 7.6020001221e+02 7.6029998779e+02 7.6029998779e+02 7.6040002441e+02 7.6059997559e+02 7.6109997559e+02 7.6150000000e+02 7.6200000000e+02 7.6279998779e+02 7.6370001221e+02 7.6450000000e+02 7.6500000000e+02 7.6520001221e+02 7.6509997559e+02 7.6500000000e+02 7.6470001221e+02 7.6459997559e+02 7.6450000000e+02 7.6429998779e+02 7.6379998779e+02 7.6340002441e+02 7.6320001221e+02 7.6309997559e+02 7.6320001221e+02 7.6359997559e+02 7.6440002441e+02 7.6520001221e+02 7.6570001221e+02 7.6570001221e+02 7.6529998779e+02 7.6500000000e+02 7.6490002441e+02 7.6490002441e+02 7.6479998779e+02 7.6450000000e+02 7.6420001221e+02 7.6390002441e+02 7.6379998779e+02 7.6370001221e+02 7.6350000000e+02 7.6320001221e+02 7.6300000000e+02 7.6270001221e+02 7.6229998779e+02 7.6209997559e+02
7.6109997559e+02 7.6100000000e+02 7.6100000000e+02 7.6109997559e+02 7.6109997559e+02 7.6120001221e+02 7.6150000000e+02 7.6190002441e+02 7.6250000000e+02 7.6320001221e+02 7.6420001221e+02 7.6500000000e+02 7.6570001221e+02 7.6609997559e+02 7.6640002441e+02 7.6640002441e+02 7.6629998779e+02 7.6609997559e+02 7.6579998779e+02 7.6550000000e+02 7.6500000000e+02 7.6440002441e+02 7.6390002441e+02 7.6379998779e+02 7.6379998779e+02 7.6409997559e+02 7.6459997559e+02 7.6529998779e+02 7.6579998779e+02 7.6579998779e+02 7.6570001221e+02 7.6570001221e+02 7.6579998779e+02 7.6600000000e+02 7.6590002441e+02 7.6559997559e+02 7.6540002441e+02 7.6520001221e+02 7.6509997559e+02 7.6490002441e+02 7.6450000000e+02 7.6400000000e+02 7.6370001221e+02 7.6340002441e+02 7.6300000000e+02 7.6279998779e+02
7.6200000000e+02 7.6179998779e+02 7.6179998779e+02 7.6190002441e+02 7.6190002441e+02 7.6190002441e+02 7.6209997559e+02 7.6250000000e+02 7.6309997559e+02 7.6390002441e+02 7.6470001221e+02 7.6559997559e+02 7.6620001221e+02 7.6690002441e+02 7.6750000000e+02 7.6770001221e+02 7.6750000000e+02 7.6720001221e+02 7.6690002441e+02 7.6640002441e+02 7.6579998779e+02 7.6529998779e+02 7.6479998779e+02 7.6450000000e+02 7.6450000000e+02 7.6459997559e+02 7.6500000000e+02 7.6550000000e+02 7.6590002441e+02 7.6609997559e+02 7.6620001221e+02 7.6629998779e+02 7.6670001221e+02 7.6709997559e+02 7.6720001221e+02 7.6700000000e+02 7.6679998779e+02 7.6650000000e+02 7.6629998779e+02 7.6590002441e+02 7.6529998779e+02 7.6470001221e+02 7.6429998779e+02 7.6400000000e+02 7.6370001221e+02 7.6350000000e+02
7.6279998779e+02 7.6259997559e+02 7.6270001221e+02 7.6279998779e+02 7.6270001221e+02 7.6279998779e+02 7.6290002441e+02 7.6320001221e+02 7.6379998779e+02 7.6450000000e+02 7.6529998779e+02 7.6609997559e+02 7.6679998779e+02 7.6750000000e+02 7.6829998779e+02 7.6870001221e+02 7.6859997559e+02 7.6820001221e+02 7.6770001221e+02 7.6700000000e+02 7.6640002441e+02 7.6590002441e+02 7.6540002441e+02 7.6509997559e+02 7.6500000000e+02 7.6509997559e+02 7.6540002441e+02 7.6579998779e+02 7.6629998779e+02 7.6659997559e+02 7.6670001221e+02 7.6690002441e+02 7.6729998779e+02 7.6779998779e+02 7.6820001221e+02 7.6820001221e+02 7.6800000000e+02 7.6759997559e+02 7.6720001221e+02 7.6670001221e+02 7.6609997559e+02 7.6550000000e+02 7.6500000000e+02 7.6470001221e+02 7.6450000000e+02 7.6429998779e+02
7.6359997559e+02 7.6350000000e+02 7.6350000000e+02 7.6370001221e+02 7.6370001221e+02 7.6379998779e+02 7.6379998779e+02 7.6400000000e+02 7.6450000000e+02 7.6520001221e+02 7.6609997559e+02 7.6679998779e+02 7.6740002441e+02 7.6800000000e+02 7.6870001221e+02 7.6929998779e+02 7.6940002441e+02 7.6900000000e+02 7.6829998779e+02 7.6759997559e+02 7.6700000000e+02 7.6650000000e+02 7.6600000000e+02 7.6570001221e+02 7.6559997559e+02 7.6570001221e+02 7.6600000000e+02 7.6640002441e+02 7.6679998779e+02 7.6709997559e+02 7.6729998779e+02 7.6750000000e+02 7.6800000000e+02 7.6840002441e+02 7.6870001221e+02 7.6900000000e+02 7.6890002441e+02 7.6859997559e+02 7.6809997559e+02 7.6740002441e+02 7.6679998779e+02 7.6620001221e+02 7.6579998779e+02 7.6550000000e+02 7.6529998779e+02 7.6520001221e+02
7.6440002441e+02 7.6429998779e+02 7.6429998779e+02 7.6440002441e+02 7.6450000000e+02 7.6459997559e+02 7.6470001221e+02 7.6490002441e+02 7.6520001221e+02 7.6600000000e+02 7.6679998779e+02 7.6750000000e+02 7.6800000000e+02 7.6850000000e+02 7.6909997559e+02 7.6970001221e+02 7.6979998779e+02 7.6940002441e+02 7.6879998779e+02 7.6820001221e+02 7.6750000000e+02 7.6700000000e+02 7.6670001221e+02 7.6640002441e+02 7.6629998779e+02 7.6640002441e+02 7.6659997559e+02 7.6700000000e+02 7.6740002441e+02 7.6770001221e+02 7.6800000000e+02 7.6829998779e+02 7.6870001221e+02 7.6900000000e+02 7.6920001221e+02 7.6959997559e+02 7.6970001221e+02 7.6929998779e+02 7.6879998779e+02 7.6809997559e+02 7.6750000000e+02 7.6690002441e+02 7.6650000000e+02 7.6629998779e+02 7.6609997559e+02 7.6600000000e+02
7.6509997559e+02 7.6500000000e+02 7.6490002441e+02 7.6509997559e+02 7.6520001221e+02 7.6540002441e+02 7.6550000000e+02 7.6570001221e+02 7.6590002441e+02 7.6640002441e+02 7.6709997559e+02 7.6779998779e+02 7.6840002441e+02 7.6900000000e+02 7.6959997559e+02 7.7009997559e+02 7.7009997559e+02 7.6979998779e+02 7.6929998779e+02 7.6870001221e+02 7.6809997559e+02 7.6759997559e+02 7.6729998779e+02 7.6720001221e+02 7.6709997559e+02 7.6709997559e+02 7.6740002441e+02 7.6770001221e+02 7.6800000000e+02 7.6840002441e+02 7.6879998779e+02 7.6909997559e+02 7.6940002441e+02 7.6959997559e+02 7.6990002441e+02 7.7020001221e+02 7.7029998779e+02 7.7000000000e+02 7.6950000000e+02 7.6879998779e+02 7.6820001221e+02 7.6770001221e+02 7.6720001221e+02 7.6700000000e+02 7.6679998779e+02 7.6670001221e+02
