DGM_1M_UPPER_AUSTRIA/35/23.asc
NCOLS 100
NROWS 100
XLLCORNER 6.3650500000e+04
YLLCORNER 2.9298850000e+05
CELLSIZE 1.0000000000e+00
NODATA_VALUE -9.9990000000e+03
[rows 60 to 79 of 100, columns 0 to 45 of 100]
5.0470001221e+02 5.0470001221e+02 5.0470001221e+02 5.0479998779e+02 5.0479998779e+02 5.0479998779e+02 5.0479998779e+02 5.0479998779e+02 5.0479998779e+02 5.0479998779e+02 5.0479998779e+02 5.0489999390e+02 5.0489999390e+02 5.0489999390e+02 5.0489999390e+02 5.0489999390e+02 5.0489999390e+02 5.0489999390e+02 5.0489999390e+02 5.0489999390e+02 5.0489999390e+02 5.0489999390e+02 5.0479998779e+02 5.0470001221e+02 5.0460000610e+02 5.0460000610e+02 5.0450000000e+02 5.0420001221e+02 5.0370001221e+02 5.0339999390e+02 5.0329998779e+02 5.0320001221e+02 5.0300000000e+02 5.0279998779e+02 5.0260000610e+02 5.0260000610e+02 5.0250000000e+02 5.0250000000e+02 5.0250000000e+02 5.0250000000e+02 5.0250000000e+02 5.0250000000e+02 5.0239999390e+02 5.0239999390e+02 5.0239999390e+02 5.0239999390e+02
5.0479998779e+02 5.0479998779e+02 5.0479998779e+02 5.0479998779e+02 5.0479998779e+02 5.0479998779e+02 5.0479998779e+02 5.0479998779e+02 5.0479998779e+02 5.0479998779e+02 5.0489999390e+02 5.0489999390e+02 5.0489999390e+02 5.0489999390e+02 5.0489999390e+02 5.0489999390e+02 5.0489999390e+02 5.0489999390e+02 5.0489999390e+02 5.0489999390e+02 5.0489999390e+02 5.0489999390e+02 5.0489999390e+02 5.0479998779e+02 5.0470001221e+02 5.0460000610e+02 5.0439999390e+02 5.0400000000e+02 5.0360000610e+02 5.0329998779e+02 5.0310000610e+02 5.0300000000e+02 5.0289999390e+02 5.0270001221e+02 5.0260000610e+02 5.0250000000e+02 5.0250000000e+02 5.0250000000e+02 5.0250000000e+02 5.0250000000e+02 5.0250000000e+02 5.0239999390e+02 5.0239999390e+02 5.0239999390e+02 5.0239999390e+02 5.0239999390e+02
5.0479998779e+02 5.0479998779e+02 5.0479998779e+02 5.0479998779e+02 5.0479998779e+02 5.0479998779e+02 5.0479998779e+02 5.0479998779e+02 5.0479998779e+02 5.0479998779e+02 5.0489999390e+02 5.0489999390e+02 5.0489999390e+02 5.0489999390e+02 5.0500000000e+02 5.0500000000e+02 5.0500000000e+02 5.0489999390e+02 5.0489999390e+02 5.0489999390e+02 5.0489999390e+02 5.0489999390e+02 5.0479998779e+02 5.0470001221e+02 5.0460000610e+02 5.0450000000e+02 5.0429998779e+02 5.0389999390e+02 5.0350000000e+02 5.0320001221e+02 5.0300000000e+02 5.0289999390e+02 5.0279998779e+02 5.0260000610e+02 5.0250000000e+02 5.0250000000e+02 5.0250000000e+02 5.0250000000e+02 5.0250000000e+02 5.0250000000e+02 5.0239999390e+02 5.0239999390e+02 5.0239999390e+02 5.0239999390e+02 5.0239999390e+02 5.0239999390e+02
5.0460000610e+02 5.0479998779e+02 5.0479998779e+02 5.0479998779e+02 5.0479998779e+02 5.0479998779e+02 5.0479998779e+02 5.0479998779e+02 5.0479998779e+02 5.0479998779e+02 5.0479998779e+02 5.0489999390e+02 5.0489999390e+02 5.0500000000e+02 5.0510000610e+02 5.0529998779e+02 5.0520001221e+02 5.0500000000e+02 5.0489999390e+02 5.0489999390e+02 5.0479998779e+02 5.0479998779e+02 5.0470001221e+02 5.0460000610e+02 5.0439999390e+02 5.0429998779e+02 5.0400000000e+02 5.0370001221e+02 5.0339999390e+02 5.0310000610e+02 5.0289999390e+02 5.0279998779e+02 5.0270001221e+02 5.0260000610e+02 5.0250000000e+02 5.0239999390e+02 5.0239999390e+02 5.0239999390e+02 5.0239999390e+02 5.0239999390e+02 5.0239999390e+02 5.0239999390e+02 5.0239999390e+02 5.0239999390e+02 5.0239999390e+02 5.0239999390e+02
5.0429998779e+02 5.0460000610e+02 5.0479998779e+02 5.0479998779e+02 5.0479998779e+02 5.0479998779e+02 5.0479998779e+02 5.0489999390e+02 5.0489999390e+02 5.0479998779e+02 5.0479998779e+02 5.0479998779e+02 5.0489999390e+02 5.0489999390e+02 5.0510000610e+02 5.0529998779e+02 5.0520001221e+02 5.0500000000e+02 5.0489999390e+02 5.0479998779e+02 5.0479998779e+02 5.0470001221e+02 5.0460000610e+02 5.0450000000e+02 5.0420001221e+02 5.0389999390e+02 5.0370001221e+02 5.0350000000e+02 5.0329998779e+02 5.0310000610e+02 5.0289999390e+02 5.0279998779e+02 5.0260000610e+02 5.0250000000e+02 5.0239999390e+02 5.0239999390e+02 5.0239999390e+02 5.0239999390e+02 5.0239999390e+02 5.0239999390e+02 5.0239999390e+02 5.0239999390e+02 5.0239999390e+02 5.0239999390e+02 5.0239999390e+02 5.0239999390e+02
5.0389999390e+02 5.0429998779e+02 5.0460000610e+02 5.0479998779e+02 5.0489999390e+02 5.0489999390e+02 5.0489999390e+02 5.0489999390e+02 5.0489999390e+02 5.0489999390e+02 5.0479998779e+02 5.0489999390e+02 5.0489999390e+02 5.0489999390e+02 5.0510000610e+02 5.0510000610e+02 5.0510000610e+02 5.0500000000e+02 5.0489999390e+02 5.0479998779e+02 5.0470001221e+02 5.0460000610e+02 5.0439999390e+02 5.0420001221e+02 5.0389999390e+02 5.0370001221e+02 5.0350000000e+02 5.0329998779e+02 5.0320001221e+02 5.0310000610e+02 5.0289999390e+02 5.0270001221e+02 5.0260000610e+02 5.0250000000e+02 5.0250000000e+02 5.0250000000e+02 5.0250000000e+02 5.0250000000e+02 5.0239999390e+02 5.0239999390e+02 5.0239999390e+02 5.0239999390e+02 5.0239999390e+02 5.0239999390e+02 5.0239999390e+02 5.0239999390e+02
5.0329998779e+02 5.0389999390e+02 5.0439999390e+02 5.0470001221e+02 5.0489999390e+02 5.0489999390e+02 5.0489999390e+02 5.0489999390e+02 5.0489999390e+02 5.0489999390e+02 5.0489999390e+02 5.0500000000e+02 5.0489999390e+02 5.0489999390e+02 5.0489999390e+02 5.0500000000e+02 5.0500000000e+02 5.0500000000e+02 5.0479998779e+02 5.0470001221e+02 5.0460000610e+02 5.0450000000e+02 5.0429998779e+02 5.0400000000e+02 5.0379998779e+02 5.0360000610e+02 5.0339999390e+02 5.0329998779e+02 5.0310000610e+02 5.0300000000e+02 5.0270001221e+02 5.0260000610e+02 5.0250000000e+02 5.0250000000e+02 5.0250000000e+02 5.0250000000e+02 5.0250000000e+02 5.0250000000e+02 5.0239999390e+02 5.0239999390e+02 5.0239999390e+02 5.0239999390e+02 5.0239999390e+02 5.0239999390e+02 5.0239999390e+02 5.0239999390e+02
5.0289999390e+02 5.0339999390e+02 5.0400000000e+02 5.0450000000e+02 5.0479998779e+02 5.0489999390e+02 5.0489999390e+02 5.0489999390e+02 5.0489999390e+02 5.0489999390e+02 5.0500000000e+02 5.0500000000e+02 5.0500000000e+02 5.0489999390e+02 5.0489999390e+02 5.0500000000e+02 5.0500000000e+02 5.0489999390e+02 5.0470001221e+02 5.0460000610e+02 5.0450000000e+02 5.0429998779e+02 5.0410000610e+02 5.0389999390e+02 5.0370001221e+02 5.0350000000e+02 5.0339999390e+02 5.0320001221e+02 5.0300000000e+02 5.0279998779e+02 5.0270001221e+02 5.0260000610e+02 5.0250000000e+02 5.0250000000e+02 5.0250000000e+02 5.0250000000e+02 5.0250000000e+02 5.0250000000e+02 5.0239999390e+02 5.0239999390e+02 5.0239999390e+02 5.0239999390e+02 5.0239999390e+02 5.0239999390e+02 5.0239999390e+02 5.0239999390e+02
5.0250000000e+02 5.0300000000e+02 5.0360000610e+02 5.0410000610e+02 5.0460000610e+02 5.0489999390e+02 5.0489999390e+02 5.0489999390e+02 5.0489999390e+02 5.0489999390e+02 5.0500000000e+02 5.0500000000e+02 5.0500000000e+02 5.0489999390e+02 5.0489999390e+02 5.0489999390e+02 5.0489999390e+02 5.0479998779e+02 5.0460000610e+02 5.0439999390e+02 5.0429998779e+02 5.0420001221e+02 5.0400000000e+02 5.0379998779e+02 5.0370001221e+02 5.0350000000e+02 5.0339999390e+02 5.0320001221e+02 5.0300000000e+02 5.0279998779e+02 5.0270001221e+02 5.0270001221e+02 5.0260000610e+02 5.0250000000e+02 5.0250000000e+02 5.0250000000e+02 5.0250000000e+02 5.0239999390e+02 5.0239999390e+02 5.0239999390e+02 5.0239999390e+02 5.0250000000e+02 5.0250000000e+02 5.0239999390e+02 5.0239999390e+02 5.0250000000e+02
5.0220001221e+02 5.0260000610e+02 5.0320001221e+02 5.0379998779e+02 5.0429998779e+02 5.0479998779e+02 5.0489999390e+02 5.0489999390e+02 5.0489999390e+02 5.0489999390e+02 5.0489999390e+02 5.0489999390e+02 5.0489999390e+02 5.0489999390e+02 5.0489999390e+02 5.0489999390e+02 5.0479998779e+02 5.0470001221e+02 5.0450000000e+02 5.0439999390e+02 5.0429998779e+02 5.0410000610e+02 5.0400000000e+02 5.0379998779e+02 5.0360000610e+02 5.0350000000e+02 5.0329998779e+02 5.0310000610e+02 5.0289999390e+02 5.0279998779e+02 5.0270001221e+02 5.0260000610e+02 5.0260000610e+02 5.0250000000e+02 5.0250000000e+02 5.0250000000e+02 5.0239999390e+02 5.0239999390e+02 5.0239999390e+02 5.0239999390e+02 5.0239999390e+02 5.0250000000e+02 5.0250000000e+02 5.0250000000e+02 5.0250000000e+02 5.0250000000e+02
5.0200000000e+02 5.0229998779e+02 5.0279998779e+02 5.0339999390e+02 5.0400000000e+02 5.0460000610e+02 5.0479998779e+02 5.0489999390e+02 5.0489999390e+02 5.0489999390e+02 5.0489999390e+02 5.0479998779e+02 5.0479998779e+02 5.0479998779e+02 5.0479998779e+02 5.0489999390e+02 5.0479998779e+02 5.0460000610e+02 5.0439999390e+02 5.0429998779e+02 5.0429998779e+02 5.0420001221e+02 5.0400000000e+02 5.0389999390e+02 5.0370001221e+02 5.0350000000e+02 5.0329998779e+02 5.0310000610e+02 5.0289999390e+02 5.0279998779e+02 5.0270001221e+02 5.0260000610e+02 5.0250000000e+02 5.0250000000e+02 5.0250000000e+02 5.0239999390e+02 5.0239999390e+02 5.0239999390e+02 5.0239999390e+02 5.0239999390e+02 5.0239999390e+02 5.0250000000e+02 5.0250000000e+02 5.0250000000e+02 5.0250000000e+02 5.0250000000e+02
5.0200000000e+02 5.0210000610e+02 5.0250000000e+02 5.0310000610e+02 5.0370001221e+02 5.0429998779e+02 5.0470001221e+02 5.0479998779e+02 5.0489999390e+02 5.0489999390e+02 5.0489999390e+02 5.0479998779e+02 5.0479998779e+02 5.0479998779e+02 5.0470001221e+02 5.0470001221e+02 5.0460000610e+02 5.0439999390e+02 5.0429998779e+02 5.0429998779e+02 5.0439999390e+02 5.0429998779e+02 5.0410000610e+02 5.0389999390e+02 5.0370001221e+02 5.0339999390e+02 5.0320001221e+02 5.0310000610e+02 5.0289999390e+02 5.0279998779e+02 5.0270001221e+02 5.0260000610e+02 5.0250000000e+02 5.0250000000e+02 5.0239999390e+02 5.0239999390e+02 5.0239999390e+02 5.0239999390e+02 5.0239999390e+02 5.0239999390e+02 5.0239999390e+02 5.0250000000e+02 5.0250000000e+02 5.0250000000e+02 5.0250000000e+02 5.0250000000e+02
5.0189999390e+02 5.0200000000e+02 5.0220001221e+02 5.0270001221e+02 5.0339999390e+02 5.0400000000e+02 5.0460000610e+02 5.0479998779e+02 5.0479998779e+02 5.0489999390e+02 5.0489999390e+02 5.0479998779e+02 5.0479998779e+02 5.0479998779e+02 5.0470001221e+02 5.0460000610e+02 5.0439999390e+02 5.0429998779e+02 5.0429998779e+02 5.0439999390e+02 5.0450000000e+02 5.0439999390e+02 5.0420001221e+02 5.0389999390e+02 5.0360000610e+02 5.0339999390e+02 5.0329998779e+02 5.0310000610e+02 5.0289999390e+02 5.0279998779e+02 5.0270001221e+02 5.0260000610e+02 5.0260000610e+02 5.0250000000e+02 5.0250000000e+02 5.0239999390e+02 5.0239999390e+02 5.0239999390e+02 5.0239999390e+02 5.0239999390e+02 5.0239999390e+02 5.0250000000e+02 5.0250000000e+02 5.0250000000e+02 5.0250000000e+02 5.0260000610e+02
5.0179998779e+02 5.0189999390e+02 5.0200000000e+02 5.0239999390e+02 5.0310000610e+02 5.0379998779e+02 5.0450000000e+02 5.0479998779e+02 5.0479998779e+02 5.0479998779e+02 5.0479998779e+02 5.0479998779e+02 5.0479998779e+02 5.0479998779e+02 5.0470001221e+02 5.0460000610e+02 5.0439999390e+02 5.0429998779e+02 5.0420001221e+02 5.0429998779e+02 5.0439999390e+02 5.0429998779e+02 5.0410000610e+02 5.0379998779e+02 5.0360000610e+02 5.0350000000e+02 5.0329998779e+02 5.0310000610e+02 5.0300000000e+02 5.0279998779e+02 5.0270001221e+02 5.0260000610e+02 5.0260000610e+02 5.0250000000e+02 5.0250000000e+02 5.0250000000e+02 5.0239999390e+02 5.0239999390e+02 5.0239999390e+02 5.0239999390e+02 5.0239999390e+02 5.0250000000e+02 5.0250000000e+02 5.0250000000e+02 5.0250000000e+02 5.0260000610e+02
5.0179998779e+02 5.0179998779e+02 5.0189999390e+02 5.0220001221e+02 5.0279998779e+02 5.0360000610e+02 5.0429998779e+02 5.0470001221e+02 5.0470001221e+02 5.0470001221e+02 5.0470001221e+02 5.0470001221e+02 5.0470001221e+02 5.0470001221e+02 5.0470001221e+02 5.0450000000e+02 5.0439999390e+02 5.0420001221e+02 5.0420001221e+02 5.0420001221e+02 5.0410000610e+02 5.0400000000e+02 5.0389999390e+02 5.0370001221e+02 5.0360000610e+02 5.0350000000e+02 5.0329998779e+02 5.0320001221e+02 5.0300000000e+02 5.0279998779e+02 5.0270001221e+02 5.0270001221e+02 5.0260000610e+02 5.0250000000e+02 5.0250000000e+02 5.0250000000e+02 5.0250000000e+02 5.0239999390e+02 5.0239999390e+02 5.0239999390e+02 5.0239999390e+02 5.0250000000e+02 5.0250000000e+02 5.0250000000e+02 5.0250000000e+02 5.0260000610e+02
5.0170001221e+02 5.0170001221e+02 5.0179998779e+02 5.0200000000e+02 5.0260000610e+02 5.0339999390e+02 5.0410000610e+02 5.0460000610e+02 5.0470001221e+02 5.0470001221e+02 5.0470001221e+02 5.0470001221e+02 5.0460000610e+02 5.0460000610e+02 5.0460000610e+02 5.0439999390e+02 5.0420001221e+02 5.0410000610e+02 5.0400000000e+02 5.0400000000e+02 5.0389999390e+02 5.0379998779e+02 5.0379998779e+02 5.0370001221e+02 5.0360000610e+02 5.0350000000e+02 5.0329998779e+02 5.0320001221e+02 5.0310000610e+02 5.0289999390e+02 5.0279998779e+02 5.0270001221e+02 5.0260000610e+02 5.0260000610e+02 5.0250000000e+02 5.0250000000e+02 5.0250000000e+02 5.0239999390e+02 5.0239999390e+02 5.0239999390e+02 5.0239999390e+02 5.0250000000e+02 5.0250000000e+02 5.0250000000e+02 5.0260000610e+02 5.0260000610e+02
5.0170001221e+02 5.0160000610e+02 5.0170001221e+02 5.0189999390e+02 5.0239999390e+02 5.0310000610e+02 5.0379998779e+02 5.0439999390e+02 5.0460000610e+02 5.0460000610e+02 5.0450000000e+02 5.0450000000e+02 5.0450000000e+02 5.0450000000e+02 5.0429998779e+02 5.0420001221e+02 5.0410000610e+02 5.0400000000e+02 5.0389999390e+02 5.0389999390e+02 5.0379998779e+02 5.0379998779e+02 5.0379998779e+02 5.0370001221e+02 5.0360000610e+02 5.0350000000e+02 5.0339999390e+02 5.0320001221e+02 5.0310000610e+02 5.0289999390e+02 5.0279998779e+02 5.0270001221e+02 5.0270001221e+02 5.0260000610e+02 5.0250000000e+02 5.0250000000e+02 5.0250000000e+02 5.0239999390e+02 5.0250000000e+02 5.0250000000e+02 5.0250000000e+02 5.0250000000e+02 5.0260000610e+02 5.0260000610e+02 5.0260000610e+02 5.0260000610e+02
5.0160000610e+02 5.0160000610e+02 5.0160000610e+02 5.0179998779e+02 5.0220001221e+02 5.0289999390e+02 5.0360000610e+02 5.0429998779e+02 5.0450000000e+02 5.0450000000e+02 5.0439999390e+02 5.0439999390e+02 5.0429998779e+02 5.0429998779e+02 5.0420001221e+02 5.0410000610e+02 5.0400000000e+02 5.0389999390e+02 5.0389999390e+02 5.0379998779e+02 5.0379998779e+02 5.0379998779e+02 5.0370001221e+02 5.0370001221e+02 5.0360000610e+02 5.0350000000e+02 5.0339999390e+02 5.0320001221e+02 5.0310000610e+02 5.0300000000e+02 5.0279998779e+02 5.0270001221e+02 5.0270001221e+02 5.0260000610e+02 5.0250000000e+02 5.0250000000e+02 5.0250000000e+02 5.0239999390e+02 5.0239999390e+02 5.0250000000e+02 5.0250000000e+02 5.0250000000e+02 5.0260000610e+02 5.0260000610e+02 5.0260000610e+02 5.0260000610e+02
5.0160000610e+02 5.0160000610e+02 5.0160000610e+02 5.0170001221e+02 5.0210000610e+02 5.0270001221e+02 5.0350000000e+02 5.0410000610e+02 5.0439999390e+02 5.0439999390e+02 5.0439999390e+02 5.0429998779e+02 5.0429998779e+02 5.0420001221e+02 5.0410000610e+02 5.0400000000e+02 5.0389999390e+02 5.0389999390e+02 5.0389999390e+02 5.0379998779e+02 5.0379998779e+02 5.0379998779e+02 5.0370001221e+02 5.0370001221e+02 5.0360000610e+02 5.0350000000e+02 5.0339999390e+02 5.0329998779e+02 5.0310000610e+02 5.0300000000e+02 5.0279998779e+02 5.0270001221e+02 5.0270001221e+02 5.0260000610e+02 5.0260000610e+02 5.0250000000e+02 5.0250000000e+02 5.0239999390e+02 5.0239999390e+02 5.0250000000e+02 5.0250000000e+02 5.0260000610e+02 5.0260000610e+02 5.0270001221e+02 5.0270001221e+02 5.0270001221e+02
5.0150000000e+02 5.0150000000e+02 5.0150000000e+02 5.0160000610e+02 5.0200000000e+02 5.0260000610e+02 5.0329998779e+02 5.0400000000e+02 5.0439999390e+02 5.0439999390e+02 5.0429998779e+02 5.0429998779e+02 5.0420001221e+02 5.0410000610e+02 5.0400000000e+02 5.0400000000e+02 5.0389999390e+02 5.0389999390e+02 5.0379998779e+02 5.0379998779e+02 5.0370001221e+02 5.0370001221e+02 5.0370001221e+02 5.0370001221e+02 5.0360000610e+02 5.0350000000e+02 5.0339999390e+02 5.0329998779e+02 5.0310000610e+02 5.0300000000e+02 5.0289999390e+02 5.0279998779e+02 5.0270001221e+02 5.0260000610e+02 5.0260000610e+02 5.0250000000e+02 5.0250000000e+02 5.0250000000e+02 5.0250000000e+02 5.0250000000e+02 5.0250000000e+02 5.0260000610e+02 5.0260000610e+02 5.0270001221e+02 5.0279998779e+02 5.0279998779e+02
