DGM_1M_UPPER_AUSTRIA/35/25.asc
NCOLS 100
NROWS 100
XLLCORNER 6.3650500000e+04
YLLCORNER 2.9278850000e+05
CELLSIZE 1.0000000000e+00
NODATA_VALUE -9.9990000000e+03
[rows 0 to 19 of 100, columns 0 to 45 of 100]
5.1679998779e+02 5.1679998779e+02 5.1679998779e+02 5.1679998779e+02 5.1670001221e+02 5.1650000000e+02 5.1640002441e+02 5.1620001221e+02 5.1590002441e+02 5.1559997559e+02 5.1540002441e+02 5.1520001221e+02 5.1520001221e+02 5.1509997559e+02 5.1500000000e+02 5.1490002441e+02 5.1490002441e+02 5.1500000000e+02 5.1500000000e+02 5.1479998779e+02 5.1470001221e+02 5.1450000000e+02 5.1440002441e+02 5.1429998779e+02 5.1429998779e+02 5.1440002441e+02 5.1440002441e+02 5.1420001221e+02 5.1409997559e+02 5.1400000000e+02 5.1390002441e+02 5.1379998779e+02 5.1370001221e+02 5.1350000000e+02 5.1320001221e+02 5.1300000000e+02 5.1300000000e+02 5.1309997559e+02 5.1290002441e+02 5.1259997559e+02 5.1220001221e+02 5.1160000610e+02 5.1089999390e+02 5.1010000610e+02 5.0929998779e+02 5.0850000000e+02
5.1679998779e+02 5.1679998779e+02 5.1679998779e+02 5.1670001221e+02 5.1659997559e+02 5.1650000000e+02 5.1629998779e+02 5.1609997559e+02 5.1579998779e+02 5.1559997559e+02 5.1540002441e+02 5.1529998779e+02 5.1520001221e+02 5.1520001221e+02 5.1509997559e+02 5.1500000000e+02 5.1500000000e+02 5.1500000000e+02 5.1490002441e+02 5.1479998779e+02 5.1479998779e+02 5.1470001221e+02 5.1470001221e+02 5.1450000000e+02 5.1450000000e+02 5.1459997559e+02 5.1459997559e+02 5.1440002441e+02 5.1420001221e+02 5.1400000000e+02 5.1390002441e+02 5.1379998779e+02 5.1379998779e+02 5.1359997559e+02 5.1340002441e+02 5.1320001221e+02 5.1320001221e+02 5.1320001221e+02 5.1320001221e+02 5.1290002441e+02 5.1250000000e+02 5.1200000000e+02 5.1139999390e+02 5.1070001221e+02 5.0989999390e+02 5.0910000610e+02
5.1679998779e+02 5.1679998779e+02 5.1679998779e+02 5.1670001221e+02 5.1659997559e+02 5.1650000000e+02 5.1629998779e+02 5.1620001221e+02 5.1590002441e+02 5.1579998779e+02 5.1559997559e+02 5.1550000000e+02 5.1529998779e+02 5.1520001221e+02 5.1520001221e+02 5.1509997559e+02 5.1509997559e+02 5.1509997559e+02 5.1500000000e+02 5.1490002441e+02 5.1490002441e+02 5.1490002441e+02 5.1479998779e+02 5.1470001221e+02 5.1470001221e+02 5.1500000000e+02 5.1500000000e+02 5.1470001221e+02 5.1450000000e+02 5.1420001221e+02 5.1400000000e+02 5.1379998779e+02 5.1379998779e+02 5.1370001221e+02 5.1350000000e+02 5.1329998779e+02 5.1329998779e+02 5.1329998779e+02 5.1329998779e+02 5.1320001221e+02 5.1290002441e+02 5.1240002441e+02 5.1179998779e+02 5.1120001221e+02 5.1050000000e+02 5.0970001221e+02
5.1679998779e+02 5.1679998779e+02 5.1679998779e+02 5.1670001221e+02 5.1659997559e+02 5.1650000000e+02 5.1640002441e+02 5.1629998779e+02 5.1620001221e+02 5.1600000000e+02 5.1579998779e+02 5.1570001221e+02 5.1559997559e+02 5.1550000000e+02 5.1540002441e+02 5.1529998779e+02 5.1520001221e+02 5.1520001221e+02 5.1509997559e+02 5.1500000000e+02 5.1500000000e+02 5.1500000000e+02 5.1490002441e+02 5.1490002441e+02 5.1509997559e+02 5.1550000000e+02 5.1559997559e+02 5.1529998779e+02 5.1500000000e+02 5.1470001221e+02 5.1429998779e+02 5.1409997559e+02 5.1379998779e+02 5.1370001221e+02 5.1350000000e+02 5.1350000000e+02 5.1340002441e+02 5.1340002441e+02 5.1340002441e+02 5.1340002441e+02 5.1309997559e+02 5.1270001221e+02 5.1220001221e+02 5.1170001221e+02 5.1100000000e+02 5.1029998779e+02
5.1679998779e+02 5.1679998779e+02 5.1670001221e+02 5.1670001221e+02 5.1659997559e+02 5.1650000000e+02 5.1650000000e+02 5.1640002441e+02 5.1629998779e+02 5.1620001221e+02 5.1600000000e+02 5.1590002441e+02 5.1579998779e+02 5.1559997559e+02 5.1550000000e+02 5.1550000000e+02 5.1540002441e+02 5.1529998779e+02 5.1520001221e+02 5.1520001221e+02 5.1520001221e+02 5.1509997559e+02 5.1520001221e+02 5.1529998779e+02 5.1559997559e+02 5.1600000000e+02 5.1609997559e+02 5.1600000000e+02 5.1570001221e+02 5.1529998779e+02 5.1490002441e+02 5.1450000000e+02 5.1420001221e+02 5.1379998779e+02 5.1359997559e+02 5.1350000000e+02 5.1350000000e+02 5.1350000000e+02 5.1350000000e+02 5.1350000000e+02 5.1340002441e+02 5.1309997559e+02 5.1270001221e+02 5.1209997559e+02 5.1150000000e+02 5.1089999390e+02
5.1679998779e+02 5.1679998779e+02 5.1670001221e+02 5.1670001221e+02 5.1659997559e+02 5.1650000000e+02 5.1650000000e+02 5.1640002441e+02 5.1629998779e+02 5.1609997559e+02 5.1600000000e+02 5.1590002441e+02 5.1590002441e+02 5.1579998779e+02 5.1570001221e+02 5.1559997559e+02 5.1559997559e+02 5.1550000000e+02 5.1550000000e+02 5.1540002441e+02 5.1540002441e+02 5.1540002441e+02 5.1550000000e+02 5.1570001221e+02 5.1600000000e+02 5.1629998779e+02 5.1650000000e+02 5.1650000000e+02 5.1629998779e+02 5.1600000000e+02 5.1559997559e+02 5.1529998779e+02 5.1479998779e+02 5.1440002441e+02 5.1390002441e+02 5.1370001221e+02 5.1359997559e+02 5.1359997559e+02 5.1370001221e+02 5.1370001221e+02 5.1359997559e+02 5.1340002441e+02 5.1309997559e+02 5.1259997559e+02 5.1200000000e+02 5.1139999390e+02
5.1679998779e+02 5.1679998779e+02 5.1670001221e+02 5.1670001221e+02 5.1659997559e+02 5.1650000000e+02 5.1650000000e+02 5.1640002441e+02 5.1620001221e+02 5.1609997559e+02 5.1600000000e+02 5.1600000000e+02 5.1600000000e+02 5.1590002441e+02 5.1579998779e+02 5.1570001221e+02 5.1570001221e+02 5.1570001221e+02 5.1559997559e+02 5.1559997559e+02 5.1559997559e+02 5.1559997559e+02 5.1570001221e+02 5.1590002441e+02 5.1620001221e+02 5.1650000000e+02 5.1659997559e+02 5.1670001221e+02 5.1659997559e+02 5.1650000000e+02 5.1629998779e+02 5.1600000000e+02 5.1570001221e+02 5.1520001221e+02 5.1459997559e+02 5.1409997559e+02 5.1370001221e+02 5.1370001221e+02 5.1370001221e+02 5.1379998779e+02 5.1379998779e+02 5.1379998779e+02 5.1350000000e+02 5.1300000000e+02 5.1240002441e+02 5.1179998779e+02
5.1679998779e+02 5.1679998779e+02 5.1679998779e+02 5.1670001221e+02 5.1670001221e+02 5.1659997559e+02 5.1650000000e+02 5.1640002441e+02 5.1629998779e+02 5.1620001221e+02 5.1609997559e+02 5.1609997559e+02 5.1600000000e+02 5.1600000000e+02 5.1579998779e+02 5.1579998779e+02 5.1579998779e+02 5.1579998779e+02 5.1579998779e+02 5.1579998779e+02 5.1570001221e+02 5.1570001221e+02 5.1579998779e+02 5.1600000000e+02 5.1629998779e+02 5.1650000000e+02 5.1670001221e+02 5.1679998779e+02 5.1679998779e+02 5.1670001221e+02 5.1670001221e+02 5.1659997559e+02 5.1629998779e+02 5.1590002441e+02 5.1529998779e+02 5.1479998779e+02 5.1420001221e+02 5.1390002441e+02 5.1379998779e+02 5.1390002441e+02 5.1400000000e+02 5.1400000000e+02 5.1390002441e+02 5.1350000000e+02 5.1279998779e+02 5.1220001221e+02
5.1679998779e+02 5.1679998779e+02 5.1679998779e+02 5.1670001221e+02 5.1670001221e+02 5.1659997559e+02 5.1650000000e+02 5.1640002441e+02 5.1640002441e+02 5.1629998779e+02 5.1620001221e+02 5.1609997559e+02 5.1609997559e+02 5.1600000000e+02 5.1590002441e+02 5.1590002441e+02 5.1590002441e+02 5.1590002441e+02 5.1600000000e+02 5.1600000000e+02 5.1590002441e+02 5.1590002441e+02 5.1590002441e+02 5.1609997559e+02 5.1629998779e+02 5.1650000000e+02 5.1670001221e+02 5.1679998779e+02 5.1679998779e+02 5.1679998779e+02 5.1679998779e+02 5.1670001221e+02 5.1659997559e+02 5.1640002441e+02 5.1590002441e+02 5.1540002441e+02 5.1479998779e+02 5.1420001221e+02 5.1400000000e+02 5.1400000000e+02 5.1409997559e+02 5.1409997559e+02 5.1409997559e+02 5.1379998779e+02 5.1329998779e+02 5.1259997559e+02
5.1679998779e+02 5.1679998779e+02 5.1679998779e+02 5.1679998779e+02 5.1670001221e+02 5.1670001221e+02 5.1659997559e+02 5.1650000000e+02 5.1650000000e+02 5.1640002441e+02 5.1629998779e+02 5.1620001221e+02 5.1620001221e+02 5.1609997559e+02 5.1600000000e+02 5.1600000000e+02 5.1600000000e+02 5.1609997559e+02 5.1609997559e+02 5.1600000000e+02 5.1600000000e+02 5.1600000000e+02 5.1600000000e+02 5.1620001221e+02 5.1640002441e+02 5.1659997559e+02 5.1670001221e+02 5.1679998779e+02 5.1679998779e+02 5.1690002441e+02 5.1679998779e+02 5.1679998779e+02 5.1670001221e+02 5.1659997559e+02 5.1629998779e+02 5.1579998779e+02 5.1520001221e+02 5.1459997559e+02 5.1420001221e+02 5.1420001221e+02 5.1420001221e+02 5.1429998779e+02 5.1420001221e+02 5.1409997559e+02 5.1359997559e+02 5.1300000000e+02
5.1690002441e+02 5.1679998779e+02 5.1679998779e+02 5.1679998779e+02 5.1670001221e+02 5.1670001221e+02 5.1670001221e+02 5.1659997559e+02 5.1659997559e+02 5.1650000000e+02 5.1629998779e+02 5.1629998779e+02 5.1620001221e+02 5.1620001221e+02 5.1620001221e+02 5.1609997559e+02 5.1609997559e+02 5.1609997559e+02 5.1609997559e+02 5.1609997559e+02 5.1609997559e+02 5.1609997559e+02 5.1620001221e+02 5.1629998779e+02 5.1640002441e+02 5.1659997559e+02 5.1670001221e+02 5.1679998779e+02 5.1690002441e+02 5.1690002441e+02 5.1679998779e+02 5.1679998779e+02 5.1679998779e+02 5.1670001221e+02 5.1659997559e+02 5.1609997559e+02 5.1559997559e+02 5.1500000000e+02 5.1450000000e+02 5.1429998779e+02 5.1429998779e+02 5.1440002441e+02 5.1440002441e+02 5.1429998779e+02 5.1390002441e+02 5.1340002441e+02
5.1690002441e+02 5.1690002441e+02 5.1690002441e+02 5.1679998779e+02 5.1670001221e+02 5.1670001221e+02 5.1670001221e+02 5.1670001221e+02 5.1659997559e+02 5.1659997559e+02 5.1640002441e+02 5.1629998779e+02 5.1629998779e+02 5.1629998779e+02 5.1629998779e+02 5.1629998779e+02 5.1629998779e+02 5.1629998779e+02 5.1629998779e+02 5.1620001221e+02 5.1620001221e+02 5.1620001221e+02 5.1629998779e+02 5.1629998779e+02 5.1640002441e+02 5.1659997559e+02 5.1670001221e+02 5.1679998779e+02 5.1679998779e+02 5.1690002441e+02 5.1679998779e+02 5.1679998779e+02 5.1679998779e+02 5.1679998779e+02 5.1670001221e+02 5.1650000000e+02 5.1600000000e+02 5.1540002441e+02 5.1490002441e+02 5.1450000000e+02 5.1450000000e+02 5.1450000000e+02 5.1450000000e+02 5.1450000000e+02 5.1429998779e+02 5.1379998779e+02
5.1690002441e+02 5.1690002441e+02 5.1690002441e+02 5.1690002441e+02 5.1679998779e+02 5.1670001221e+02 5.1679998779e+02 5.1679998779e+02 5.1670001221e+02 5.1659997559e+02 5.1650000000e+02 5.1640002441e+02 5.1640002441e+02 5.1640002441e+02 5.1640002441e+02 5.1640002441e+02 5.1640002441e+02 5.1629998779e+02 5.1629998779e+02 5.1629998779e+02 5.1629998779e+02 5.1629998779e+02 5.1629998779e+02 5.1640002441e+02 5.1650000000e+02 5.1659997559e+02 5.1670001221e+02 5.1679998779e+02 5.1690002441e+02 5.1690002441e+02 5.1679998779e+02 5.1679998779e+02 5.1679998779e+02 5.1679998779e+02 5.1679998779e+02 5.1670001221e+02 5.1650000000e+02 5.1590002441e+02 5.1529998779e+02 5.1479998779e+02 5.1459997559e+02 5.1459997559e+02 5.1470001221e+02 5.1470001221e+02 5.1459997559e+02 5.1420001221e+02
5.1679998779e+02 5.1679998779e+02 5.1690002441e+02 5.1679998779e+02 5.1679998779e+02 5.1679998779e+02 5.1690002441e+02 5.1690002441e+02 5.1679998779e+02 5.1670001221e+02 5.1659997559e+02 5.1659997559e+02 5.1659997559e+02 5.1659997559e+02 5.1659997559e+02 5.1650000000e+02 5.1640002441e+02 5.1640002441e+02 5.1640002441e+02 5.1640002441e+02 5.1640002441e+02 5.1640002441e+02 5.1640002441e+02 5.1650000000e+02 5.1650000000e+02 5.1659997559e+02 5.1670001221e+02 5.1679998779e+02 5.1679998779e+02 5.1679998779e+02 5.1679998779e+02 5.1679998779e+02 5.1679998779e+02 5.1690002441e+02 5.1690002441e+02 5.1690002441e+02 5.1670001221e+02 5.1629998779e+02 5.1570001221e+02 5.1520001221e+02 5.1479998779e+02 5.1479998779e+02 5.1479998779e+02 5.1479998779e+02 5.1479998779e+02 5.1459997559e+02
5.1679998779e+02 5.1679998779e+02 5.1679998779e+02 5.1679998779e+02 5.1690002441e+02 5.1690002441e+02 5.1700000000e+02 5.1700000000e+02 5.1690002441e+02 5.1679998779e+02 5.1670001221e+02 5.1670001221e+02 5.1670001221e+02 5.1670001221e+02 5.1659997559e+02 5.1659997559e+02 5.1650000000e+02 5.1640002441e+02 5.1650000000e+02 5.1650000000e+02 5.1650000000e+02 5.1650000000e+02 5.1650000000e+02 5.1650000000e+02 5.1659997559e+02 5.1659997559e+02 5.1670001221e+02 5.1679998779e+02 5.1679998779e+02 5.1679998779e+02 5.1679998779e+02 5.1679998779e+02 5.1679998779e+02 5.1690002441e+02 5.1690002441e+02 5.1690002441e+02 5.1679998779e+02 5.1659997559e+02 5.1620001221e+02 5.1559997559e+02 5.1509997559e+02 5.1490002441e+02 5.1490002441e+02 5.1500000000e+02 5.1500000000e+02 5.1490002441e+02
5.1679998779e+02 5.1679998779e+02 5.1679998779e+02 5.1679998779e+02 5.1679998779e+02 5.1700000000e+02 5.1709997559e+02 5.1709997559e+02 5.1690002441e+02 5.1690002441e+02 5.1679998779e+02 5.1679998779e+02 5.1679998779e+02 5.1670001221e+02 5.1670001221e+02 5.1659997559e+02 5.1659997559e+02 5.1659997559e+02 5.1670001221e+02 5.1670001221e+02 5.1659997559e+02 5.1659997559e+02 5.1659997559e+02 5.1659997559e+02 5.1650000000e+02 5.1659997559e+02 5.1670001221e+02 5.1679998779e+02 5.1679998779e+02 5.1679998779e+02 5.1679998779e+02 5.1679998779e+02 5.1690002441e+02 5.1690002441e+02 5.1690002441e+02 5.1679998779e+02 5.1679998779e+02 5.1670001221e+02 5.1650000000e+02 5.1600000000e+02 5.1540002441e+02 5.1509997559e+02 5.1509997559e+02 5.1509997559e+02 5.1509997559e+02 5.1509997559e+02
5.1679998779e+02 5.1679998779e+02 5.1679998779e+02 5.1679998779e+02 5.1679998779e+02 5.1690002441e+02 5.1709997559e+02 5.1700000000e+02 5.1690002441e+02 5.1690002441e+02 5.1690002441e+02 5.1679998779e+02 5.1679998779e+02 5.1679998779e+02 5.1670001221e+02 5.1670001221e+02 5.1670001221e+02 5.1670001221e+02 5.1679998779e+02 5.1679998779e+02 5.1670001221e+02 5.1659997559e+02 5.1659997559e+02 5.1659997559e+02 5.1650000000e+02 5.1659997559e+02 5.1670001221e+02 5.1679998779e+02 5.1679998779e+02 5.1679998779e+02 5.1679998779e+02 5.1679998779e+02 5.1679998779e+02 5.1690002441e+02 5.1679998779e+02 5.1670001221e+02 5.1670001221e+02 5.1659997559e+02 5.1650000000e+02 5.1620001221e+02 5.1570001221e+02 5.1529998779e+02 5.1520001221e+02 5.1520001221e+02 5.1520001221e+02 5.1520001221e+02
5.1679998779e+02 5.1679998779e+02 5.1679998779e+02 5.1679998779e+02 5.1679998779e+02 5.1679998779e+02 5.1679998779e+02 5.1690002441e+02 5.1690002441e+02 5.1690002441e+02 5.1690002441e+02 5.1690002441e+02 5.1679998779e+02 5.1679998779e+02 5.1679998779e+02 5.1679998779e+02 5.1679998779e+02 5.1679998779e+02 5.1679998779e+02 5.1679998779e+02 5.1670001221e+02 5.1670001221e+02 5.1670001221e+02 5.1659997559e+02 5.1659997559e+02 5.1659997559e+02 5.1670001221e+02 5.1679998779e+02 5.1679998779e+02 5.1679998779e+02 5.1670001221e+02 5.1670001221e+02 5.1670001221e+02 5.1670001221e+02 5.1670001221e+02 5.1670001221e+02 5.1659997559e+02 5.1650000000e+02 5.1650000000e+02 5.1629998779e+02 5.1590002441e+02 5.1550000000e+02 5.1529998779e+02 5.1529998779e+02 5.1529998779e+02 5.1529998779e+02
5.1679998779e+02 5.1679998779e+02 5.1679998779e+02 5.1679998779e+02 5.1679998779e+02 5.1679998779e+02 5.1679998779e+02 5.1679998779e+02 5.1679998779e+02 5.1690002441e+02 5.1690002441e+02 5.1690002441e+02 5.1690002441e+02 5.1679998779e+02 5.1679998779e+02 5.1679998779e+02 5.1690002441e+02 5.1690002441e+02 5.1690002441e+02 5.1690002441e+02 5.1679998779e+02 5.1679998779e+02 5.1670001221e+02 5.1670001221e+02 5.1670001221e+02 5.1670001221e+02 5.1679998779e+02 5.1679998779e+02 5.1679998779e+02 5.1679998779e+02 5.1670001221e+02 5.1670001221e+02 5.1670001221e+02 5.1670001221e+02 5.1659997559e+02 5.1650000000e+02 5.1650000000e+02 5.1640002441e+02 5.1640002441e+02 5.1629998779e+02 5.1600000000e+02 5.1559997559e+02 5.1540002441e+02 5.1540002441e+02 5.1540002441e+02 5.1550000000e+02
5.1679998779e+02 5.1679998779e+02 5.1679998779e+02 5.1679998779e+02 5.1679998779e+02 5.1679998779e+02 5.1679998779e+02 5.1679998779e+02 5.1679998779e+02 5.1679998779e+02 5.1690002441e+02 5.1690002441e+02 5.1690002441e+02 5.1690002441e+02 5.1690002441e+02 5.1690002441e+02 5.1690002441e+02 5.1690002441e+02 5.1690002441e+02 5.1690002441e+02 5.1690002441e+02 5.1679998779e+02 5.1679998779e+02 5.1679998779e+02 5.1679998779e+02 5.1679998779e+02 5.1679998779e+02 5.1679998779e+02 5.1679998779e+02 5.1679998779e+02 5.1679998779e+02 5.1670001221e+02 5.1670001221e+02 5.1670001221e+02 5.1659997559e+02 5.1640002441e+02 5.1640002441e+02 5.1629998779e+02 5.1629998779e+02 5.1620001221e+02 5.1600000000e+02 5.1570001221e+02 5.1550000000e+02 5.1540002441e+02 5.1540002441e+02 5.1550000000e+02
