DGM_1M_UPPER_AUSTRIA/45/10.asc
NCOLS 100
NROWS 100
XLLCORNER 6.4650500000e+04
YLLCORNER 2.9428850000e+05
CELLSIZE 1.0000000000e+00
NODATA_VALUE -9.9990000000e+03
[rows 60 to 79 of 100, columns 0 to 45 of 100]
5.7950000000e+02 5.8000000000e+02 5.8040002441e+02 5.8090002441e+02 5.8129998779e+02 5.8179998779e+02 5.8209997559e+02 5.8250000000e+02 5.8290002441e+02 5.8340002441e+02 5.8390002441e+02 5.8450000000e+02 5.8509997559e+02 5.8579998779e+02 5.8640002441e+02 5.8679998779e+02 5.8729998779e+02 5.8790002441e+02 5.8840002441e+02 5.8850000000e+02 5.8840002441e+02 5.8840002441e+02 5.8840002441e+02 5.8850000000e+02 5.8870001221e+02 5.8900000000e+02 5.8940002441e+02 5.8959997559e+02 5.8990002441e+02 5.9000000000e+02 5.8970001221e+02 5.8909997559e+02 5.8820001221e+02 5.8740002441e+02 5.8659997559e+02 5.8529998779e+02 5.8340002441e+02 5.8200000000e+02 5.8129998779e+02 5.8090002441e+02 5.8079998779e+02 5.8059997559e+02 5.8029998779e+02 5.7990002441e+02 5.7959997559e+02 5.7940002441e+02
5.7909997559e+02 5.7950000000e+02 5.7990002441e+02 5.8040002441e+02 5.8079998779e+02 5.8129998779e+02 5.8159997559e+02 5.8200000000e+02 5.8229998779e+02 5.8270001221e+02 5.8320001221e+02 5.8370001221e+02 5.8429998779e+02 5.8509997559e+02 5.8570001221e+02 5.8620001221e+02 5.8679998779e+02 5.8750000000e+02 5.8779998779e+02 5.8779998779e+02 5.8759997559e+02 5.8750000000e+02 5.8750000000e+02 5.8759997559e+02 5.8779998779e+02 5.8800000000e+02 5.8820001221e+02 5.8850000000e+02 5.8890002441e+02 5.8909997559e+02 5.8879998779e+02 5.8800000000e+02 5.8709997559e+02 5.8629998779e+02 5.8479998779e+02 5.8329998779e+02 5.8200000000e+02 5.8100000000e+02 5.8040002441e+02 5.8009997559e+02 5.7990002441e+02 5.7970001221e+02 5.7929998779e+02 5.7900000000e+02 5.7870001221e+02 5.7859997559e+02
5.7870001221e+02 5.7909997559e+02 5.7950000000e+02 5.7990002441e+02 5.8029998779e+02 5.8079998779e+02 5.8109997559e+02 5.8129998779e+02 5.8159997559e+02 5.8190002441e+02 5.8220001221e+02 5.8259997559e+02 5.8300000000e+02 5.8370001221e+02 5.8450000000e+02 5.8520001221e+02 5.8590002441e+02 5.8659997559e+02 5.8690002441e+02 5.8679998779e+02 5.8659997559e+02 5.8650000000e+02 5.8659997559e+02 5.8670001221e+02 5.8679998779e+02 5.8690002441e+02 5.8700000000e+02 5.8729998779e+02 5.8770001221e+02 5.8790002441e+02 5.8779998779e+02 5.8709997559e+02 5.8600000000e+02 5.8450000000e+02 5.8279998779e+02 5.8140002441e+02 5.8079998779e+02 5.8000000000e+02 5.7959997559e+02 5.7940002441e+02 5.7909997559e+02 5.7879998779e+02 5.7850000000e+02 5.7820001221e+02 5.7800000000e+02 5.7779998779e+02
5.7820001221e+02 5.7870001221e+02 5.7900000000e+02 5.7940002441e+02 5.7979998779e+02 5.8020001221e+02 5.8050000000e+02 5.8070001221e+02 5.8090002441e+02 5.8120001221e+02 5.8129998779e+02 5.8159997559e+02 5.8190002441e+02 5.8240002441e+02 5.8309997559e+02 5.8390002441e+02 5.8459997559e+02 5.8509997559e+02 5.8540002441e+02 5.8550000000e+02 5.8550000000e+02 5.8550000000e+02 5.8559997559e+02 5.8570001221e+02 5.8570001221e+02 5.8570001221e+02 5.8579998779e+02 5.8609997559e+02 5.8650000000e+02 5.8670001221e+02 5.8659997559e+02 5.8600000000e+02 5.8470001221e+02 5.8270001221e+02 5.8100000000e+02 5.8000000000e+02 5.7959997559e+02 5.7920001221e+02 5.7890002441e+02 5.7859997559e+02 5.7840002441e+02 5.7809997559e+02 5.7779998779e+02 5.7750000000e+02 5.7720001221e+02 5.7700000000e+02
5.7779998779e+02 5.7820001221e+02 5.7859997559e+02 5.7900000000e+02 5.7940002441e+02 5.7959997559e+02 5.7990002441e+02 5.8009997559e+02 5.8029998779e+02 5.8040002441e+02 5.8059997559e+02 5.8100000000e+02 5.8140002441e+02 5.8170001221e+02 5.8209997559e+02 5.8270001221e+02 5.8340002441e+02 5.8370001221e+02 5.8409997559e+02 5.8429998779e+02 5.8450000000e+02 5.8459997559e+02 5.8470001221e+02 5.8470001221e+02 5.8459997559e+02 5.8440002441e+02 5.8429998779e+02 5.8459997559e+02 5.8490002441e+02 5.8490002441e+02 5.8490002441e+02 5.8440002441e+02 5.8290002441e+02 5.8100000000e+02 5.7959997559e+02 5.7900000000e+02 5.7870001221e+02 5.7840002441e+02 5.7820001221e+02 5.7790002441e+02 5.7759997559e+02 5.7740002441e+02 5.7709997559e+02 5.7679998779e+02 5.7650000000e+02 5.7629998779e+02
5.7750000000e+02 5.7779998779e+02 5.7820001221e+02 5.7850000000e+02 5.7879998779e+02 5.7909997559e+02 5.7940002441e+02 5.7950000000e+02 5.7959997559e+02 5.7979998779e+02 5.8000000000e+02 5.8029998779e+02 5.8070001221e+02 5.8100000000e+02 5.8129998779e+02 5.8190002441e+02 5.8250000000e+02 5.8279998779e+02 5.8320001221e+02 5.8359997559e+02 5.8379998779e+02 5.8379998779e+02 5.8370001221e+02 5.8329998779e+02 5.8300000000e+02 5.8270001221e+02 5.8229998779e+02 5.8220001221e+02 5.8220001221e+02 5.8209997559e+02 5.8259997559e+02 5.8229998779e+02 5.8100000000e+02 5.7950000000e+02 5.7850000000e+02 5.7820001221e+02 5.7790002441e+02 5.7770001221e+02 5.7740002441e+02 5.7720001221e+02 5.7700000000e+02 5.7670001221e+02 5.7640002441e+02 5.7609997559e+02 5.7579998779e+02 5.7559997559e+02
5.7709997559e+02 5.7740002441e+02 5.7770001221e+02 5.7809997559e+02 5.7840002441e+02 5.7870001221e+02 5.7879998779e+02 5.7890002441e+02 5.7900000000e+02 5.7920001221e+02 5.7929998779e+02 5.7950000000e+02 5.7979998779e+02 5.8009997559e+02 5.8040002441e+02 5.8090002441e+02 5.8150000000e+02 5.8200000000e+02 5.8240002441e+02 5.8279998779e+02 5.8300000000e+02 5.8290002441e+02 5.8229998779e+02 5.8150000000e+02 5.8109997559e+02 5.8090002441e+02 5.8040002441e+02 5.8020001221e+02 5.8000000000e+02 5.8000000000e+02 5.8040002441e+02 5.8009997559e+02 5.7900000000e+02 5.7809997559e+02 5.7759997559e+02 5.7740002441e+02 5.7720001221e+02 5.7690002441e+02 5.7659997559e+02 5.7640002441e+02 5.7629998779e+02 5.7600000000e+02 5.7570001221e+02 5.7540002441e+02 5.7509997559e+02 5.7490002441e+02
5.7670001221e+02 5.7690002441e+02 5.7729998779e+02 5.7770001221e+02 5.7800000000e+02 5.7820001221e+02 5.7829998779e+02 5.7840002441e+02 5.7840002441e+02 5.7850000000e+02 5.7859997559e+02 5.7870001221e+02 5.7879998779e+02 5.7900000000e+02 5.7920001221e+02 5.7959997559e+02 5.8009997559e+02 5.8059997559e+02 5.8120001221e+02 5.8170001221e+02 5.8190002441e+02 5.8170001221e+02 5.8100000000e+02 5.8000000000e+02 5.7959997559e+02 5.7950000000e+02 5.7920001221e+02 5.7900000000e+02 5.7890002441e+02 5.7870001221e+02 5.7859997559e+02 5.7820001221e+02 5.7740002441e+02 5.7700000000e+02 5.7679998779e+02 5.7670001221e+02 5.7640002441e+02 5.7620001221e+02 5.7590002441e+02 5.7570001221e+02 5.7559997559e+02 5.7529998779e+02 5.7500000000e+02 5.7470001221e+02 5.7450000000e+02 5.7420001221e+02
5.7620001221e+02 5.7650000000e+02 5.7679998779e+02 5.7709997559e+02 5.7729998779e+02 5.7750000000e+02 5.7759997559e+02 5.7770001221e+02 5.7770001221e+02 5.7779998779e+02 5.7800000000e+02 5.7800000000e+02 5.7800000000e+02 5.7800000000e+02 5.7809997559e+02 5.7820001221e+02 5.7850000000e+02 5.7879998779e+02 5.7929998779e+02 5.7979998779e+02 5.8000000000e+02 5.7970001221e+02 5.7909997559e+02 5.7859997559e+02 5.7840002441e+02 5.7829998779e+02 5.7820001221e+02 5.7809997559e+02 5.7800000000e+02 5.7770001221e+02 5.7729998779e+02 5.7690002441e+02 5.7640002441e+02 5.7620001221e+02 5.7609997559e+02 5.7600000000e+02 5.7570001221e+02 5.7540002441e+02 5.7520001221e+02 5.7500000000e+02 5.7490002441e+02 5.7459997559e+02 5.7429998779e+02 5.7400000000e+02 5.7379998779e+02 5.7350000000e+02
5.7570001221e+02 5.7600000000e+02 5.7629998779e+02 5.7650000000e+02 5.7670001221e+02 5.7679998779e+02 5.7690002441e+02 5.7709997559e+02 5.7720001221e+02 5.7720001221e+02 5.7720001221e+02 5.7729998779e+02 5.7729998779e+02 5.7729998779e+02 5.7720001221e+02 5.7720001221e+02 5.7729998779e+02 5.7740002441e+02 5.7750000000e+02 5.7770001221e+02 5.7779998779e+02 5.7770001221e+02 5.7759997559e+02 5.7750000000e+02 5.7740002441e+02 5.7740002441e+02 5.7729998779e+02 5.7720001221e+02 5.7709997559e+02 5.7670001221e+02 5.7640002441e+02 5.7600000000e+02 5.7579998779e+02 5.7559997559e+02 5.7550000000e+02 5.7520001221e+02 5.7500000000e+02 5.7470001221e+02 5.7450000000e+02 5.7429998779e+02 5.7409997559e+02 5.7390002441e+02 5.7359997559e+02 5.7340002441e+02 5.7309997559e+02 5.7290002441e+02
5.7520001221e+02 5.7550000000e+02 5.7570001221e+02 5.7590002441e+02 5.7609997559e+02 5.7620001221e+02 5.7629998779e+02 5.7640002441e+02 5.7650000000e+02 5.7650000000e+02 5.7659997559e+02 5.7659997559e+02 5.7659997559e+02 5.7659997559e+02 5.7650000000e+02 5.7650000000e+02 5.7650000000e+02 5.7659997559e+02 5.7659997559e+02 5.7650000000e+02 5.7650000000e+02 5.7659997559e+02 5.7659997559e+02 5.7659997559e+02 5.7659997559e+02 5.7650000000e+02 5.7640002441e+02 5.7629998779e+02 5.7609997559e+02 5.7590002441e+02 5.7559997559e+02 5.7540002441e+02 5.7509997559e+02 5.7490002441e+02 5.7479998779e+02 5.7450000000e+02 5.7429998779e+02 5.7400000000e+02 5.7379998779e+02 5.7370001221e+02 5.7340002441e+02 5.7320001221e+02 5.7300000000e+02 5.7270001221e+02 5.7250000000e+02 5.7220001221e+02
5.7459997559e+02 5.7500000000e+02 5.7509997559e+02 5.7529998779e+02 5.7550000000e+02 5.7559997559e+02 5.7559997559e+02 5.7570001221e+02 5.7579998779e+02 5.7590002441e+02 5.7609997559e+02 5.7609997559e+02 5.7600000000e+02 5.7600000000e+02 5.7590002441e+02 5.7590002441e+02 5.7590002441e+02 5.7590002441e+02 5.7579998779e+02 5.7579998779e+02 5.7579998779e+02 5.7590002441e+02 5.7579998779e+02 5.7579998779e+02 5.7579998779e+02 5.7570001221e+02 5.7559997559e+02 5.7550000000e+02 5.7540002441e+02 5.7520001221e+02 5.7500000000e+02 5.7470001221e+02 5.7440002441e+02 5.7420001221e+02 5.7390002441e+02 5.7370001221e+02 5.7350000000e+02 5.7329998779e+02 5.7309997559e+02 5.7290002441e+02 5.7270001221e+02 5.7250000000e+02 5.7229998779e+02 5.7200000000e+02 5.7179998779e+02 5.7159997559e+02
5.7390002441e+02 5.7429998779e+02 5.7459997559e+02 5.7470001221e+02 5.7479998779e+02 5.7490002441e+02 5.7490002441e+02 5.7490002441e+02 5.7509997559e+02 5.7520001221e+02 5.7540002441e+02 5.7540002441e+02 5.7529998779e+02 5.7520001221e+02 5.7520001221e+02 5.7509997559e+02 5.7509997559e+02 5.7509997559e+02 5.7509997559e+02 5.7509997559e+02 5.7509997559e+02 5.7509997559e+02 5.7509997559e+02 5.7509997559e+02 5.7509997559e+02 5.7490002441e+02 5.7479998779e+02 5.7459997559e+02 5.7459997559e+02 5.7440002441e+02 5.7420001221e+02 5.7390002441e+02 5.7370001221e+02 5.7350000000e+02 5.7320001221e+02 5.7300000000e+02 5.7279998779e+02 5.7270001221e+02 5.7240002441e+02 5.7229998779e+02 5.7200000000e+02 5.7179998779e+02 5.7159997559e+02 5.7140002441e+02 5.7120001221e+02 5.7090002441e+02
5.7329998779e+02 5.7370001221e+02 5.7400000000e+02 5.7409997559e+02 5.7420001221e+02 5.7420001221e+02 5.7420001221e+02 5.7420001221e+02 5.7429998779e+02 5.7450000000e+02 5.7459997559e+02 5.7470001221e+02 5.7470001221e+02 5.7450000000e+02 5.7440002441e+02 5.7440002441e+02 5.7440002441e+02 5.7440002441e+02 5.7429998779e+02 5.7429998779e+02 5.7429998779e+02 5.7429998779e+02 5.7429998779e+02 5.7429998779e+02 5.7429998779e+02 5.7409997559e+02 5.7400000000e+02 5.7390002441e+02 5.7370001221e+02 5.7359997559e+02 5.7340002441e+02 5.7320001221e+02 5.7300000000e+02 5.7290002441e+02 5.7259997559e+02 5.7240002441e+02 5.7220001221e+02 5.7200000000e+02 5.7179998779e+02 5.7159997559e+02 5.7140002441e+02 5.7120001221e+02 5.7090002441e+02 5.7079998779e+02 5.7050000000e+02 5.7029998779e+02
5.7270001221e+02 5.7300000000e+02 5.7340002441e+02 5.7359997559e+02 5.7359997559e+02 5.7359997559e+02 5.7350000000e+02 5.7350000000e+02 5.7359997559e+02 5.7370001221e+02 5.7390002441e+02 5.7400000000e+02 5.7400000000e+02 5.7379998779e+02 5.7370001221e+02 5.7370001221e+02 5.7370001221e+02 5.7370001221e+02 5.7359997559e+02 5.7350000000e+02 5.7350000000e+02 5.7350000000e+02 5.7350000000e+02 5.7350000000e+02 5.7340002441e+02 5.7329998779e+02 5.7320001221e+02 5.7309997559e+02 5.7290002441e+02 5.7279998779e+02 5.7259997559e+02 5.7240002441e+02 5.7229998779e+02 5.7220001221e+02 5.7190002441e+02 5.7170001221e+02 5.7150000000e+02 5.7129998779e+02 5.7120001221e+02 5.7090002441e+02 5.7070001221e+02 5.7059997559e+02 5.7040002441e+02 5.7009997559e+02 5.6979998779e+02 5.6959997559e+02
5.7179998779e+02 5.7220001221e+02 5.7270001221e+02 5.7300000000e+02 5.7300000000e+02 5.7290002441e+02 5.7290002441e+02 5.7290002441e+02 5.7290002441e+02 5.7309997559e+02 5.7320001221e+02 5.7329998779e+02 5.7320001221e+02 5.7320001221e+02 5.7309997559e+02 5.7300000000e+02 5.7300000000e+02 5.7300000000e+02 5.7300000000e+02 5.7290002441e+02 5.7279998779e+02 5.7279998779e+02 5.7279998779e+02 5.7270001221e+02 5.7259997559e+02 5.7250000000e+02 5.7240002441e+02 5.7229998779e+02 5.7220001221e+02 5.7200000000e+02 5.7190002441e+02 5.7170001221e+02 5.7150000000e+02 5.7140002441e+02 5.7120001221e+02 5.7090002441e+02 5.7079998779e+02 5.7079998779e+02 5.7059997559e+02 5.7029998779e+02 5.7009997559e+02 5.6990002441e+02 5.6979998779e+02 5.6950000000e+02 5.6909997559e+02 5.6890002441e+02
5.7100000000e+02 5.7150000000e+02 5.7200000000e+02 5.7229998779e+02 5.7229998779e+02 5.7229998779e+02 5.7220001221e+02 5.7220001221e+02 5.7220001221e+02 5.7229998779e+02 5.7250000000e+02 5.7259997559e+02 5.7250000000e+02 5.7250000000e+02 5.7250000000e+02 5.7240002441e+02 5.7240002441e+02 5.7229998779e+02 5.7229998779e+02 5.7220001221e+02 5.7220001221e+02 5.7220001221e+02 5.7209997559e+02 5.7209997559e+02 5.7200000000e+02 5.7190002441e+02 5.7170001221e+02 5.7159997559e+02 5.7140002441e+02 5.7129998779e+02 5.7120001221e+02 5.7100000000e+02 5.7079998779e+02 5.7070001221e+02 5.7050000000e+02 5.7020001221e+02 5.7009997559e+02 5.7009997559e+02 5.6990002441e+02 5.6959997559e+02 5.6940002441e+02 5.6929998779e+02 5.6909997559e+02 5.6879998779e+02 5.6850000000e+02 5.6820001221e+02
5.7020001221e+02 5.7070001221e+02 5.7109997559e+02 5.7140002441e+02 5.7159997559e+02 5.7159997559e+02 5.7159997559e+02 5.7159997559e+02 5.7159997559e+02 5.7159997559e+02 5.7170001221e+02 5.7179998779e+02 5.7179998779e+02 5.7179998779e+02 5.7179998779e+02 5.7179998779e+02 5.7170001221e+02 5.7170001221e+02 5.7159997559e+02 5.7150000000e+02 5.7140002441e+02 5.7150000000e+02 5.7150000000e+02 5.7150000000e+02 5.7140002441e+02 5.7120001221e+02 5.7100000000e+02 5.7090002441e+02 5.7070001221e+02 5.7059997559e+02 5.7050000000e+02 5.7029998779e+02 5.7020001221e+02 5.6990002441e+02 5.6970001221e+02 5.6950000000e+02 5.6929998779e+02 5.6929998779e+02 5.6909997559e+02 5.6900000000e+02 5.6879998779e+02 5.6859997559e+02 5.6840002441e+02 5.6809997559e+02 5.6779998779e+02 5.6759997559e+02
5.6950000000e+02 5.6990002441e+02 5.7029998779e+02 5.7059997559e+02 5.7070001221e+02 5.7079998779e+02 5.7090002441e+02 5.7100000000e+02 5.7109997559e+02 5.7109997559e+02 5.7109997559e+02 5.7109997559e+02 5.7120001221e+02 5.7109997559e+02 5.7109997559e+02 5.7109997559e+02 5.7109997559e+02 5.7100000000e+02 5.7090002441e+02 5.7079998779e+02 5.7079998779e+02 5.7070001221e+02 5.7079998779e+02 5.7079998779e+02 5.7070001221e+02 5.7050000000e+02 5.7029998779e+02 5.7020001221e+02 5.7000000000e+02 5.6990002441e+02 5.6979998779e+02 5.6959997559e+02 5.6940002441e+02 5.6920001221e+02 5.6900000000e+02 5.6879998779e+02 5.6859997559e+02 5.6850000000e+02 5.6840002441e+02 5.6820001221e+02 5.6809997559e+02 5.6790002441e+02 5.6770001221e+02 5.6740002441e+02 5.6720001221e+02 5.6690002441e+02
5.6900000000e+02 5.6909997559e+02 5.6940002441e+02 5.6970001221e+02 5.6979998779e+02 5.7000000000e+02 5.7020001221e+02 5.7040002441e+02 5.7050000000e+02 5.7050000000e+02 5.7050000000e+02 5.7050000000e+02 5.7050000000e+02 5.7059997559e+02 5.7059997559e+02 5.7059997559e+02 5.7050000000e+02 5.7040002441e+02 5.7029998779e+02 5.7020001221e+02 5.7009997559e+02 5.7009997559e+02 5.7000000000e+02 5.7000000000e+02 5.6990002441e+02 5.6970001221e+02 5.6959997559e+02 5.6940002441e+02 5.6929998779e+02 5.6920001221e+02 5.6900000000e+02 5.6890002441e+02 5.6870001221e+02 5.6850000000e+02 5.6829998779e+02 5.6809997559e+02 5.6790002441e+02 5.6770001221e+02 5.6759997559e+02 5.6750000000e+02 5.6729998779e+02 5.6720001221e+02 5.6700000000e+02 5.6679998779e+02 5.6650000000e+02 5.6629998779e+02
