DGM_1M_UPPER_AUSTRIA/45/29.asc
NCOLS 100
NROWS 100
XLLCORNER 6.4650500000e+04
YLLCORNER 2.9238850000e+05
CELLSIZE 1.0000000000e+00
NODATA_VALUE -9.9990000000e+03
[rows 0 to 19 of 100, columns 46 to 91 of 100]
5.2079998779e+02 5.2079998779e+02 5.2090002441e+02 5.2090002441e+02 5.2090002441e+02 5.2079998779e+02 5.2070001221e+02 5.2059997559e+02 5.2050000000e+02 5.2050000000e+02 5.2050000000e+02 5.2050000000e+02 5.2059997559e+02 5.2070001221e+02 5.2070001221e+02 5.2070001221e+02 5.2070001221e+02 5.2059997559e+02 5.2050000000e+02 5.2050000000e+02 5.2050000000e+02 5.2040002441e+02 5.2029998779e+02 5.2020001221e+02 5.2020001221e+02 5.2020001221e+02 5.2020001221e+02 5.2020001221e+02 5.2009997559e+02 5.2009997559e+02 5.2000000000e+02 5.1990002441e+02 5.1990002441e+02 5.1990002441e+02 5.1990002441e+02 5.1990002441e+02 5.1990002441e+02 5.1979998779e+02 5.1970001221e+02 5.1959997559e+02 5.1950000000e+02 5.1950000000e+02 5.1959997559e+02 5.1970001221e+02 5.1970001221e+02 5.1970001221e+02
5.2140002441e+02 5.2150000000e+02 5.2150000000e+02 5.2150000000e+02 5.2150000000e+02 5.2150000000e+02 5.2140002441e+02 5.2120001221e+02 5.2120001221e+02 5.2109997559e+02 5.2109997559e+02 5.2109997559e+02 5.2120001221e+02 5.2129998779e+02 5.2129998779e+02 5.2129998779e+02 5.2120001221e+02 5.2120001221e+02 5.2120001221e+02 5.2109997559e+02 5.2100000000e+02 5.2090002441e+02 5.2090002441e+02 5.2090002441e+02 5.2090002441e+02 5.2090002441e+02 5.2090002441e+02 5.2090002441e+02 5.2079998779e+02 5.2070001221e+02 5.2059997559e+02 5.2050000000e+02 5.2050000000e+02 5.2040002441e+02 5.2040002441e+02 5.2050000000e+02 5.2050000000e+02 5.2040002441e+02 5.2029998779e+02 5.2020001221e+02 5.2009997559e+02 5.2009997559e+02 5.2020001221e+02 5.2020001221e+02 5.2029998779e+02 5.2040002441e+02
5.2220001221e+02 5.2220001221e+02 5.2209997559e+02 5.2200000000e+02 5.2209997559e+02 5.2220001221e+02 5.2209997559e+02 5.2200000000e+02 5.2190002441e+02 5.2170001221e+02 5.2159997559e+02 5.2159997559e+02 5.2170001221e+02 5.2190002441e+02 5.2190002441e+02 5.2190002441e+02 5.2179998779e+02 5.2170001221e+02 5.2159997559e+02 5.2159997559e+02 5.2159997559e+02 5.2150000000e+02 5.2150000000e+02 5.2150000000e+02 5.2150000000e+02 5.2150000000e+02 5.2150000000e+02 5.2150000000e+02 5.2150000000e+02 5.2140002441e+02 5.2129998779e+02 5.2120001221e+02 5.2109997559e+02 5.2100000000e+02 5.2100000000e+02 5.2100000000e+02 5.2109997559e+02 5.2100000000e+02 5.2090002441e+02 5.2090002441e+02 5.2079998779e+02 5.2070001221e+02 5.2079998779e+02 5.2090002441e+02 5.2090002441e+02 5.2100000000e+02
5.2309997559e+02 5.2290002441e+02 5.2270001221e+02 5.2259997559e+02 5.2300000000e+02 5.2320001221e+02 5.2300000000e+02 5.2279998779e+02 5.2259997559e+02 5.2229998779e+02 5.2220001221e+02 5.2209997559e+02 5.2209997559e+02 5.2229998779e+02 5.2240002441e+02 5.2240002441e+02 5.2229998779e+02 5.2220001221e+02 5.2209997559e+02 5.2209997559e+02 5.2209997559e+02 5.2200000000e+02 5.2200000000e+02 5.2200000000e+02 5.2200000000e+02 5.2200000000e+02 5.2220001221e+02 5.2240002441e+02 5.2240002441e+02 5.2220001221e+02 5.2200000000e+02 5.2179998779e+02 5.2170001221e+02 5.2159997559e+02 5.2159997559e+02 5.2159997559e+02 5.2170001221e+02 5.2170001221e+02 5.2170001221e+02 5.2150000000e+02 5.2150000000e+02 5.2150000000e+02 5.2150000000e+02 5.2150000000e+02 5.2170001221e+02 5.2159997559e+02
5.2359997559e+02 5.2340002441e+02 5.2320001221e+02 5.2320001221e+02 5.2359997559e+02 5.2370001221e+02 5.2350000000e+02 5.2329998779e+02 5.2300000000e+02 5.2270001221e+02 5.2259997559e+02 5.2250000000e+02 5.2250000000e+02 5.2270001221e+02 5.2290002441e+02 5.2290002441e+02 5.2279998779e+02 5.2270001221e+02 5.2270001221e+02 5.2270001221e+02 5.2270001221e+02 5.2259997559e+02 5.2259997559e+02 5.2250000000e+02 5.2250000000e+02 5.2250000000e+02 5.2259997559e+02 5.2290002441e+02 5.2300000000e+02 5.2270001221e+02 5.2250000000e+02 5.2240002441e+02 5.2229998779e+02 5.2229998779e+02 5.2220001221e+02 5.2220001221e+02 5.2240002441e+02 5.2240002441e+02 5.2240002441e+02 5.2229998779e+02 5.2220001221e+02 5.2220001221e+02 5.2220001221e+02 5.2229998779e+02 5.2250000000e+02 5.2220001221e+02
5.2370001221e+02 5.2359997559e+02 5.2350000000e+02 5.2359997559e+02 5.2370001221e+02 5.2359997559e+02 5.2350000000e+02 5.2340002441e+02 5.2309997559e+02 5.2290002441e+02 5.2290002441e+02 5.2279998779e+02 5.2290002441e+02 5.2300000000e+02 5.2320001221e+02 5.2329998779e+02 5.2320001221e+02 5.2309997559e+02 5.2309997559e+02 5.2309997559e+02 5.2309997559e+02 5.2300000000e+02 5.2300000000e+02 5.2300000000e+02 5.2290002441e+02 5.2290002441e+02 5.2279998779e+02 5.2300000000e+02 5.2309997559e+02 5.2300000000e+02 5.2290002441e+02 5.2290002441e+02 5.2290002441e+02 5.2290002441e+02 5.2279998779e+02 5.2279998779e+02 5.2290002441e+02 5.2300000000e+02 5.2290002441e+02 5.2290002441e+02 5.2279998779e+02 5.2270001221e+02 5.2270001221e+02 5.2290002441e+02 5.2290002441e+02 5.2270001221e+02
5.2359997559e+02 5.2359997559e+02 5.2350000000e+02 5.2350000000e+02 5.2350000000e+02 5.2340002441e+02 5.2340002441e+02 5.2329998779e+02 5.2320001221e+02 5.2309997559e+02 5.2309997559e+02 5.2309997559e+02 5.2320001221e+02 5.2320001221e+02 5.2329998779e+02 5.2340002441e+02 5.2329998779e+02 5.2329998779e+02 5.2329998779e+02 5.2320001221e+02 5.2320001221e+02 5.2320001221e+02 5.2320001221e+02 5.2309997559e+02 5.2309997559e+02 5.2309997559e+02 5.2300000000e+02 5.2309997559e+02 5.2309997559e+02 5.2309997559e+02 5.2309997559e+02 5.2309997559e+02 5.2320001221e+02 5.2320001221e+02 5.2320001221e+02 5.2320001221e+02 5.2320001221e+02 5.2320001221e+02 5.2320001221e+02 5.2320001221e+02 5.2309997559e+02 5.2309997559e+02 5.2309997559e+02 5.2309997559e+02 5.2309997559e+02 5.2300000000e+02
5.2359997559e+02 5.2350000000e+02 5.2350000000e+02 5.2340002441e+02 5.2340002441e+02 5.2340002441e+02 5.2340002441e+02 5.2329998779e+02 5.2329998779e+02 5.2320001221e+02 5.2320001221e+02 5.2320001221e+02 5.2320001221e+02 5.2320001221e+02 5.2329998779e+02 5.2329998779e+02 5.2329998779e+02 5.2329998779e+02 5.2329998779e+02 5.2320001221e+02 5.2320001221e+02 5.2320001221e+02 5.2320001221e+02 5.2309997559e+02 5.2309997559e+02 5.2309997559e+02 5.2309997559e+02 5.2309997559e+02 5.2309997559e+02 5.2320001221e+02 5.2320001221e+02 5.2320001221e+02 5.2320001221e+02 5.2320001221e+02 5.2320001221e+02 5.2329998779e+02 5.2329998779e+02 5.2340002441e+02 5.2340002441e+02 5.2329998779e+02 5.2320001221e+02 5.2320001221e+02 5.2320001221e+02 5.2320001221e+02 5.2320001221e+02 5.2320001221e+02
5.2359997559e+02 5.2359997559e+02 5.2350000000e+02 5.2340002441e+02 5.2340002441e+02 5.2340002441e+02 5.2340002441e+02 5.2340002441e+02 5.2329998779e+02 5.2329998779e+02 5.2329998779e+02 5.2320001221e+02 5.2320001221e+02 5.2320001221e+02 5.2320001221e+02 5.2320001221e+02 5.2320001221e+02 5.2320001221e+02 5.2320001221e+02 5.2320001221e+02 5.2309997559e+02 5.2309997559e+02 5.2309997559e+02 5.2309997559e+02 5.2309997559e+02 5.2309997559e+02 5.2309997559e+02 5.2309997559e+02 5.2309997559e+02 5.2320001221e+02 5.2320001221e+02 5.2320001221e+02 5.2320001221e+02 5.2320001221e+02 5.2320001221e+02 5.2329998779e+02 5.2340002441e+02 5.2340002441e+02 5.2340002441e+02 5.2340002441e+02 5.2329998779e+02 5.2329998779e+02 5.2329998779e+02 5.2329998779e+02 5.2329998779e+02 5.2340002441e+02
5.2359997559e+02 5.2359997559e+02 5.2359997559e+02 5.2340002441e+02 5.2340002441e+02 5.2340002441e+02 5.2340002441e+02 5.2340002441e+02 5.2340002441e+02 5.2329998779e+02 5.2329998779e+02 5.2320001221e+02 5.2320001221e+02 5.2320001221e+02 5.2320001221e+02 5.2320001221e+02 5.2320001221e+02 5.2320001221e+02 5.2320001221e+02 5.2320001221e+02 5.2320001221e+02 5.2320001221e+02 5.2309997559e+02 5.2309997559e+02 5.2309997559e+02 5.2309997559e+02 5.2309997559e+02 5.2309997559e+02 5.2320001221e+02 5.2320001221e+02 5.2320001221e+02 5.2320001221e+02 5.2320001221e+02 5.2320001221e+02 5.2329998779e+02 5.2329998779e+02 5.2329998779e+02 5.2329998779e+02 5.2329998779e+02 5.2340002441e+02 5.2340002441e+02 5.2329998779e+02 5.2329998779e+02 5.2340002441e+02 5.2340002441e+02 5.2340002441e+02
5.2359997559e+02 5.2359997559e+02 5.2359997559e+02 5.2350000000e+02 5.2340002441e+02 5.2340002441e+02 5.2340002441e+02 5.2340002441e+02 5.2340002441e+02 5.2329998779e+02 5.2329998779e+02 5.2329998779e+02 5.2329998779e+02 5.2320001221e+02 5.2320001221e+02 5.2320001221e+02 5.2320001221e+02 5.2320001221e+02 5.2320001221e+02 5.2320001221e+02 5.2320001221e+02 5.2320001221e+02 5.2320001221e+02 5.2320001221e+02 5.2320001221e+02 5.2309997559e+02 5.2309997559e+02 5.2320001221e+02 5.2320001221e+02 5.2320001221e+02 5.2320001221e+02 5.2320001221e+02 5.2329998779e+02 5.2329998779e+02 5.2329998779e+02 5.2329998779e+02 5.2329998779e+02 5.2329998779e+02 5.2329998779e+02 5.2329998779e+02 5.2340002441e+02 5.2340002441e+02 5.2329998779e+02 5.2340002441e+02 5.2340002441e+02 5.2340002441e+02
5.2359997559e+02 5.2359997559e+02 5.2359997559e+02 5.2350000000e+02 5.2350000000e+02 5.2340002441e+02 5.2340002441e+02 5.2340002441e+02 5.2340002441e+02 5.2340002441e+02 5.2329998779e+02 5.2329998779e+02 5.2329998779e+02 5.2329998779e+02 5.2329998779e+02 5.2320001221e+02 5.2320001221e+02 5.2320001221e+02 5.2320001221e+02 5.2320001221e+02 5.2320001221e+02 5.2320001221e+02 5.2320001221e+02 5.2320001221e+02 5.2320001221e+02 5.2320001221e+02 5.2320001221e+02 5.2320001221e+02 5.2320001221e+02 5.2320001221e+02 5.2329998779e+02 5.2329998779e+02 5.2329998779e+02 5.2329998779e+02 5.2329998779e+02 5.2329998779e+02 5.2329998779e+02 5.2329998779e+02 5.2329998779e+02 5.2340002441e+02 5.2340002441e+02 5.2340002441e+02 5.2340002441e+02 5.2340002441e+02 5.2340002441e+02 5.2340002441e+02
5.2359997559e+02 5.2359997559e+02 5.2359997559e+02 5.2359997559e+02 5.2350000000e+02 5.2350000000e+02 5.2340002441e+02 5.2340002441e+02 5.2340002441e+02 5.2340002441e+02 5.2340002441e+02 5.2329998779e+02 5.2329998779e+02 5.2329998779e+02 5.2329998779e+02 5.2329998779e+02 5.2329998779e+02 5.2320001221e+02 5.2320001221e+02 5.2320001221e+02 5.2320001221e+02 5.2320001221e+02 5.2320001221e+02 5.2320001221e+02 5.2320001221e+02 5.2320001221e+02 5.2320001221e+02 5.2320001221e+02 5.2329998779e+02 5.2329998779e+02 5.2329998779e+02 5.2340002441e+02 5.2329998779e+02 5.2329998779e+02 5.2329998779e+02 5.2329998779e+02 5.2329998779e+02 5.2340002441e+02 5.2340002441e+02 5.2340002441e+02 5.2340002441e+02 5.2340002441e+02 5.2340002441e+02 5.2340002441e+02 5.2340002441e+02 5.2340002441e+02
5.2359997559e+02 5.2359997559e+02 5.2359997559e+02 5.2359997559e+02 5.2359997559e+02 5.2350000000e+02 5.2350000000e+02 5.2340002441e+02 5.2340002441e+02 5.2340002441e+02 5.2340002441e+02 5.2340002441e+02 5.2340002441e+02 5.2329998779e+02 5.2329998779e+02 5.2329998779e+02 5.2329998779e+02 5.2329998779e+02 5.2329998779e+02 5.2329998779e+02 5.2329998779e+02 5.2329998779e+02 5.2329998779e+02 5.2329998779e+02 5.2329998779e+02 5.2329998779e+02 5.2329998779e+02 5.2329998779e+02 5.2329998779e+02 5.2329998779e+02 5.2340002441e+02 5.2340002441e+02 5.2340002441e+02 5.2340002441e+02 5.2340002441e+02 5.2340002441e+02 5.2340002441e+02 5.2340002441e+02 5.2340002441e+02 5.2340002441e+02 5.2340002441e+02 5.2350000000e+02 5.2350000000e+02 5.2350000000e+02 5.2350000000e+02 5.2350000000e+02
5.2370001221e+02 5.2370001221e+02 5.2359997559e+02 5.2359997559e+02 5.2359997559e+02 5.2359997559e+02 5.2350000000e+02 5.2350000000e+02 5.2350000000e+02 5.2340002441e+02 5.2340002441e+02 5.2340002441e+02 5.2340002441e+02 5.2340002441e+02 5.2340002441e+02 5.2329998779e+02 5.2329998779e+02 5.2329998779e+02 5.2329998779e+02 5.2329998779e+02 5.2329998779e+02 5.2329998779e+02 5.2329998779e+02 5.2329998779e+02 5.2329998779e+02 5.2329998779e+02 5.2329998779e+02 5.2329998779e+02 5.2329998779e+02 5.2329998779e+02 5.2340002441e+02 5.2340002441e+02 5.2340002441e+02 5.2340002441e+02 5.2340002441e+02 5.2340002441e+02 5.2340002441e+02 5.2340002441e+02 5.2350000000e+02 5.2350000000e+02 5.2350000000e+02 5.2350000000e+02 5.2350000000e+02 5.2359997559e+02 5.2359997559e+02 5.2359997559e+02
5.2370001221e+02 5.2370001221e+02 5.2370001221e+02 5.2359997559e+02 5.2359997559e+02 5.2359997559e+02 5.2359997559e+02 5.2359997559e+02 5.2350000000e+02 5.2350000000e+02 5.2340002441e+02 5.2340002441e+02 5.2340002441e+02 5.2340002441e+02 5.2340002441e+02 5.2340002441e+02 5.2329998779e+02 5.2329998779e+02 5.2329998779e+02 5.2329998779e+02 5.2329998779e+02 5.2329998779e+02 5.2329998779e+02 5.2329998779e+02 5.2329998779e+02 5.2329998779e+02 5.2329998779e+02 5.2329998779e+02 5.2329998779e+02 5.2329998779e+02 5.2340002441e+02 5.2340002441e+02 5.2340002441e+02 5.2340002441e+02 5.2340002441e+02 5.2340002441e+02 5.2340002441e+02 5.2340002441e+02 5.2350000000e+02 5.2350000000e+02 5.2350000000e+02 5.2350000000e+02 5.2350000000e+02 5.2359997559e+02 5.2359997559e+02 5.2359997559e+02
5.2370001221e+02 5.2370001221e+02 5.2370001221e+02 5.2359997559e+02 5.2359997559e+02 5.2359997559e+02 5.2359997559e+02 5.2359997559e+02 5.2359997559e+02 5.2350000000e+02 5.2350000000e+02 5.2340002441e+02 5.2340002441e+02 5.2340002441e+02 5.2340002441e+02 5.2340002441e+02 5.2340002441e+02 5.2340002441e+02 5.2329998779e+02 5.2329998779e+02 5.2329998779e+02 5.2329998779e+02 5.2329998779e+02 5.2329998779e+02 5.2329998779e+02 5.2329998779e+02 5.2329998779e+02 5.2329998779e+02 5.2329998779e+02 5.2329998779e+02 5.2329998779e+02 5.2329998779e+02 5.2340002441e+02 5.2340002441e+02 5.2340002441e+02 5.2340002441e+02 5.2340002441e+02 5.2340002441e+02 5.2340002441e+02 5.2340002441e+02 5.2350000000e+02 5.2350000000e+02 5.2350000000e+02 5.2350000000e+02 5.2350000000e+02 5.2350000000e+02
5.2370001221e+02 5.2370001221e+02 5.2370001221e+02 5.2370001221e+02 5.2359997559e+02 5.2359997559e+02 5.2359997559e+02 5.2359997559e+02 5.2359997559e+02 5.2359997559e+02 5.2350000000e+02 5.2350000000e+02 5.2350000000e+02 5.2340002441e+02 5.2340002441e+02 5.2340002441e+02 5.2340002441e+02 5.2340002441e+02 5.2340002441e+02 5.2340002441e+02 5.2329998779e+02 5.2329998779e+02 5.2329998779e+02 5.2329998779e+02 5.2329998779e+02 5.2329998779e+02 5.2329998779e+02 5.2329998779e+02 5.2329998779e+02 5.2329998779e+02 5.2329998779e+02 5.2329998779e+02 5.2340002441e+02 5.2340002441e+02 5.2340002441e+02 5.2340002441e+02 5.2340002441e+02 5.2340002441e+02 5.2340002441e+02 5.2340002441e+02 5.2340002441e+02 5.2350000000e+02 5.2350000000e+02 5.2350000000e+02 5.2350000000e+02 5.2350000000e+02
5.2370001221e+02 5.2370001221e+02 5.2370001221e+02 5.2370001221e+02 5.2359997559e+02 5.2359997559e+02 5.2359997559e+02 5.2359997559e+02 5.2359997559e+02 5.2359997559e+02 5.2359997559e+02 5.2350000000e+02 5.2350000000e+02 5.2350000000e+02 5.2340002441e+02 5.2340002441e+02 5.2340002441e+02 5.2340002441e+02 5.2340002441e+02 5.2340002441e+02 5.2340002441e+02 5.2329998779e+02 5.2329998779e+02 5.2329998779e+02 5.2329998779e+02 5.2329998779e+02 5.2329998779e+02 5.2329998779e+02 5.2329998779e+02 5.2329998779e+02 5.2329998779e+02 5.2340002441e+02 5.2340002441e+02 5.2340002441e+02 5.2340002441e+02 5.2340002441e+02 5.2340002441e+02 5.2340002441e+02 5.2340002441e+02 5.2340002441e+02 5.2340002441e+02 5.2340002441e+02 5.2350000000e+02 5.2350000000e+02 5.2350000000e+02 5.2350000000e+02
5.2379998779e+02 5.2370001221e+02 5.2370001221e+02 5.2370001221e+02 5.2359997559e+02 5.2359997559e+02 5.2359997559e+02 5.2359997559e+02 5.2359997559e+02 5.2359997559e+02 5.2359997559e+02 5.2359997559e+02 5.2350000000e+02 5.2350000000e+02 5.2350000000e+02 5.2340002441e+02 5.2340002441e+02 5.2340002441e+02 5.2340002441e+02 5.2340002441e+02 5.2340002441e+02 5.2340002441e+02 5.2340002441e+02 5.2340002441e+02 5.2329998779e+02 5.2329998779e+02 5.2329998779e+02 5.2329998779e+02 5.2329998779e+02 5.2329998779e+02 5.2340002441e+02 5.2340002441e+02 5.2340002441e+02 5.2340002441e+02 5.2340002441e+02 5.2340002441e+02 5.2340002441e+02 5.2340002441e+02 5.2340002441e+02 5.2340002441e+02 5.2340002441e+02 5.2350000000e+02 5.2350000000e+02 5.2350000000e+02 5.2350000000e+02 5.2350000000e+02
