DGM_1M_UPPER_AUSTRIA/45/29.asc
NCOLS 100
NROWS 100
XLLCORNER 6.4650500000e+04
YLLCORNER 2.9238850000e+05
CELLSIZE 1.0000000000e+00
NODATA_VALUE -9.9990000000e+03
[rows 0 to 19 of 100, columns 0 to 45 of 100]
5.1010000610e+02 5.0989999390e+02 5.0989999390e+02 5.1000000000e+02 5.1010000610e+02 5.1029998779e+02 5.1060000610e+02 5.1089999390e+02 5.1139999390e+02 5.1290002441e+02 5.1490002441e+02 5.1609997559e+02 5.1679998779e+02 5.1729998779e+02 5.1779998779e+02 5.1800000000e+02 5.1820001221e+02 5.1870001221e+02 5.1909997559e+02 5.1950000000e+02 5.1990002441e+02 5.2020001221e+02 5.2040002441e+02 5.2040002441e+02 5.2050000000e+02 5.2050000000e+02 5.2040002441e+02 5.2040002441e+02 5.2040002441e+02 5.2050000000e+02 5.2059997559e+02 5.2070001221e+02 5.2070001221e+02 5.2079998779e+02 5.2090002441e+02 5.2100000000e+02 5.2100000000e+02 5.2100000000e+02 5.2100000000e+02 5.2090002441e+02 5.2090002441e+02 5.2090002441e+02 5.2079998779e+02 5.2070001221e+02 5.2070001221e+02 5.2070001221e+02
5.1089999390e+02 5.1079998779e+02 5.1079998779e+02 5.1100000000e+02 5.1100000000e+02 5.1120001221e+02 5.1139999390e+02 5.1170001221e+02 5.1229998779e+02 5.1390002441e+02 5.1579998779e+02 5.1700000000e+02 5.1779998779e+02 5.1829998779e+02 5.1870001221e+02 5.1900000000e+02 5.1929998779e+02 5.1970001221e+02 5.2000000000e+02 5.2029998779e+02 5.2059997559e+02 5.2079998779e+02 5.2090002441e+02 5.2090002441e+02 5.2090002441e+02 5.2079998779e+02 5.2079998779e+02 5.2090002441e+02 5.2100000000e+02 5.2120001221e+02 5.2129998779e+02 5.2129998779e+02 5.2140002441e+02 5.2150000000e+02 5.2170001221e+02 5.2170001221e+02 5.2179998779e+02 5.2170001221e+02 5.2170001221e+02 5.2150000000e+02 5.2150000000e+02 5.2150000000e+02 5.2140002441e+02 5.2140002441e+02 5.2140002441e+02 5.2140002441e+02
5.1179998779e+02 5.1200000000e+02 5.1200000000e+02 5.1189999390e+02 5.1189999390e+02 5.1209997559e+02 5.1240002441e+02 5.1270001221e+02 5.1350000000e+02 5.1509997559e+02 5.1659997559e+02 5.1759997559e+02 5.1850000000e+02 5.1920001221e+02 5.1959997559e+02 5.2000000000e+02 5.2029998779e+02 5.2050000000e+02 5.2079998779e+02 5.2100000000e+02 5.2120001221e+02 5.2120001221e+02 5.2120001221e+02 5.2120001221e+02 5.2120001221e+02 5.2120001221e+02 5.2140002441e+02 5.2150000000e+02 5.2170001221e+02 5.2190002441e+02 5.2190002441e+02 5.2200000000e+02 5.2209997559e+02 5.2220001221e+02 5.2229998779e+02 5.2240002441e+02 5.2240002441e+02 5.2240002441e+02 5.2229998779e+02 5.2220001221e+02 5.2209997559e+02 5.2200000000e+02 5.2200000000e+02 5.2209997559e+02 5.2209997559e+02 5.2209997559e+02
5.1279998779e+02 5.1309997559e+02 5.1300000000e+02 5.1300000000e+02 5.1290002441e+02 5.1300000000e+02 5.1320001221e+02 5.1350000000e+02 5.1429998779e+02 5.1579998779e+02 5.1709997559e+02 5.1820001221e+02 5.1909997559e+02 5.1979998779e+02 5.2040002441e+02 5.2079998779e+02 5.2120001221e+02 5.2129998779e+02 5.2140002441e+02 5.2159997559e+02 5.2159997559e+02 5.2170001221e+02 5.2170001221e+02 5.2170001221e+02 5.2179998779e+02 5.2190002441e+02 5.2200000000e+02 5.2220001221e+02 5.2240002441e+02 5.2250000000e+02 5.2250000000e+02 5.2250000000e+02 5.2270001221e+02 5.2290002441e+02 5.2290002441e+02 5.2300000000e+02 5.2290002441e+02 5.2290002441e+02 5.2290002441e+02 5.2270001221e+02 5.2259997559e+02 5.2250000000e+02 5.2270001221e+02 5.2290002441e+02 5.2309997559e+02 5.2309997559e+02
5.1370001221e+02 5.1400000000e+02 5.1400000000e+02 5.1400000000e+02 5.1390002441e+02 5.1379998779e+02 5.1379998779e+02 5.1420001221e+02 5.1520001221e+02 5.1659997559e+02 5.1800000000e+02 5.1890002441e+02 5.1970001221e+02 5.2040002441e+02 5.2100000000e+02 5.2150000000e+02 5.2179998779e+02 5.2190002441e+02 5.2200000000e+02 5.2200000000e+02 5.2200000000e+02 5.2209997559e+02 5.2220001221e+02 5.2220001221e+02 5.2240002441e+02 5.2259997559e+02 5.2270001221e+02 5.2290002441e+02 5.2300000000e+02 5.2300000000e+02 5.2300000000e+02 5.2300000000e+02 5.2320001221e+02 5.2329998779e+02 5.2340002441e+02 5.2340002441e+02 5.2329998779e+02 5.2320001221e+02 5.2320001221e+02 5.2309997559e+02 5.2300000000e+02 5.2300000000e+02 5.2320001221e+02 5.2340002441e+02 5.2370001221e+02 5.2370001221e+02
5.1450000000e+02 5.1490002441e+02 5.1500000000e+02 5.1490002441e+02 5.1479998779e+02 5.1459997559e+02 5.1479998779e+02 5.1529998779e+02 5.1670001221e+02 5.1809997559e+02 5.1900000000e+02 5.1970001221e+02 5.2029998779e+02 5.2100000000e+02 5.2170001221e+02 5.2209997559e+02 5.2240002441e+02 5.2240002441e+02 5.2240002441e+02 5.2240002441e+02 5.2250000000e+02 5.2270001221e+02 5.2290002441e+02 5.2290002441e+02 5.2300000000e+02 5.2320001221e+02 5.2329998779e+02 5.2340002441e+02 5.2350000000e+02 5.2350000000e+02 5.2350000000e+02 5.2350000000e+02 5.2359997559e+02 5.2359997559e+02 5.2350000000e+02 5.2350000000e+02 5.2350000000e+02 5.2340002441e+02 5.2340002441e+02 5.2340002441e+02 5.2320001221e+02 5.2329998779e+02 5.2350000000e+02 5.2359997559e+02 5.2370001221e+02 5.2370001221e+02
5.1540002441e+02 5.1579998779e+02 5.1600000000e+02 5.1600000000e+02 5.1590002441e+02 5.1600000000e+02 5.1700000000e+02 5.1800000000e+02 5.1900000000e+02 5.1990002441e+02 5.2009997559e+02 5.2050000000e+02 5.2100000000e+02 5.2159997559e+02 5.2220001221e+02 5.2259997559e+02 5.2270001221e+02 5.2279998779e+02 5.2290002441e+02 5.2300000000e+02 5.2320001221e+02 5.2329998779e+02 5.2340002441e+02 5.2350000000e+02 5.2350000000e+02 5.2359997559e+02 5.2359997559e+02 5.2370001221e+02 5.2370001221e+02 5.2370001221e+02 5.2370001221e+02 5.2370001221e+02 5.2359997559e+02 5.2359997559e+02 5.2359997559e+02 5.2359997559e+02 5.2359997559e+02 5.2350000000e+02 5.2350000000e+02 5.2350000000e+02 5.2340002441e+02 5.2350000000e+02 5.2359997559e+02 5.2359997559e+02 5.2359997559e+02 5.2350000000e+02
5.1640002441e+02 5.1700000000e+02 5.1709997559e+02 5.1720001221e+02 5.1720001221e+02 5.1790002441e+02 5.1929998779e+02 5.2029998779e+02 5.2079998779e+02 5.2109997559e+02 5.2120001221e+02 5.2140002441e+02 5.2179998779e+02 5.2229998779e+02 5.2279998779e+02 5.2300000000e+02 5.2320001221e+02 5.2320001221e+02 5.2329998779e+02 5.2350000000e+02 5.2359997559e+02 5.2359997559e+02 5.2359997559e+02 5.2370001221e+02 5.2370001221e+02 5.2370001221e+02 5.2370001221e+02 5.2370001221e+02 5.2370001221e+02 5.2370001221e+02 5.2370001221e+02 5.2370001221e+02 5.2370001221e+02 5.2359997559e+02 5.2359997559e+02 5.2359997559e+02 5.2359997559e+02 5.2359997559e+02 5.2359997559e+02 5.2359997559e+02 5.2359997559e+02 5.2359997559e+02 5.2359997559e+02 5.2359997559e+02 5.2359997559e+02 5.2359997559e+02
5.1759997559e+02 5.1809997559e+02 5.1829998779e+02 5.1829998779e+02 5.1879998779e+02 5.1959997559e+02 5.2059997559e+02 5.2129998779e+02 5.2170001221e+02 5.2190002441e+02 5.2220001221e+02 5.2240002441e+02 5.2270001221e+02 5.2300000000e+02 5.2329998779e+02 5.2350000000e+02 5.2350000000e+02 5.2359997559e+02 5.2359997559e+02 5.2370001221e+02 5.2370001221e+02 5.2370001221e+02 5.2370001221e+02 5.2370001221e+02 5.2379998779e+02 5.2379998779e+02 5.2379998779e+02 5.2379998779e+02 5.2379998779e+02 5.2379998779e+02 5.2370001221e+02 5.2370001221e+02 5.2370001221e+02 5.2359997559e+02 5.2359997559e+02 5.2359997559e+02 5.2359997559e+02 5.2359997559e+02 5.2359997559e+02 5.2359997559e+02 5.2359997559e+02 5.2359997559e+02 5.2359997559e+02 5.2359997559e+02 5.2359997559e+02 5.2359997559e+02
5.1909997559e+02 5.1950000000e+02 5.1979998779e+02 5.1990002441e+02 5.2029998779e+02 5.2090002441e+02 5.2150000000e+02 5.2209997559e+02 5.2250000000e+02 5.2270001221e+02 5.2300000000e+02 5.2309997559e+02 5.2329998779e+02 5.2350000000e+02 5.2359997559e+02 5.2370001221e+02 5.2370001221e+02 5.2370001221e+02 5.2370001221e+02 5.2370001221e+02 5.2370001221e+02 5.2379998779e+02 5.2379998779e+02 5.2379998779e+02 5.2379998779e+02 5.2379998779e+02 5.2379998779e+02 5.2379998779e+02 5.2379998779e+02 5.2370001221e+02 5.2370001221e+02 5.2370001221e+02 5.2370001221e+02 5.2359997559e+02 5.2359997559e+02 5.2359997559e+02 5.2359997559e+02 5.2359997559e+02 5.2359997559e+02 5.2370001221e+02 5.2370001221e+02 5.2370001221e+02 5.2359997559e+02 5.2370001221e+02 5.2370001221e+02 5.2370001221e+02
5.2059997559e+02 5.2120001221e+02 5.2140002441e+02 5.2159997559e+02 5.2159997559e+02 5.2200000000e+02 5.2250000000e+02 5.2290002441e+02 5.2309997559e+02 5.2329998779e+02 5.2340002441e+02 5.2350000000e+02 5.2359997559e+02 5.2370001221e+02 5.2370001221e+02 5.2370001221e+02 5.2370001221e+02 5.2370001221e+02 5.2370001221e+02 5.2379998779e+02 5.2379998779e+02 5.2379998779e+02 5.2379998779e+02 5.2379998779e+02 5.2379998779e+02 5.2379998779e+02 5.2379998779e+02 5.2379998779e+02 5.2379998779e+02 5.2370001221e+02 5.2370001221e+02 5.2370001221e+02 5.2370001221e+02 5.2359997559e+02 5.2359997559e+02 5.2359997559e+02 5.2359997559e+02 5.2359997559e+02 5.2359997559e+02 5.2370001221e+02 5.2379998779e+02 5.2370001221e+02 5.2370001221e+02 5.2370001221e+02 5.2370001221e+02 5.2370001221e+02
5.2190002441e+02 5.2240002441e+02 5.2270001221e+02 5.2279998779e+02 5.2279998779e+02 5.2290002441e+02 5.2320001221e+02 5.2350000000e+02 5.2350000000e+02 5.2359997559e+02 5.2359997559e+02 5.2370001221e+02 5.2370001221e+02 5.2370001221e+02 5.2370001221e+02 5.2370001221e+02 5.2370001221e+02 5.2379998779e+02 5.2379998779e+02 5.2379998779e+02 5.2379998779e+02 5.2379998779e+02 5.2379998779e+02 5.2379998779e+02 5.2379998779e+02 5.2379998779e+02 5.2379998779e+02 5.2379998779e+02 5.2379998779e+02 5.2370001221e+02 5.2370001221e+02 5.2370001221e+02 5.2359997559e+02 5.2359997559e+02 5.2359997559e+02 5.2359997559e+02 5.2359997559e+02 5.2359997559e+02 5.2370001221e+02 5.2379998779e+02 5.2379998779e+02 5.2379998779e+02 5.2370001221e+02 5.2370001221e+02 5.2370001221e+02 5.2370001221e+02
5.2300000000e+02 5.2329998779e+02 5.2340002441e+02 5.2350000000e+02 5.2350000000e+02 5.2350000000e+02 5.2359997559e+02 5.2370001221e+02 5.2370001221e+02 5.2370001221e+02 5.2370001221e+02 5.2370001221e+02 5.2370001221e+02 5.2370001221e+02 5.2379998779e+02 5.2379998779e+02 5.2379998779e+02 5.2379998779e+02 5.2379998779e+02 5.2379998779e+02 5.2379998779e+02 5.2379998779e+02 5.2379998779e+02 5.2379998779e+02 5.2379998779e+02 5.2379998779e+02 5.2379998779e+02 5.2379998779e+02 5.2379998779e+02 5.2370001221e+02 5.2370001221e+02 5.2370001221e+02 5.2359997559e+02 5.2359997559e+02 5.2359997559e+02 5.2359997559e+02 5.2359997559e+02 5.2359997559e+02 5.2370001221e+02 5.2379998779e+02 5.2379998779e+02 5.2379998779e+02 5.2370001221e+02 5.2370001221e+02 5.2370001221e+02 5.2370001221e+02
5.2350000000e+02 5.2359997559e+02 5.2370001221e+02 5.2370001221e+02 5.2370001221e+02 5.2379998779e+02 5.2379998779e+02 5.2379998779e+02 5.2370001221e+02 5.2379998779e+02 5.2379998779e+02 5.2379998779e+02 5.2379998779e+02 5.2379998779e+02 5.2379998779e+02 5.2379998779e+02 5.2379998779e+02 5.2379998779e+02 5.2379998779e+02 5.2379998779e+02 5.2379998779e+02 5.2379998779e+02 5.2379998779e+02 5.2379998779e+02 5.2379998779e+02 5.2379998779e+02 5.2379998779e+02 5.2379998779e+02 5.2370001221e+02 5.2370001221e+02 5.2370001221e+02 5.2359997559e+02 5.2359997559e+02 5.2359997559e+02 5.2359997559e+02 5.2359997559e+02 5.2359997559e+02 5.2359997559e+02 5.2370001221e+02 5.2390002441e+02 5.2390002441e+02 5.2379998779e+02 5.2379998779e+02 5.2379998779e+02 5.2379998779e+02 5.2370001221e+02
5.2370001221e+02 5.2370001221e+02 5.2370001221e+02 5.2370001221e+02 5.2379998779e+02 5.2379998779e+02 5.2390002441e+02 5.2379998779e+02 5.2379998779e+02 5.2379998779e+02 5.2379998779e+02 5.2379998779e+02 5.2379998779e+02 5.2379998779e+02 5.2379998779e+02 5.2379998779e+02 5.2379998779e+02 5.2379998779e+02 5.2379998779e+02 5.2379998779e+02 5.2379998779e+02 5.2379998779e+02 5.2379998779e+02 5.2379998779e+02 5.2379998779e+02 5.2379998779e+02 5.2370001221e+02 5.2370001221e+02 5.2370001221e+02 5.2370001221e+02 5.2359997559e+02 5.2359997559e+02 5.2359997559e+02 5.2359997559e+02 5.2359997559e+02 5.2359997559e+02 5.2359997559e+02 5.2359997559e+02 5.2370001221e+02 5.2390002441e+02 5.2390002441e+02 5.2379998779e+02 5.2379998779e+02 5.2379998779e+02 5.2379998779e+02 5.2370001221e+02
5.2379998779e+02 5.2379998779e+02 5.2379998779e+02 5.2379998779e+02 5.2379998779e+02 5.2379998779e+02 5.2379998779e+02 5.2379998779e+02 5.2379998779e+02 5.2379998779e+02 5.2379998779e+02 5.2379998779e+02 5.2379998779e+02 5.2379998779e+02 5.2379998779e+02 5.2379998779e+02 5.2379998779e+02 5.2379998779e+02 5.2379998779e+02 5.2379998779e+02 5.2379998779e+02 5.2379998779e+02 5.2379998779e+02 5.2379998779e+02 5.2379998779e+02 5.2379998779e+02 5.2370001221e+02 5.2370001221e+02 5.2370001221e+02 5.2359997559e+02 5.2359997559e+02 5.2359997559e+02 5.2359997559e+02 5.2359997559e+02 5.2359997559e+02 5.2359997559e+02 5.2359997559e+02 5.2359997559e+02 5.2370001221e+02 5.2390002441e+02 5.2390002441e+02 5.2379998779e+02 5.2379998779e+02 5.2379998779e+02 5.2379998779e+02 5.2370001221e+02
5.2379998779e+02 5.2390002441e+02 5.2390002441e+02 5.2390002441e+02 5.2379998779e+02 5.2379998779e+02 5.2379998779e+02 5.2379998779e+02 5.2379998779e+02 5.2379998779e+02 5.2379998779e+02 5.2379998779e+02 5.2379998779e+02 5.2379998779e+02 5.2379998779e+02 5.2379998779e+02 5.2379998779e+02 5.2379998779e+02 5.2379998779e+02 5.2379998779e+02 5.2379998779e+02 5.2370001221e+02 5.2370001221e+02 5.2370001221e+02 5.2370001221e+02 5.2370001221e+02 5.2370001221e+02 5.2370001221e+02 5.2359997559e+02 5.2359997559e+02 5.2359997559e+02 5.2359997559e+02 5.2359997559e+02 5.2359997559e+02 5.2359997559e+02 5.2359997559e+02 5.2359997559e+02 5.2370001221e+02 5.2379998779e+02 5.2390002441e+02 5.2390002441e+02 5.2379998779e+02 5.2379998779e+02 5.2379998779e+02 5.2379998779e+02 5.2379998779e+02
5.2390002441e+02 5.2390002441e+02 5.2390002441e+02 5.2379998779e+02 5.2379998779e+02 5.2379998779e+02 5.2379998779e+02 5.2379998779e+02 5.2379998779e+02 5.2379998779e+02 5.2379998779e+02 5.2379998779e+02 5.2379998779e+02 5.2379998779e+02 5.2379998779e+02 5.2379998779e+02 5.2379998779e+02 5.2379998779e+02 5.2370001221e+02 5.2370001221e+02 5.2370001221e+02 5.2370001221e+02 5.2370001221e+02 5.2370001221e+02 5.2370001221e+02 5.2370001221e+02 5.2370001221e+02 5.2359997559e+02 5.2359997559e+02 5.2359997559e+02 5.2359997559e+02 5.2359997559e+02 5.2359997559e+02 5.2359997559e+02 5.2359997559e+02 5.2359997559e+02 5.2359997559e+02 5.2370001221e+02 5.2390002441e+02 5.2390002441e+02 5.2390002441e+02 5.2379998779e+02 5.2379998779e+02 5.2379998779e+02 5.2379998779e+02 5.2379998779e+02
5.2390002441e+02 5.2379998779e+02 5.2379998779e+02 5.2379998779e+02 5.2379998779e+02 5.2379998779e+02 5.2379998779e+02 5.2379998779e+02 5.2379998779e+02 5.2379998779e+02 5.2379998779e+02 5.2379998779e+02 5.2379998779e+02 5.2379998779e+02 5.2379998779e+02 5.2379998779e+02 5.2379998779e+02 5.2370001221e+02 5.2370001221e+02 5.2370001221e+02 5.2370001221e+02 5.2370001221e+02 5.2370001221e+02 5.2370001221e+02 5.2370001221e+02 5.2370001221e+02 5.2370001221e+02 5.2359997559e+02 5.2359997559e+02 5.2359997559e+02 5.2359997559e+02 5.2359997559e+02 5.2359997559e+02 5.2359997559e+02 5.2359997559e+02 5.2359997559e+02 5.2359997559e+02 5.2370001221e+02 5.2390002441e+02 5.2390002441e+02 5.2390002441e+02 5.2379998779e+02 5.2379998779e+02 5.2379998779e+02 5.2379998779e+02 5.2379998779e+02
5.2379998779e+02 5.2379998779e+02 5.2379998779e+02 5.2379998779e+02 5.2379998779e+02 5.2379998779e+02 5.2379998779e+02 5.2379998779e+02 5.2379998779e+02 5.2379998779e+02 5.2379998779e+02 5.2379998779e+02 5.2379998779e+02 5.2379998779e+02 5.2379998779e+02 5.2370001221e+02 5.2370001221e+02 5.2370001221e+02 5.2370001221e+02 5.2370001221e+02 5.2370001221e+02 5.2370001221e+02 5.2370001221e+02 5.2370001221e+02 5.2370001221e+02 5.2370001221e+02 5.2370001221e+02 5.2370001221e+02 5.2359997559e+02 5.2359997559e+02 5.2359997559e+02 5.2359997559e+02 5.2359997559e+02 5.2359997559e+02 5.2359997559e+02 5.2359997559e+02 5.2370001221e+02 5.2379998779e+02 5.2390002441e+02 5.2390002441e+02 5.2390002441e+02 5.2379998779e+02 5.2379998779e+02 5.2379998779e+02 5.2379998779e+02 5.2379998779e+02
