DGM_1M_UPPER_AUSTRIA/45/31.asc
NCOLS 100
NROWS 100
XLLCORNER 6.4650500000e+04
YLLCORNER 2.9218850000e+05
CELLSIZE 1.0000000000e+00
NODATA_VALUE -9.9990000000e+03
[rows 80 to 99 of 100, columns 0 to 45 of 100]
5.3379998779e+02 5.3359997559e+02 5.3340002441e+02 5.3320001221e+02 5.3300000000e+02 5.3279998779e+02 5.3270001221e+02 5.3270001221e+02 5.3270001221e+02 5.3279998779e+02 5.3290002441e+02 5.3290002441e+02 5.3290002441e+02 5.3300000000e+02 5.3300000000e+02 5.3300000000e+02 5.3300000000e+02 5.3300000000e+02 5.3300000000e+02 5.3279998779e+02 5.3270001221e+02 5.3259997559e+02 5.3250000000e+02 5.3250000000e+02 5.3229998779e+02 5.3229998779e+02 5.3220001221e+02 5.3200000000e+02 5.3200000000e+02 5.3179998779e+02 5.3179998779e+02 5.3170001221e+02 5.3159997559e+02 5.3150000000e+02 5.3140002441e+02 5.3129998779e+02 5.3129998779e+02 5.3120001221e+02 5.3120001221e+02 5.3109997559e+02 5.3100000000e+02 5.3100000000e+02 5.3090002441e+02 5.3090002441e+02 5.3079998779e+02 5.3079998779e+02
5.3429998779e+02 5.3409997559e+02 5.3390002441e+02 5.3359997559e+02 5.3340002441e+02 5.3329998779e+02 5.3309997559e+02 5.3290002441e+02 5.3279998779e+02 5.3279998779e+02 5.3290002441e+02 5.3290002441e+02 5.3300000000e+02 5.3300000000e+02 5.3309997559e+02 5.3309997559e+02 5.3309997559e+02 5.3309997559e+02 5.3309997559e+02 5.3309997559e+02 5.3300000000e+02 5.3290002441e+02 5.3279998779e+02 5.3270001221e+02 5.3259997559e+02 5.3250000000e+02 5.3240002441e+02 5.3229998779e+02 5.3220001221e+02 5.3209997559e+02 5.3200000000e+02 5.3190002441e+02 5.3179998779e+02 5.3170001221e+02 5.3170001221e+02 5.3159997559e+02 5.3150000000e+02 5.3150000000e+02 5.3140002441e+02 5.3129998779e+02 5.3120001221e+02 5.3120001221e+02 5.3120001221e+02 5.3109997559e+02 5.3100000000e+02 5.3100000000e+02
5.3490002441e+02 5.3459997559e+02 5.3429998779e+02 5.3409997559e+02 5.3390002441e+02 5.3370001221e+02 5.3350000000e+02 5.3320001221e+02 5.3309997559e+02 5.3300000000e+02 5.3290002441e+02 5.3290002441e+02 5.3300000000e+02 5.3309997559e+02 5.3309997559e+02 5.3309997559e+02 5.3309997559e+02 5.3320001221e+02 5.3320001221e+02 5.3320001221e+02 5.3320001221e+02 5.3320001221e+02 5.3309997559e+02 5.3300000000e+02 5.3290002441e+02 5.3279998779e+02 5.3270001221e+02 5.3259997559e+02 5.3250000000e+02 5.3229998779e+02 5.3220001221e+02 5.3220001221e+02 5.3209997559e+02 5.3200000000e+02 5.3190002441e+02 5.3179998779e+02 5.3179998779e+02 5.3170001221e+02 5.3170001221e+02 5.3159997559e+02 5.3150000000e+02 5.3140002441e+02 5.3140002441e+02 5.3129998779e+02 5.3129998779e+02 5.3120001221e+02
5.3540002441e+02 5.3509997559e+02 5.3490002441e+02 5.3459997559e+02 5.3440002441e+02 5.3420001221e+02 5.3390002441e+02 5.3370001221e+02 5.3350000000e+02 5.3329998779e+02 5.3309997559e+02 5.3300000000e+02 5.3300000000e+02 5.3309997559e+02 5.3309997559e+02 5.3320001221e+02 5.3320001221e+02 5.3320001221e+02 5.3320001221e+02 5.3329998779e+02 5.3329998779e+02 5.3329998779e+02 5.3329998779e+02 5.3329998779e+02 5.3320001221e+02 5.3309997559e+02 5.3300000000e+02 5.3279998779e+02 5.3270001221e+02 5.3259997559e+02 5.3250000000e+02 5.3240002441e+02 5.3229998779e+02 5.3229998779e+02 5.3220001221e+02 5.3209997559e+02 5.3200000000e+02 5.3200000000e+02 5.3190002441e+02 5.3179998779e+02 5.3179998779e+02 5.3170001221e+02 5.3159997559e+02 5.3159997559e+02 5.3150000000e+02 5.3150000000e+02
5.3600000000e+02 5.3570001221e+02 5.3540002441e+02 5.3520001221e+02 5.3490002441e+02 5.3470001221e+02 5.3440002441e+02 5.3409997559e+02 5.3390002441e+02 5.3370001221e+02 5.3350000000e+02 5.3329998779e+02 5.3320001221e+02 5.3309997559e+02 5.3309997559e+02 5.3309997559e+02 5.3320001221e+02 5.3320001221e+02 5.3329998779e+02 5.3329998779e+02 5.3340002441e+02 5.3340002441e+02 5.3340002441e+02 5.3340002441e+02 5.3340002441e+02 5.3329998779e+02 5.3320001221e+02 5.3309997559e+02 5.3300000000e+02 5.3279998779e+02 5.3279998779e+02 5.3270001221e+02 5.3259997559e+02 5.3250000000e+02 5.3250000000e+02 5.3229998779e+02 5.3229998779e+02 5.3220001221e+02 5.3220001221e+02 5.3209997559e+02 5.3200000000e+02 5.3200000000e+02 5.3190002441e+02 5.3179998779e+02 5.3179998779e+02 5.3179998779e+02
5.3670001221e+02 5.3640002441e+02 5.3600000000e+02 5.3579998779e+02 5.3550000000e+02 5.3520001221e+02 5.3500000000e+02 5.3470001221e+02 5.3450000000e+02 5.3420001221e+02 5.3409997559e+02 5.3379998779e+02 5.3359997559e+02 5.3350000000e+02 5.3320001221e+02 5.3320001221e+02 5.3320001221e+02 5.3320001221e+02 5.3329998779e+02 5.3340002441e+02 5.3340002441e+02 5.3340002441e+02 5.3350000000e+02 5.3350000000e+02 5.3350000000e+02 5.3350000000e+02 5.3350000000e+02 5.3340002441e+02 5.3329998779e+02 5.3309997559e+02 5.3300000000e+02 5.3290002441e+02 5.3279998779e+02 5.3279998779e+02 5.3270001221e+02 5.3259997559e+02 5.3259997559e+02 5.3250000000e+02 5.3240002441e+02 5.3229998779e+02 5.3229998779e+02 5.3220001221e+02 5.3220001221e+02 5.3209997559e+02 5.3200000000e+02 5.3200000000e+02
5.3729998779e+02 5.3700000000e+02 5.3670001221e+02 5.3640002441e+02 5.3620001221e+02 5.3590002441e+02 5.3559997559e+02 5.3529998779e+02 5.3509997559e+02 5.3490002441e+02 5.3459997559e+02 5.3440002441e+02 5.3409997559e+02 5.3390002441e+02 5.3370001221e+02 5.3350000000e+02 5.3340002441e+02 5.3329998779e+02 5.3329998779e+02 5.3340002441e+02 5.3340002441e+02 5.3350000000e+02 5.3359997559e+02 5.3359997559e+02 5.3359997559e+02 5.3370001221e+02 5.3370001221e+02 5.3370001221e+02 5.3359997559e+02 5.3350000000e+02 5.3329998779e+02 5.3320001221e+02 5.3309997559e+02 5.3300000000e+02 5.3300000000e+02 5.3290002441e+02 5.3279998779e+02 5.3270001221e+02 5.3270001221e+02 5.3259997559e+02 5.3250000000e+02 5.3250000000e+02 5.3250000000e+02 5.3240002441e+02 5.3229998779e+02 5.3229998779e+02
5.3800000000e+02 5.3770001221e+02 5.3740002441e+02 5.3709997559e+02 5.3679998779e+02 5.3650000000e+02 5.3629998779e+02 5.3600000000e+02 5.3579998779e+02 5.3550000000e+02 5.3520001221e+02 5.3500000000e+02 5.3470001221e+02 5.3450000000e+02 5.3420001221e+02 5.3400000000e+02 5.3379998779e+02 5.3359997559e+02 5.3350000000e+02 5.3340002441e+02 5.3340002441e+02 5.3350000000e+02 5.3359997559e+02 5.3359997559e+02 5.3370001221e+02 5.3370001221e+02 5.3370001221e+02 5.3379998779e+02 5.3379998779e+02 5.3379998779e+02 5.3370001221e+02 5.3350000000e+02 5.3340002441e+02 5.3329998779e+02 5.3320001221e+02 5.3309997559e+02 5.3300000000e+02 5.3300000000e+02 5.3290002441e+02 5.3279998779e+02 5.3279998779e+02 5.3279998779e+02 5.3270001221e+02 5.3270001221e+02 5.3259997559e+02 5.3250000000e+02
5.3859997559e+02 5.3840002441e+02 5.3809997559e+02 5.3779998779e+02 5.3750000000e+02 5.3729998779e+02 5.3700000000e+02 5.3670001221e+02 5.3650000000e+02 5.3620001221e+02 5.3590002441e+02 5.3559997559e+02 5.3529998779e+02 5.3509997559e+02 5.3479998779e+02 5.3459997559e+02 5.3429998779e+02 5.3409997559e+02 5.3379998779e+02 5.3359997559e+02 5.3350000000e+02 5.3350000000e+02 5.3359997559e+02 5.3359997559e+02 5.3370001221e+02 5.3370001221e+02 5.3379998779e+02 5.3390002441e+02 5.3390002441e+02 5.3390002441e+02 5.3390002441e+02 5.3390002441e+02 5.3379998779e+02 5.3359997559e+02 5.3350000000e+02 5.3340002441e+02 5.3329998779e+02 5.3320001221e+02 5.3320001221e+02 5.3309997559e+02 5.3300000000e+02 5.3300000000e+02 5.3300000000e+02 5.3290002441e+02 5.3279998779e+02 5.3279998779e+02
5.3890002441e+02 5.3879998779e+02 5.3870001221e+02 5.3850000000e+02 5.3829998779e+02 5.3800000000e+02 5.3770001221e+02 5.3740002441e+02 5.3709997559e+02 5.3679998779e+02 5.3650000000e+02 5.3620001221e+02 5.3590002441e+02 5.3559997559e+02 5.3540002441e+02 5.3509997559e+02 5.3479998779e+02 5.3459997559e+02 5.3429998779e+02 5.3409997559e+02 5.3390002441e+02 5.3370001221e+02 5.3359997559e+02 5.3359997559e+02 5.3370001221e+02 5.3370001221e+02 5.3390002441e+02 5.3390002441e+02 5.3390002441e+02 5.3400000000e+02 5.3400000000e+02 5.3400000000e+02 5.3409997559e+02 5.3400000000e+02 5.3390002441e+02 5.3370001221e+02 5.3359997559e+02 5.3350000000e+02 5.3340002441e+02 5.3329998779e+02 5.3329998779e+02 5.3329998779e+02 5.3320001221e+02 5.3320001221e+02 5.3309997559e+02 5.3309997559e+02
5.3879998779e+02 5.3890002441e+02 5.3890002441e+02 5.3890002441e+02 5.3879998779e+02 5.3859997559e+02 5.3829998779e+02 5.3809997559e+02 5.3779998779e+02 5.3750000000e+02 5.3720001221e+02 5.3690002441e+02 5.3650000000e+02 5.3629998779e+02 5.3600000000e+02 5.3570001221e+02 5.3540002441e+02 5.3520001221e+02 5.3490002441e+02 5.3459997559e+02 5.3440002441e+02 5.3420001221e+02 5.3400000000e+02 5.3379998779e+02 5.3370001221e+02 5.3370001221e+02 5.3390002441e+02 5.3390002441e+02 5.3400000000e+02 5.3409997559e+02 5.3409997559e+02 5.3420001221e+02 5.3420001221e+02 5.3420001221e+02 5.3420001221e+02 5.3409997559e+02 5.3400000000e+02 5.3390002441e+02 5.3370001221e+02 5.3359997559e+02 5.3359997559e+02 5.3350000000e+02 5.3350000000e+02 5.3340002441e+02 5.3340002441e+02 5.3329998779e+02
5.3829998779e+02 5.3850000000e+02 5.3879998779e+02 5.3890002441e+02 5.3890002441e+02 5.3890002441e+02 5.3879998779e+02 5.3870001221e+02 5.3850000000e+02 5.3820001221e+02 5.3790002441e+02 5.3759997559e+02 5.3729998779e+02 5.3700000000e+02 5.3670001221e+02 5.3640002441e+02 5.3600000000e+02 5.3579998779e+02 5.3550000000e+02 5.3520001221e+02 5.3500000000e+02 5.3470001221e+02 5.3450000000e+02 5.3429998779e+02 5.3409997559e+02 5.3390002441e+02 5.3390002441e+02 5.3390002441e+02 5.3400000000e+02 5.3409997559e+02 5.3420001221e+02 5.3420001221e+02 5.3420001221e+02 5.3429998779e+02 5.3440002441e+02 5.3429998779e+02 5.3429998779e+02 5.3429998779e+02 5.3420001221e+02 5.3400000000e+02 5.3390002441e+02 5.3379998779e+02 5.3379998779e+02 5.3370001221e+02 5.3370001221e+02 5.3359997559e+02
5.3770001221e+02 5.3800000000e+02 5.3829998779e+02 5.3850000000e+02 5.3870001221e+02 5.3890002441e+02 5.3890002441e+02 5.3900000000e+02 5.3890002441e+02 5.3870001221e+02 5.3850000000e+02 5.3829998779e+02 5.3800000000e+02 5.3770001221e+02 5.3729998779e+02 5.3700000000e+02 5.3670001221e+02 5.3640002441e+02 5.3620001221e+02 5.3590002441e+02 5.3559997559e+02 5.3540002441e+02 5.3509997559e+02 5.3479998779e+02 5.3459997559e+02 5.3429998779e+02 5.3409997559e+02 5.3400000000e+02 5.3400000000e+02 5.3409997559e+02 5.3420001221e+02 5.3420001221e+02 5.3429998779e+02 5.3440002441e+02 5.3440002441e+02 5.3450000000e+02 5.3450000000e+02 5.3459997559e+02 5.3450000000e+02 5.3440002441e+02 5.3429998779e+02 5.3420001221e+02 5.3409997559e+02 5.3400000000e+02 5.3400000000e+02 5.3390002441e+02
5.3720001221e+02 5.3729998779e+02 5.3759997559e+02 5.3790002441e+02 5.3820001221e+02 5.3850000000e+02 5.3870001221e+02 5.3890002441e+02 5.3900000000e+02 5.3900000000e+02 5.3890002441e+02 5.3879998779e+02 5.3859997559e+02 5.3829998779e+02 5.3800000000e+02 5.3770001221e+02 5.3740002441e+02 5.3709997559e+02 5.3679998779e+02 5.3650000000e+02 5.3629998779e+02 5.3600000000e+02 5.3570001221e+02 5.3540002441e+02 5.3509997559e+02 5.3490002441e+02 5.3459997559e+02 5.3429998779e+02 5.3420001221e+02 5.3420001221e+02 5.3420001221e+02 5.3420001221e+02 5.3440002441e+02 5.3440002441e+02 5.3450000000e+02 5.3459997559e+02 5.3459997559e+02 5.3470001221e+02 5.3470001221e+02 5.3479998779e+02 5.3470001221e+02 5.3459997559e+02 5.3450000000e+02 5.3440002441e+02 5.3429998779e+02 5.3420001221e+02
5.3700000000e+02 5.3709997559e+02 5.3720001221e+02 5.3740002441e+02 5.3759997559e+02 5.3790002441e+02 5.3820001221e+02 5.3850000000e+02 5.3870001221e+02 5.3890002441e+02 5.3900000000e+02 5.3900000000e+02 5.3900000000e+02 5.3890002441e+02 5.3870001221e+02 5.3840002441e+02 5.3809997559e+02 5.3779998779e+02 5.3750000000e+02 5.3720001221e+02 5.3690002441e+02 5.3670001221e+02 5.3640002441e+02 5.3600000000e+02 5.3579998779e+02 5.3550000000e+02 5.3520001221e+02 5.3490002441e+02 5.3470001221e+02 5.3450000000e+02 5.3440002441e+02 5.3440002441e+02 5.3440002441e+02 5.3440002441e+02 5.3450000000e+02 5.3459997559e+02 5.3470001221e+02 5.3470001221e+02 5.3479998779e+02 5.3490002441e+02 5.3490002441e+02 5.3490002441e+02 5.3479998779e+02 5.3479998779e+02 5.3459997559e+02 5.3459997559e+02
5.3700000000e+02 5.3700000000e+02 5.3700000000e+02 5.3709997559e+02 5.3720001221e+02 5.3729998779e+02 5.3759997559e+02 5.3790002441e+02 5.3820001221e+02 5.3850000000e+02 5.3870001221e+02 5.3890002441e+02 5.3900000000e+02 5.3900000000e+02 5.3900000000e+02 5.3890002441e+02 5.3870001221e+02 5.3850000000e+02 5.3820001221e+02 5.3790002441e+02 5.3759997559e+02 5.3729998779e+02 5.3700000000e+02 5.3670001221e+02 5.3640002441e+02 5.3620001221e+02 5.3590002441e+02 5.3559997559e+02 5.3529998779e+02 5.3509997559e+02 5.3490002441e+02 5.3479998779e+02 5.3470001221e+02 5.3450000000e+02 5.3459997559e+02 5.3459997559e+02 5.3470001221e+02 5.3479998779e+02 5.3490002441e+02 5.3490002441e+02 5.3500000000e+02 5.3500000000e+02 5.3509997559e+02 5.3509997559e+02 5.3500000000e+02 5.3490002441e+02
5.3700000000e+02 5.3700000000e+02 5.3709997559e+02 5.3709997559e+02 5.3709997559e+02 5.3709997559e+02 5.3720001221e+02 5.3740002441e+02 5.3759997559e+02 5.3779998779e+02 5.3809997559e+02 5.3840002441e+02 5.3870001221e+02 5.3879998779e+02 5.3900000000e+02 5.3900000000e+02 5.3909997559e+02 5.3900000000e+02 5.3890002441e+02 5.3870001221e+02 5.3829998779e+02 5.3800000000e+02 5.3770001221e+02 5.3740002441e+02 5.3709997559e+02 5.3679998779e+02 5.3650000000e+02 5.3620001221e+02 5.3600000000e+02 5.3570001221e+02 5.3550000000e+02 5.3529998779e+02 5.3509997559e+02 5.3490002441e+02 5.3479998779e+02 5.3470001221e+02 5.3479998779e+02 5.3490002441e+02 5.3490002441e+02 5.3500000000e+02 5.3509997559e+02 5.3520001221e+02 5.3520001221e+02 5.3529998779e+02 5.3529998779e+02 5.3529998779e+02
5.3709997559e+02 5.3709997559e+02 5.3709997559e+02 5.3709997559e+02 5.3709997559e+02 5.3709997559e+02 5.3709997559e+02 5.3709997559e+02 5.3720001221e+02 5.3729998779e+02 5.3750000000e+02 5.3779998779e+02 5.3809997559e+02 5.3840002441e+02 5.3870001221e+02 5.3879998779e+02 5.3900000000e+02 5.3909997559e+02 5.3909997559e+02 5.3909997559e+02 5.3890002441e+02 5.3870001221e+02 5.3840002441e+02 5.3800000000e+02 5.3779998779e+02 5.3750000000e+02 5.3720001221e+02 5.3690002441e+02 5.3659997559e+02 5.3640002441e+02 5.3609997559e+02 5.3590002441e+02 5.3570001221e+02 5.3550000000e+02 5.3529998779e+02 5.3509997559e+02 5.3500000000e+02 5.3490002441e+02 5.3500000000e+02 5.3509997559e+02 5.3520001221e+02 5.3520001221e+02 5.3529998779e+02 5.3540002441e+02 5.3550000000e+02 5.3550000000e+02
5.3709997559e+02 5.3709997559e+02 5.3709997559e+02 5.3709997559e+02 5.3709997559e+02 5.3709997559e+02 5.3709997559e+02 5.3709997559e+02 5.3709997559e+02 5.3709997559e+02 5.3720001221e+02 5.3729998779e+02 5.3750000000e+02 5.3779998779e+02 5.3809997559e+02 5.3840002441e+02 5.3870001221e+02 5.3890002441e+02 5.3900000000e+02 5.3909997559e+02 5.3920001221e+02 5.3909997559e+02 5.3890002441e+02 5.3870001221e+02 5.3840002441e+02 5.3809997559e+02 5.3779998779e+02 5.3750000000e+02 5.3729998779e+02 5.3700000000e+02 5.3670001221e+02 5.3650000000e+02 5.3620001221e+02 5.3609997559e+02 5.3590002441e+02 5.3570001221e+02 5.3540002441e+02 5.3529998779e+02 5.3520001221e+02 5.3520001221e+02 5.3520001221e+02 5.3529998779e+02 5.3540002441e+02 5.3550000000e+02 5.3559997559e+02 5.3559997559e+02
5.3709997559e+02 5.3709997559e+02 5.3709997559e+02 5.3709997559e+02 5.3709997559e+02 5.3709997559e+02 5.3709997559e+02 5.3709997559e+02 5.3709997559e+02 5.3709997559e+02 5.3709997559e+02 5.3709997559e+02 5.3720001221e+02 5.3729998779e+02 5.3750000000e+02 5.3779998779e+02 5.3800000000e+02 5.3829998779e+02 5.3859997559e+02 5.3879998779e+02 5.3900000000e+02 5.3909997559e+02 5.3920001221e+02 5.3909997559e+02 5.3890002441e+02 5.3870001221e+02 5.3850000000e+02 5.3820001221e+02 5.3790002441e+02 5.3759997559e+02 5.3740002441e+02 5.3709997559e+02 5.3690002441e+02 5.3670001221e+02 5.3640002441e+02 5.3620001221e+02 5.3600000000e+02 5.3579998779e+02 5.3559997559e+02 5.3540002441e+02 5.3540002441e+02 5.3540002441e+02 5.3540002441e+02 5.3550000000e+02 5.3559997559e+02 5.3570001221e+02
