DGM_1M_UPPER_AUSTRIA/45/31.asc
NCOLS 100
NROWS 100
XLLCORNER 6.4650500000e+04
YLLCORNER 2.9218850000e+05
CELLSIZE 1.0000000000e+00
NODATA_VALUE -9.9990000000e+03
[rows 60 to 79 of 100, columns 46 to 91 of 100]
5.2770001221e+02 5.2770001221e+02 5.2770001221e+02 5.2759997559e+02 5.2759997559e+02 5.2759997559e+02 5.2759997559e+02 5.2759997559e+02 5.2750000000e+02 5.2750000000e+02 5.2750000000e+02 5.2750000000e+02 5.2750000000e+02 5.2750000000e+02 5.2750000000e+02 5.2750000000e+02 5.2740002441e+02 5.2740002441e+02 5.2740002441e+02 5.2740002441e+02 5.2740002441e+02 5.2740002441e+02 5.2740002441e+02 5.2740002441e+02 5.2740002441e+02 5.2740002441e+02 5.2740002441e+02 5.2729998779e+02 5.2729998779e+02 5.2720001221e+02 5.2720001221e+02 5.2720001221e+02 5.2709997559e+02 5.2709997559e+02 5.2700000000e+02 5.2690002441e+02 5.2690002441e+02 5.2679998779e+02 5.2679998779e+02 5.2670001221e+02 5.2670001221e+02 5.2670001221e+02 5.2659997559e+02 5.2659997559e+02 5.2659997559e+02 5.2659997559e+02
5.2779998779e+02 5.2770001221e+02 5.2770001221e+02 5.2770001221e+02 5.2770001221e+02 5.2770001221e+02 5.2770001221e+02 5.2759997559e+02 5.2759997559e+02 5.2759997559e+02 5.2759997559e+02 5.2759997559e+02 5.2759997559e+02 5.2759997559e+02 5.2759997559e+02 5.2759997559e+02 5.2750000000e+02 5.2750000000e+02 5.2750000000e+02 5.2750000000e+02 5.2750000000e+02 5.2750000000e+02 5.2750000000e+02 5.2750000000e+02 5.2750000000e+02 5.2750000000e+02 5.2740002441e+02 5.2740002441e+02 5.2740002441e+02 5.2729998779e+02 5.2729998779e+02 5.2720001221e+02 5.2720001221e+02 5.2709997559e+02 5.2709997559e+02 5.2700000000e+02 5.2700000000e+02 5.2690002441e+02 5.2690002441e+02 5.2679998779e+02 5.2670001221e+02 5.2670001221e+02 5.2670001221e+02 5.2659997559e+02 5.2659997559e+02 5.2659997559e+02
5.2790002441e+02 5.2790002441e+02 5.2790002441e+02 5.2790002441e+02 5.2779998779e+02 5.2779998779e+02 5.2779998779e+02 5.2770001221e+02 5.2770001221e+02 5.2770001221e+02 5.2759997559e+02 5.2759997559e+02 5.2759997559e+02 5.2759997559e+02 5.2759997559e+02 5.2759997559e+02 5.2770001221e+02 5.2770001221e+02 5.2770001221e+02 5.2770001221e+02 5.2770001221e+02 5.2770001221e+02 5.2770001221e+02 5.2759997559e+02 5.2759997559e+02 5.2759997559e+02 5.2750000000e+02 5.2750000000e+02 5.2740002441e+02 5.2740002441e+02 5.2740002441e+02 5.2729998779e+02 5.2720001221e+02 5.2720001221e+02 5.2720001221e+02 5.2709997559e+02 5.2709997559e+02 5.2700000000e+02 5.2690002441e+02 5.2690002441e+02 5.2679998779e+02 5.2670001221e+02 5.2670001221e+02 5.2670001221e+02 5.2670001221e+02 5.2659997559e+02
5.2790002441e+02 5.2790002441e+02 5.2790002441e+02 5.2790002441e+02 5.2790002441e+02 5.2790002441e+02 5.2790002441e+02 5.2790002441e+02 5.2779998779e+02 5.2779998779e+02 5.2770001221e+02 5.2770001221e+02 5.2770001221e+02 5.2770001221e+02 5.2770001221e+02 5.2770001221e+02 5.2770001221e+02 5.2770001221e+02 5.2770001221e+02 5.2770001221e+02 5.2770001221e+02 5.2770001221e+02 5.2770001221e+02 5.2770001221e+02 5.2770001221e+02 5.2770001221e+02 5.2759997559e+02 5.2759997559e+02 5.2750000000e+02 5.2750000000e+02 5.2740002441e+02 5.2740002441e+02 5.2729998779e+02 5.2729998779e+02 5.2720001221e+02 5.2720001221e+02 5.2709997559e+02 5.2709997559e+02 5.2700000000e+02 5.2700000000e+02 5.2690002441e+02 5.2690002441e+02 5.2679998779e+02 5.2670001221e+02 5.2670001221e+02 5.2670001221e+02
5.2800000000e+02 5.2800000000e+02 5.2800000000e+02 5.2800000000e+02 5.2800000000e+02 5.2800000000e+02 5.2800000000e+02 5.2800000000e+02 5.2800000000e+02 5.2790002441e+02 5.2790002441e+02 5.2790002441e+02 5.2790002441e+02 5.2779998779e+02 5.2779998779e+02 5.2779998779e+02 5.2779998779e+02 5.2779998779e+02 5.2790002441e+02 5.2790002441e+02 5.2790002441e+02 5.2790002441e+02 5.2790002441e+02 5.2790002441e+02 5.2779998779e+02 5.2779998779e+02 5.2770001221e+02 5.2770001221e+02 5.2759997559e+02 5.2759997559e+02 5.2750000000e+02 5.2750000000e+02 5.2740002441e+02 5.2740002441e+02 5.2729998779e+02 5.2720001221e+02 5.2720001221e+02 5.2709997559e+02 5.2709997559e+02 5.2709997559e+02 5.2700000000e+02 5.2690002441e+02 5.2690002441e+02 5.2679998779e+02 5.2670001221e+02 5.2670001221e+02
5.2809997559e+02 5.2809997559e+02 5.2809997559e+02 5.2809997559e+02 5.2820001221e+02 5.2820001221e+02 5.2820001221e+02 5.2820001221e+02 5.2820001221e+02 5.2820001221e+02 5.2809997559e+02 5.2800000000e+02 5.2800000000e+02 5.2800000000e+02 5.2800000000e+02 5.2790002441e+02 5.2790002441e+02 5.2790002441e+02 5.2790002441e+02 5.2790002441e+02 5.2800000000e+02 5.2800000000e+02 5.2790002441e+02 5.2790002441e+02 5.2790002441e+02 5.2790002441e+02 5.2790002441e+02 5.2779998779e+02 5.2770001221e+02 5.2770001221e+02 5.2759997559e+02 5.2759997559e+02 5.2750000000e+02 5.2740002441e+02 5.2740002441e+02 5.2729998779e+02 5.2729998779e+02 5.2720001221e+02 5.2720001221e+02 5.2709997559e+02 5.2709997559e+02 5.2700000000e+02 5.2690002441e+02 5.2690002441e+02 5.2679998779e+02 5.2679998779e+02
5.2820001221e+02 5.2820001221e+02 5.2820001221e+02 5.2820001221e+02 5.2829998779e+02 5.2829998779e+02 5.2829998779e+02 5.2829998779e+02 5.2829998779e+02 5.2840002441e+02 5.2829998779e+02 5.2829998779e+02 5.2820001221e+02 5.2820001221e+02 5.2820001221e+02 5.2820001221e+02 5.2820001221e+02 5.2809997559e+02 5.2809997559e+02 5.2809997559e+02 5.2809997559e+02 5.2809997559e+02 5.2800000000e+02 5.2800000000e+02 5.2800000000e+02 5.2800000000e+02 5.2790002441e+02 5.2790002441e+02 5.2790002441e+02 5.2779998779e+02 5.2770001221e+02 5.2759997559e+02 5.2759997559e+02 5.2750000000e+02 5.2740002441e+02 5.2740002441e+02 5.2740002441e+02 5.2729998779e+02 5.2720001221e+02 5.2720001221e+02 5.2709997559e+02 5.2709997559e+02 5.2700000000e+02 5.2690002441e+02 5.2690002441e+02 5.2690002441e+02
5.2840002441e+02 5.2840002441e+02 5.2840002441e+02 5.2840002441e+02 5.2840002441e+02 5.2840002441e+02 5.2840002441e+02 5.2840002441e+02 5.2850000000e+02 5.2850000000e+02 5.2850000000e+02 5.2850000000e+02 5.2850000000e+02 5.2850000000e+02 5.2840002441e+02 5.2840002441e+02 5.2840002441e+02 5.2829998779e+02 5.2829998779e+02 5.2829998779e+02 5.2820001221e+02 5.2820001221e+02 5.2820001221e+02 5.2820001221e+02 5.2809997559e+02 5.2809997559e+02 5.2800000000e+02 5.2800000000e+02 5.2790002441e+02 5.2790002441e+02 5.2779998779e+02 5.2770001221e+02 5.2770001221e+02 5.2759997559e+02 5.2750000000e+02 5.2750000000e+02 5.2740002441e+02 5.2740002441e+02 5.2729998779e+02 5.2720001221e+02 5.2720001221e+02 5.2709997559e+02 5.2709997559e+02 5.2700000000e+02 5.2700000000e+02 5.2690002441e+02
5.2850000000e+02 5.2850000000e+02 5.2850000000e+02 5.2850000000e+02 5.2850000000e+02 5.2850000000e+02 5.2850000000e+02 5.2859997559e+02 5.2859997559e+02 5.2870001221e+02 5.2870001221e+02 5.2879998779e+02 5.2870001221e+02 5.2870001221e+02 5.2870001221e+02 5.2859997559e+02 5.2859997559e+02 5.2850000000e+02 5.2850000000e+02 5.2850000000e+02 5.2850000000e+02 5.2840002441e+02 5.2840002441e+02 5.2829998779e+02 5.2820001221e+02 5.2820001221e+02 5.2809997559e+02 5.2809997559e+02 5.2800000000e+02 5.2790002441e+02 5.2790002441e+02 5.2779998779e+02 5.2770001221e+02 5.2770001221e+02 5.2759997559e+02 5.2759997559e+02 5.2750000000e+02 5.2740002441e+02 5.2740002441e+02 5.2729998779e+02 5.2720001221e+02 5.2720001221e+02 5.2709997559e+02 5.2709997559e+02 5.2709997559e+02 5.2700000000e+02
5.2859997559e+02 5.2859997559e+02 5.2859997559e+02 5.2859997559e+02 5.2859997559e+02 5.2870001221e+02 5.2870001221e+02 5.2870001221e+02 5.2870001221e+02 5.2879998779e+02 5.2900000000e+02 5.2900000000e+02 5.2900000000e+02 5.2890002441e+02 5.2890002441e+02 5.2879998779e+02 5.2870001221e+02 5.2870001221e+02 5.2859997559e+02 5.2859997559e+02 5.2859997559e+02 5.2859997559e+02 5.2850000000e+02 5.2840002441e+02 5.2840002441e+02 5.2829998779e+02 5.2820001221e+02 5.2809997559e+02 5.2809997559e+02 5.2800000000e+02 5.2790002441e+02 5.2790002441e+02 5.2779998779e+02 5.2770001221e+02 5.2770001221e+02 5.2759997559e+02 5.2759997559e+02 5.2750000000e+02 5.2740002441e+02 5.2740002441e+02 5.2729998779e+02 5.2720001221e+02 5.2720001221e+02 5.2709997559e+02 5.2709997559e+02 5.2709997559e+02
5.2879998779e+02 5.2879998779e+02 5.2870001221e+02 5.2870001221e+02 5.2879998779e+02 5.2879998779e+02 5.2879998779e+02 5.2890002441e+02 5.2890002441e+02 5.2900000000e+02 5.2920001221e+02 5.2920001221e+02 5.2920001221e+02 5.2909997559e+02 5.2909997559e+02 5.2900000000e+02 5.2890002441e+02 5.2890002441e+02 5.2879998779e+02 5.2879998779e+02 5.2879998779e+02 5.2879998779e+02 5.2870001221e+02 5.2859997559e+02 5.2850000000e+02 5.2840002441e+02 5.2840002441e+02 5.2820001221e+02 5.2809997559e+02 5.2809997559e+02 5.2800000000e+02 5.2790002441e+02 5.2790002441e+02 5.2779998779e+02 5.2770001221e+02 5.2770001221e+02 5.2759997559e+02 5.2759997559e+02 5.2750000000e+02 5.2740002441e+02 5.2740002441e+02 5.2729998779e+02 5.2720001221e+02 5.2720001221e+02 5.2720001221e+02 5.2709997559e+02
5.2890002441e+02 5.2890002441e+02 5.2890002441e+02 5.2890002441e+02 5.2890002441e+02 5.2890002441e+02 5.2900000000e+02 5.2900000000e+02 5.2900000000e+02 5.2909997559e+02 5.2920001221e+02 5.2929998779e+02 5.2929998779e+02 5.2929998779e+02 5.2920001221e+02 5.2920001221e+02 5.2920001221e+02 5.2909997559e+02 5.2900000000e+02 5.2900000000e+02 5.2900000000e+02 5.2900000000e+02 5.2890002441e+02 5.2879998779e+02 5.2870001221e+02 5.2859997559e+02 5.2850000000e+02 5.2840002441e+02 5.2820001221e+02 5.2809997559e+02 5.2809997559e+02 5.2800000000e+02 5.2790002441e+02 5.2790002441e+02 5.2779998779e+02 5.2779998779e+02 5.2770001221e+02 5.2759997559e+02 5.2759997559e+02 5.2750000000e+02 5.2740002441e+02 5.2740002441e+02 5.2729998779e+02 5.2729998779e+02 5.2720001221e+02 5.2720001221e+02
5.2909997559e+02 5.2909997559e+02 5.2909997559e+02 5.2909997559e+02 5.2909997559e+02 5.2909997559e+02 5.2920001221e+02 5.2920001221e+02 5.2920001221e+02 5.2920001221e+02 5.2940002441e+02 5.2940002441e+02 5.2940002441e+02 5.2940002441e+02 5.2940002441e+02 5.2940002441e+02 5.2940002441e+02 5.2920001221e+02 5.2920001221e+02 5.2920001221e+02 5.2920001221e+02 5.2909997559e+02 5.2900000000e+02 5.2890002441e+02 5.2890002441e+02 5.2870001221e+02 5.2859997559e+02 5.2850000000e+02 5.2840002441e+02 5.2820001221e+02 5.2809997559e+02 5.2809997559e+02 5.2800000000e+02 5.2790002441e+02 5.2790002441e+02 5.2779998779e+02 5.2770001221e+02 5.2770001221e+02 5.2759997559e+02 5.2759997559e+02 5.2750000000e+02 5.2750000000e+02 5.2740002441e+02 5.2740002441e+02 5.2729998779e+02 5.2720001221e+02
5.2929998779e+02 5.2929998779e+02 5.2929998779e+02 5.2920001221e+02 5.2920001221e+02 5.2929998779e+02 5.2929998779e+02 5.2929998779e+02 5.2940002441e+02 5.2940002441e+02 5.2950000000e+02 5.2959997559e+02 5.2970001221e+02 5.2959997559e+02 5.2950000000e+02 5.2950000000e+02 5.2950000000e+02 5.2940002441e+02 5.2940002441e+02 5.2940002441e+02 5.2940002441e+02 5.2929998779e+02 5.2920001221e+02 5.2909997559e+02 5.2900000000e+02 5.2890002441e+02 5.2879998779e+02 5.2870001221e+02 5.2850000000e+02 5.2840002441e+02 5.2820001221e+02 5.2820001221e+02 5.2809997559e+02 5.2800000000e+02 5.2790002441e+02 5.2790002441e+02 5.2779998779e+02 5.2770001221e+02 5.2770001221e+02 5.2759997559e+02 5.2759997559e+02 5.2759997559e+02 5.2750000000e+02 5.2740002441e+02 5.2740002441e+02 5.2729998779e+02
5.2950000000e+02 5.2950000000e+02 5.2940002441e+02 5.2940002441e+02 5.2940002441e+02 5.2940002441e+02 5.2950000000e+02 5.2950000000e+02 5.2950000000e+02 5.2950000000e+02 5.2970001221e+02 5.2970001221e+02 5.2979998779e+02 5.2970001221e+02 5.2970001221e+02 5.2959997559e+02 5.2959997559e+02 5.2950000000e+02 5.2950000000e+02 5.2950000000e+02 5.2950000000e+02 5.2940002441e+02 5.2940002441e+02 5.2920001221e+02 5.2920001221e+02 5.2909997559e+02 5.2890002441e+02 5.2879998779e+02 5.2870001221e+02 5.2850000000e+02 5.2840002441e+02 5.2829998779e+02 5.2820001221e+02 5.2809997559e+02 5.2800000000e+02 5.2790002441e+02 5.2790002441e+02 5.2779998779e+02 5.2770001221e+02 5.2770001221e+02 5.2759997559e+02 5.2759997559e+02 5.2759997559e+02 5.2750000000e+02 5.2740002441e+02 5.2740002441e+02
5.2979998779e+02 5.2970001221e+02 5.2970001221e+02 5.2970001221e+02 5.2959997559e+02 5.2970001221e+02 5.2970001221e+02 5.2970001221e+02 5.2970001221e+02 5.2970001221e+02 5.2979998779e+02 5.2990002441e+02 5.2990002441e+02 5.2990002441e+02 5.2990002441e+02 5.2979998779e+02 5.2970001221e+02 5.2970001221e+02 5.2970001221e+02 5.2970001221e+02 5.2959997559e+02 5.2950000000e+02 5.2950000000e+02 5.2940002441e+02 5.2929998779e+02 5.2909997559e+02 5.2900000000e+02 5.2890002441e+02 5.2870001221e+02 5.2859997559e+02 5.2850000000e+02 5.2840002441e+02 5.2829998779e+02 5.2809997559e+02 5.2809997559e+02 5.2800000000e+02 5.2790002441e+02 5.2790002441e+02 5.2779998779e+02 5.2770001221e+02 5.2770001221e+02 5.2770001221e+02 5.2759997559e+02 5.2759997559e+02 5.2750000000e+02 5.2740002441e+02
5.3000000000e+02 5.2990002441e+02 5.2990002441e+02 5.2990002441e+02 5.2979998779e+02 5.2979998779e+02 5.2979998779e+02 5.2990002441e+02 5.2990002441e+02 5.2990002441e+02 5.3000000000e+02 5.3000000000e+02 5.3000000000e+02 5.2979998779e+02 5.2990002441e+02 5.2990002441e+02 5.2990002441e+02 5.2990002441e+02 5.2979998779e+02 5.2979998779e+02 5.2970001221e+02 5.2970001221e+02 5.2959997559e+02 5.2950000000e+02 5.2940002441e+02 5.2920001221e+02 5.2909997559e+02 5.2900000000e+02 5.2890002441e+02 5.2870001221e+02 5.2859997559e+02 5.2850000000e+02 5.2840002441e+02 5.2820001221e+02 5.2809997559e+02 5.2809997559e+02 5.2800000000e+02 5.2790002441e+02 5.2779998779e+02 5.2779998779e+02 5.2770001221e+02 5.2770001221e+02 5.2759997559e+02 5.2759997559e+02 5.2759997559e+02 5.2750000000e+02
5.3020001221e+02 5.3020001221e+02 5.3009997559e+02 5.3009997559e+02 5.3000000000e+02 5.3000000000e+02 5.3000000000e+02 5.3000000000e+02 5.3000000000e+02 5.3009997559e+02 5.3009997559e+02 5.3020001221e+02 5.3009997559e+02 5.2990002441e+02 5.2990002441e+02 5.3000000000e+02 5.3000000000e+02 5.3000000000e+02 5.3000000000e+02 5.2990002441e+02 5.2990002441e+02 5.2979998779e+02 5.2970001221e+02 5.2959997559e+02 5.2950000000e+02 5.2940002441e+02 5.2920001221e+02 5.2909997559e+02 5.2890002441e+02 5.2890002441e+02 5.2870001221e+02 5.2859997559e+02 5.2850000000e+02 5.2840002441e+02 5.2829998779e+02 5.2820001221e+02 5.2809997559e+02 5.2800000000e+02 5.2790002441e+02 5.2790002441e+02 5.2779998779e+02 5.2770001221e+02 5.2770001221e+02 5.2759997559e+02 5.2759997559e+02 5.2759997559e+02
5.3040002441e+02 5.3040002441e+02 5.3029998779e+02 5.3029998779e+02 5.3020001221e+02 5.3020001221e+02 5.3020001221e+02 5.3020001221e+02 5.3020001221e+02 5.3020001221e+02 5.3029998779e+02 5.3029998779e+02 5.3029998779e+02 5.3020001221e+02 5.3009997559e+02 5.3020001221e+02 5.3020001221e+02 5.3020001221e+02 5.3020001221e+02 5.3009997559e+02 5.3000000000e+02 5.3000000000e+02 5.2990002441e+02 5.2979998779e+02 5.2970001221e+02 5.2959997559e+02 5.2940002441e+02 5.2920001221e+02 5.2909997559e+02 5.2900000000e+02 5.2890002441e+02 5.2870001221e+02 5.2870001221e+02 5.2859997559e+02 5.2840002441e+02 5.2840002441e+02 5.2820001221e+02 5.2820001221e+02 5.2809997559e+02 5.2800000000e+02 5.2790002441e+02 5.2779998779e+02 5.2770001221e+02 5.2770001221e+02 5.2770001221e+02 5.2759997559e+02
5.3059997559e+02 5.3050000000e+02 5.3050000000e+02 5.3050000000e+02 5.3040002441e+02 5.3040002441e+02 5.3040002441e+02 5.3040002441e+02 5.3040002441e+02 5.3040002441e+02 5.3040002441e+02 5.3040002441e+02 5.3050000000e+02 5.3050000000e+02 5.3040002441e+02 5.3040002441e+02 5.3040002441e+02 5.3040002441e+02 5.3029998779e+02 5.3029998779e+02 5.3020001221e+02 5.3009997559e+02 5.3000000000e+02 5.2990002441e+02 5.2979998779e+02 5.2959997559e+02 5.2950000000e+02 5.2940002441e+02 5.2920001221e+02 5.2909997559e+02 5.2900000000e+02 5.2890002441e+02 5.2879998779e+02 5.2870001221e+02 5.2859997559e+02 5.2850000000e+02 5.2840002441e+02 5.2829998779e+02 5.2820001221e+02 5.2809997559e+02 5.2800000000e+02 5.2790002441e+02 5.2790002441e+02 5.2779998779e+02 5.2770001221e+02 5.2770001221e+02
