DGM_1M_UPPER_AUSTRIA/2/10.asc
NCOLS 100
NROWS 100
XLLCORNER 6.0350500000e+04
YLLCORNER 2.9428850000e+05
CELLSIZE 1.0000000000e+00
NODATA_VALUE -9.9990000000e+03
[rows 80 to 99 of 100, columns 46 to 91 of 100]
8.3500000000e+02 8.3540002441e+02 8.3570001221e+02 8.3590002441e+02 8.3609997559e+02 8.3629998779e+02 8.3650000000e+02 8.3670001221e+02 8.3690002441e+02 8.3709997559e+02 8.3750000000e+02 8.3770001221e+02 8.3800000000e+02 8.3829998779e+02 8.3859997559e+02 8.3890002441e+02 8.3900000000e+02 8.3920001221e+02 8.3950000000e+02 8.3959997559e+02 8.3970001221e+02 8.3979998779e+02 8.4029998779e+02 8.4059997559e+02 8.4079998779e+02 8.4090002441e+02 8.4109997559e+02 8.4129998779e+02 8.4159997559e+02 8.4190002441e+02 8.4220001221e+02 8.4220001221e+02 8.4240002441e+02 8.4259997559e+02 8.4279998779e+02 8.4300000000e+02 8.4320001221e+02 8.4340002441e+02 8.4350000000e+02 8.4370001221e+02 8.4400000000e+02 8.4429998779e+02 8.4450000000e+02 8.4459997559e+02 8.4479998779e+02 8.4509997559e+02
8.3509997559e+02 8.3550000000e+02 8.3579998779e+02 8.3590002441e+02 8.3600000000e+02 8.3620001221e+02 8.3640002441e+02 8.3659997559e+02 8.3679998779e+02 8.3709997559e+02 8.3740002441e+02 8.3770001221e+02 8.3800000000e+02 8.3820001221e+02 8.3859997559e+02 8.3879998779e+02 8.3890002441e+02 8.3909997559e+02 8.3950000000e+02 8.3970001221e+02 8.3970001221e+02 8.3990002441e+02 8.4029998779e+02 8.4059997559e+02 8.4070001221e+02 8.4079998779e+02 8.4100000000e+02 8.4140002441e+02 8.4170001221e+02 8.4200000000e+02 8.4209997559e+02 8.4229998779e+02 8.4240002441e+02 8.4259997559e+02 8.4279998779e+02 8.4300000000e+02 8.4320001221e+02 8.4340002441e+02 8.4350000000e+02 8.4379998779e+02 8.4400000000e+02 8.4429998779e+02 8.4440002441e+02 8.4450000000e+02 8.4470001221e+02 8.4500000000e+02
8.3509997559e+02 8.3550000000e+02 8.3579998779e+02 8.3590002441e+02 8.3590002441e+02 8.3620001221e+02 8.3640002441e+02 8.3659997559e+02 8.3679998779e+02 8.3709997559e+02 8.3750000000e+02 8.3779998779e+02 8.3800000000e+02 8.3820001221e+02 8.3850000000e+02 8.3879998779e+02 8.3900000000e+02 8.3920001221e+02 8.3950000000e+02 8.3970001221e+02 8.3979998779e+02 8.3990002441e+02 8.4020001221e+02 8.4050000000e+02 8.4059997559e+02 8.4070001221e+02 8.4100000000e+02 8.4140002441e+02 8.4170001221e+02 8.4190002441e+02 8.4209997559e+02 8.4229998779e+02 8.4250000000e+02 8.4259997559e+02 8.4279998779e+02 8.4290002441e+02 8.4309997559e+02 8.4329998779e+02 8.4350000000e+02 8.4379998779e+02 8.4400000000e+02 8.4409997559e+02 8.4429998779e+02 8.4450000000e+02 8.4470001221e+02 8.4479998779e+02
8.3490002441e+02 8.3540002441e+02 8.3570001221e+02 8.3579998779e+02 8.3590002441e+02 8.3609997559e+02 8.3629998779e+02 8.3650000000e+02 8.3670001221e+02 8.3709997559e+02 8.3750000000e+02 8.3779998779e+02 8.3790002441e+02 8.3809997559e+02 8.3829998779e+02 8.3870001221e+02 8.3900000000e+02 8.3929998779e+02 8.3950000000e+02 8.3959997559e+02 8.3979998779e+02 8.3990002441e+02 8.4009997559e+02 8.4040002441e+02 8.4050000000e+02 8.4070001221e+02 8.4109997559e+02 8.4150000000e+02 8.4179998779e+02 8.4190002441e+02 8.4200000000e+02 8.4229998779e+02 8.4250000000e+02 8.4259997559e+02 8.4270001221e+02 8.4290002441e+02 8.4309997559e+02 8.4329998779e+02 8.4350000000e+02 8.4370001221e+02 8.4379998779e+02 8.4400000000e+02 8.4420001221e+02 8.4440002441e+02 8.4459997559e+02 8.4479998779e+02
8.3479998779e+02 8.3520001221e+02 8.3559997559e+02 8.3579998779e+02 8.3600000000e+02 8.3609997559e+02 8.3629998779e+02 8.3640002441e+02 8.3659997559e+02 8.3700000000e+02 8.3740002441e+02 8.3770001221e+02 8.3779998779e+02 8.3800000000e+02 8.3820001221e+02 8.3859997559e+02 8.3900000000e+02 8.3929998779e+02 8.3940002441e+02 8.3959997559e+02 8.3970001221e+02 8.3979998779e+02 8.4000000000e+02 8.4020001221e+02 8.4040002441e+02 8.4070001221e+02 8.4109997559e+02 8.4150000000e+02 8.4179998779e+02 8.4190002441e+02 8.4200000000e+02 8.4229998779e+02 8.4240002441e+02 8.4259997559e+02 8.4270001221e+02 8.4290002441e+02 8.4320001221e+02 8.4340002441e+02 8.4350000000e+02 8.4370001221e+02 8.4379998779e+02 8.4400000000e+02 8.4409997559e+02 8.4429998779e+02 8.4459997559e+02 8.4479998779e+02
8.3479998779e+02 8.3509997559e+02 8.3550000000e+02 8.3579998779e+02 8.3600000000e+02 8.3620001221e+02 8.3629998779e+02 8.3640002441e+02 8.3659997559e+02 8.3700000000e+02 8.3740002441e+02 8.3759997559e+02 8.3770001221e+02 8.3790002441e+02 8.3820001221e+02 8.3850000000e+02 8.3890002441e+02 8.3920001221e+02 8.3940002441e+02 8.3959997559e+02 8.3959997559e+02 8.3979998779e+02 8.4000000000e+02 8.4020001221e+02 8.4029998779e+02 8.4070001221e+02 8.4100000000e+02 8.4140002441e+02 8.4170001221e+02 8.4179998779e+02 8.4200000000e+02 8.4220001221e+02 8.4240002441e+02 8.4250000000e+02 8.4259997559e+02 8.4279998779e+02 8.4320001221e+02 8.4340002441e+02 8.4350000000e+02 8.4359997559e+02 8.4379998779e+02 8.4400000000e+02 8.4409997559e+02 8.4420001221e+02 8.4450000000e+02 8.4479998779e+02
8.3479998779e+02 8.3500000000e+02 8.3529998779e+02 8.3559997559e+02 8.3590002441e+02 8.3609997559e+02 8.3629998779e+02 8.3640002441e+02 8.3670001221e+02 8.3700000000e+02 8.3729998779e+02 8.3750000000e+02 8.3770001221e+02 8.3790002441e+02 8.3820001221e+02 8.3850000000e+02 8.3879998779e+02 8.3909997559e+02 8.3929998779e+02 8.3950000000e+02 8.3959997559e+02 8.3990002441e+02 8.4000000000e+02 8.4020001221e+02 8.4029998779e+02 8.4059997559e+02 8.4100000000e+02 8.4129998779e+02 8.4150000000e+02 8.4170001221e+02 8.4190002441e+02 8.4209997559e+02 8.4229998779e+02 8.4240002441e+02 8.4250000000e+02 8.4270001221e+02 8.4309997559e+02 8.4329998779e+02 8.4340002441e+02 8.4359997559e+02 8.4379998779e+02 8.4400000000e+02 8.4409997559e+02 8.4420001221e+02 8.4450000000e+02 8.4470001221e+02
8.3479998779e+02 8.3509997559e+02 8.3529998779e+02 8.3550000000e+02 8.3570001221e+02 8.3600000000e+02 8.3620001221e+02 8.3640002441e+02 8.3659997559e+02 8.3690002441e+02 8.3729998779e+02 8.3750000000e+02 8.3770001221e+02 8.3790002441e+02 8.3820001221e+02 8.3850000000e+02 8.3879998779e+02 8.3900000000e+02 8.3920001221e+02 8.3950000000e+02 8.3970001221e+02 8.3990002441e+02 8.4009997559e+02 8.4020001221e+02 8.4029998779e+02 8.4059997559e+02 8.4090002441e+02 8.4109997559e+02 8.4129998779e+02 8.4150000000e+02 8.4179998779e+02 8.4200000000e+02 8.4209997559e+02 8.4229998779e+02 8.4240002441e+02 8.4259997559e+02 8.4290002441e+02 8.4320001221e+02 8.4329998779e+02 8.4359997559e+02 8.4379998779e+02 8.4390002441e+02 8.4409997559e+02 8.4420001221e+02 8.4440002441e+02 8.4459997559e+02
8.3490002441e+02 8.3520001221e+02 8.3529998779e+02 8.3540002441e+02 8.3559997559e+02 8.3579998779e+02 8.3609997559e+02 8.3629998779e+02 8.3650000000e+02 8.3690002441e+02 8.3720001221e+02 8.3750000000e+02 8.3770001221e+02 8.3790002441e+02 8.3820001221e+02 8.3840002441e+02 8.3870001221e+02 8.3900000000e+02 8.3920001221e+02 8.3950000000e+02 8.3970001221e+02 8.3990002441e+02 8.4009997559e+02 8.4020001221e+02 8.4029998779e+02 8.4050000000e+02 8.4079998779e+02 8.4100000000e+02 8.4120001221e+02 8.4150000000e+02 8.4170001221e+02 8.4200000000e+02 8.4209997559e+02 8.4220001221e+02 8.4229998779e+02 8.4250000000e+02 8.4279998779e+02 8.4309997559e+02 8.4329998779e+02 8.4359997559e+02 8.4379998779e+02 8.4390002441e+02 8.4409997559e+02 8.4420001221e+02 8.4429998779e+02 8.4440002441e+02
8.3479998779e+02 8.3509997559e+02 8.3529998779e+02 8.3540002441e+02 8.3559997559e+02 8.3579998779e+02 8.3600000000e+02 8.3629998779e+02 8.3650000000e+02 8.3679998779e+02 8.3709997559e+02 8.3740002441e+02 8.3770001221e+02 8.3790002441e+02 8.3809997559e+02 8.3829998779e+02 8.3859997559e+02 8.3890002441e+02 8.3909997559e+02 8.3940002441e+02 8.3970001221e+02 8.3990002441e+02 8.4009997559e+02 8.4020001221e+02 8.4020001221e+02 8.4050000000e+02 8.4070001221e+02 8.4090002441e+02 8.4109997559e+02 8.4140002441e+02 8.4159997559e+02 8.4190002441e+02 8.4200000000e+02 8.4220001221e+02 8.4240002441e+02 8.4259997559e+02 8.4279998779e+02 8.4300000000e+02 8.4320001221e+02 8.4350000000e+02 8.4370001221e+02 8.4379998779e+02 8.4400000000e+02 8.4400000000e+02 8.4409997559e+02 8.4420001221e+02
8.3470001221e+02 8.3500000000e+02 8.3520001221e+02 8.3540002441e+02 8.3559997559e+02 8.3579998779e+02 8.3600000000e+02 8.3629998779e+02 8.3659997559e+02 8.3679998779e+02 8.3709997559e+02 8.3729998779e+02 8.3759997559e+02 8.3779998779e+02 8.3800000000e+02 8.3820001221e+02 8.3850000000e+02 8.3879998779e+02 8.3909997559e+02 8.3940002441e+02 8.3959997559e+02 8.3979998779e+02 8.3990002441e+02 8.4000000000e+02 8.4009997559e+02 8.4040002441e+02 8.4059997559e+02 8.4079998779e+02 8.4109997559e+02 8.4140002441e+02 8.4159997559e+02 8.4179998779e+02 8.4190002441e+02 8.4220001221e+02 8.4250000000e+02 8.4270001221e+02 8.4279998779e+02 8.4290002441e+02 8.4309997559e+02 8.4329998779e+02 8.4350000000e+02 8.4359997559e+02 8.4379998779e+02 8.4390002441e+02 8.4409997559e+02 8.4420001221e+02
8.3450000000e+02 8.3479998779e+02 8.3509997559e+02 8.3540002441e+02 8.3559997559e+02 8.3579998779e+02 8.3600000000e+02 8.3629998779e+02 8.3659997559e+02 8.3690002441e+02 8.3709997559e+02 8.3729998779e+02 8.3750000000e+02 8.3770001221e+02 8.3790002441e+02 8.3820001221e+02 8.3850000000e+02 8.3879998779e+02 8.3909997559e+02 8.3940002441e+02 8.3959997559e+02 8.3970001221e+02 8.3979998779e+02 8.3990002441e+02 8.4009997559e+02 8.4029998779e+02 8.4059997559e+02 8.4079998779e+02 8.4109997559e+02 8.4129998779e+02 8.4159997559e+02 8.4170001221e+02 8.4190002441e+02 8.4209997559e+02 8.4240002441e+02 8.4250000000e+02 8.4259997559e+02 8.4279998779e+02 8.4290002441e+02 8.4309997559e+02 8.4329998779e+02 8.4350000000e+02 8.4370001221e+02 8.4390002441e+02 8.4409997559e+02 8.4420001221e+02
8.3450000000e+02 8.3470001221e+02 8.3500000000e+02 8.3529998779e+02 8.3550000000e+02 8.3570001221e+02 8.3590002441e+02 8.3620001221e+02 8.3659997559e+02 8.3690002441e+02 8.3709997559e+02 8.3729998779e+02 8.3740002441e+02 8.3759997559e+02 8.3790002441e+02 8.3820001221e+02 8.3850000000e+02 8.3870001221e+02 8.3900000000e+02 8.3929998779e+02 8.3950000000e+02 8.3959997559e+02 8.3970001221e+02 8.3979998779e+02 8.4000000000e+02 8.4029998779e+02 8.4050000000e+02 8.4079998779e+02 8.4100000000e+02 8.4129998779e+02 8.4150000000e+02 8.4159997559e+02 8.4179998779e+02 8.4200000000e+02 8.4209997559e+02 8.4220001221e+02 8.4229998779e+02 8.4250000000e+02 8.4279998779e+02 8.4300000000e+02 8.4329998779e+02 8.4350000000e+02 8.4379998779e+02 8.4390002441e+02 8.4409997559e+02 8.4420001221e+02
8.3440002441e+02 8.3459997559e+02 8.3479998779e+02 8.3509997559e+02 8.3529998779e+02 8.3550000000e+02 8.3579998779e+02 8.3609997559e+02 8.3650000000e+02 8.3679998779e+02 8.3709997559e+02 8.3729998779e+02 8.3740002441e+02 8.3770001221e+02 8.3790002441e+02 8.3820001221e+02 8.3840002441e+02 8.3859997559e+02 8.3890002441e+02 8.3920001221e+02 8.3929998779e+02 8.3950000000e+02 8.3959997559e+02 8.3979998779e+02 8.4000000000e+02 8.4020001221e+02 8.4050000000e+02 8.4070001221e+02 8.4090002441e+02 8.4109997559e+02 8.4129998779e+02 8.4140002441e+02 8.4159997559e+02 8.4170001221e+02 8.4190002441e+02 8.4200000000e+02 8.4220001221e+02 8.4240002441e+02 8.4270001221e+02 8.4300000000e+02 8.4329998779e+02 8.4359997559e+02 8.4379998779e+02 8.4390002441e+02 8.4400000000e+02 8.4409997559e+02
8.3429998779e+02 8.3450000000e+02 8.3470001221e+02 8.3490002441e+02 8.3509997559e+02 8.3540002441e+02 8.3570001221e+02 8.3600000000e+02 8.3640002441e+02 8.3670001221e+02 8.3700000000e+02 8.3720001221e+02 8.3740002441e+02 8.3770001221e+02 8.3800000000e+02 8.3809997559e+02 8.3829998779e+02 8.3859997559e+02 8.3890002441e+02 8.3909997559e+02 8.3929998779e+02 8.3940002441e+02 8.3959997559e+02 8.3979998779e+02 8.4000000000e+02 8.4020001221e+02 8.4040002441e+02 8.4070001221e+02 8.4079998779e+02 8.4100000000e+02 8.4109997559e+02 8.4129998779e+02 8.4140002441e+02 8.4159997559e+02 8.4179998779e+02 8.4200000000e+02 8.4220001221e+02 8.4240002441e+02 8.4270001221e+02 8.4300000000e+02 8.4320001221e+02 8.4350000000e+02 8.4370001221e+02 8.4379998779e+02 8.4400000000e+02 8.4409997559e+02
8.3420001221e+02 8.3440002441e+02 8.3459997559e+02 8.3479998779e+02 8.3509997559e+02 8.3529998779e+02 8.3559997559e+02 8.3590002441e+02 8.3629998779e+02 8.3659997559e+02 8.3690002441e+02 8.3720001221e+02 8.3740002441e+02 8.3770001221e+02 8.3790002441e+02 8.3809997559e+02 8.3829998779e+02 8.3850000000e+02 8.3879998779e+02 8.3909997559e+02 8.3940002441e+02 8.3950000000e+02 8.3970001221e+02 8.3979998779e+02 8.3990002441e+02 8.4020001221e+02 8.4050000000e+02 8.4079998779e+02 8.4090002441e+02 8.4100000000e+02 8.4109997559e+02 8.4120001221e+02 8.4140002441e+02 8.4150000000e+02 8.4179998779e+02 8.4200000000e+02 8.4220001221e+02 8.4240002441e+02 8.4259997559e+02 8.4290002441e+02 8.4309997559e+02 8.4329998779e+02 8.4350000000e+02 8.4370001221e+02 8.4390002441e+02 8.4409997559e+02
8.3409997559e+02 8.3429998779e+02 8.3450000000e+02 8.3479998779e+02 8.3500000000e+02 8.3529998779e+02 8.3559997559e+02 8.3590002441e+02 8.3620001221e+02 8.3650000000e+02 8.3690002441e+02 8.3720001221e+02 8.3740002441e+02 8.3759997559e+02 8.3779998779e+02 8.3800000000e+02 8.3820001221e+02 8.3850000000e+02 8.3879998779e+02 8.3909997559e+02 8.3940002441e+02 8.3959997559e+02 8.3970001221e+02 8.3979998779e+02 8.3990002441e+02 8.4020001221e+02 8.4050000000e+02 8.4079998779e+02 8.4100000000e+02 8.4109997559e+02 8.4109997559e+02 8.4120001221e+02 8.4140002441e+02 8.4150000000e+02 8.4170001221e+02 8.4190002441e+02 8.4220001221e+02 8.4240002441e+02 8.4259997559e+02 8.4279998779e+02 8.4300000000e+02 8.4329998779e+02 8.4340002441e+02 8.4359997559e+02 8.4390002441e+02 8.4400000000e+02
8.3400000000e+02 8.3420001221e+02 8.3450000000e+02 8.3459997559e+02 8.3490002441e+02 8.3520001221e+02 8.3550000000e+02 8.3570001221e+02 8.3600000000e+02 8.3640002441e+02 8.3679998779e+02 8.3709997559e+02 8.3729998779e+02 8.3750000000e+02 8.3770001221e+02 8.3790002441e+02 8.3820001221e+02 8.3850000000e+02 8.3870001221e+02 8.3900000000e+02 8.3929998779e+02 8.3950000000e+02 8.3970001221e+02 8.3970001221e+02 8.3990002441e+02 8.4009997559e+02 8.4050000000e+02 8.4079998779e+02 8.4100000000e+02 8.4109997559e+02 8.4109997559e+02 8.4129998779e+02 8.4140002441e+02 8.4150000000e+02 8.4159997559e+02 8.4190002441e+02 8.4220001221e+02 8.4240002441e+02 8.4250000000e+02 8.4270001221e+02 8.4300000000e+02 8.4329998779e+02 8.4340002441e+02 8.4350000000e+02 8.4370001221e+02 8.4390002441e+02
8.3390002441e+02 8.3409997559e+02 8.3440002441e+02 8.3450000000e+02 8.3479998779e+02 8.3509997559e+02 8.3540002441e+02 8.3559997559e+02 8.3590002441e+02 8.3620001221e+02 8.3659997559e+02 8.3700000000e+02 8.3720001221e+02 8.3740002441e+02 8.3759997559e+02 8.3790002441e+02 8.3829998779e+02 8.3840002441e+02 8.3859997559e+02 8.3890002441e+02 8.3920001221e+02 8.3940002441e+02 8.3950000000e+02 8.3970001221e+02 8.3979998779e+02 8.4009997559e+02 8.4040002441e+02 8.4079998779e+02 8.4100000000e+02 8.4100000000e+02 8.4109997559e+02 8.4120001221e+02 8.4140002441e+02 8.4150000000e+02 8.4159997559e+02 8.4179998779e+02 8.4209997559e+02 8.4229998779e+02 8.4240002441e+02 8.4259997559e+02 8.4290002441e+02 8.4320001221e+02 8.4329998779e+02 8.4340002441e+02 8.4359997559e+02 8.4379998779e+02
8.3370001221e+02 8.3390002441e+02 8.3420001221e+02 8.3450000000e+02 8.3479998779e+02 8.3500000000e+02 8.3520001221e+02 8.3550000000e+02 8.3579998779e+02 8.3609997559e+02 8.3640002441e+02 8.3690002441e+02 8.3720001221e+02 8.3729998779e+02 8.3759997559e+02 8.3790002441e+02 8.3820001221e+02 8.3840002441e+02 8.3859997559e+02 8.3879998779e+02 8.3909997559e+02 8.3929998779e+02 8.3950000000e+02 8.3959997559e+02 8.3979998779e+02 8.4000000000e+02 8.4029998779e+02 8.4059997559e+02 8.4079998779e+02 8.4090002441e+02 8.4100000000e+02 8.4120001221e+02 8.4129998779e+02 8.4140002441e+02 8.4150000000e+02 8.4159997559e+02 8.4190002441e+02 8.4209997559e+02 8.4229998779e+02 8.4250000000e+02 8.4270001221e+02 8.4300000000e+02 8.4320001221e+02 8.4329998779e+02 8.4350000000e+02 8.4359997559e+02
