DGM_1M_UPPER_AUSTRIA/2/10.asc
NCOLS 100
NROWS 100
XLLCORNER 6.0350500000e+04
YLLCORNER 2.9428850000e+05
CELLSIZE 1.0000000000e+00
NODATA_VALUE -9.9990000000e+03
[rows 60 to 79 of 100, columns 0 to 45 of 100]
8.2150000000e+02 8.2170001221e+02 8.2200000000e+02 8.2229998779e+02 8.2259997559e+02 8.2279998779e+02 8.2320001221e+02 8.2379998779e+02 8.2409997559e+02 8.2429998779e+02 8.2440002441e+02 8.2459997559e+02 8.2490002441e+02 8.2520001221e+02 8.2550000000e+02 8.2590002441e+02 8.2629998779e+02 8.2659997559e+02 8.2690002441e+02 8.2709997559e+02 8.2750000000e+02 8.2779998779e+02 8.2809997559e+02 8.2840002441e+02 8.2870001221e+02 8.2879998779e+02 8.2900000000e+02 8.2929998779e+02 8.2950000000e+02 8.2979998779e+02 8.3009997559e+02 8.3050000000e+02 8.3079998779e+02 8.3120001221e+02 8.3140002441e+02 8.3170001221e+02 8.3200000000e+02 8.3209997559e+02 8.3220001221e+02 8.3240002441e+02 8.3270001221e+02 8.3309997559e+02 8.3329998779e+02 8.3359997559e+02 8.3370001221e+02 8.3379998779e+02
8.2159997559e+02 8.2190002441e+02 8.2209997559e+02 8.2240002441e+02 8.2270001221e+02 8.2300000000e+02 8.2350000000e+02 8.2400000000e+02 8.2420001221e+02 8.2429998779e+02 8.2440002441e+02 8.2470001221e+02 8.2500000000e+02 8.2529998779e+02 8.2570001221e+02 8.2600000000e+02 8.2629998779e+02 8.2670001221e+02 8.2700000000e+02 8.2729998779e+02 8.2770001221e+02 8.2800000000e+02 8.2829998779e+02 8.2850000000e+02 8.2870001221e+02 8.2879998779e+02 8.2900000000e+02 8.2929998779e+02 8.2959997559e+02 8.2990002441e+02 8.3029998779e+02 8.3070001221e+02 8.3109997559e+02 8.3140002441e+02 8.3150000000e+02 8.3179998779e+02 8.3209997559e+02 8.3220001221e+02 8.3229998779e+02 8.3250000000e+02 8.3279998779e+02 8.3309997559e+02 8.3340002441e+02 8.3379998779e+02 8.3390002441e+02 8.3390002441e+02
8.2179998779e+02 8.2200000000e+02 8.2220001221e+02 8.2250000000e+02 8.2279998779e+02 8.2320001221e+02 8.2359997559e+02 8.2400000000e+02 8.2420001221e+02 8.2429998779e+02 8.2450000000e+02 8.2479998779e+02 8.2520001221e+02 8.2559997559e+02 8.2600000000e+02 8.2620001221e+02 8.2650000000e+02 8.2690002441e+02 8.2720001221e+02 8.2750000000e+02 8.2779998779e+02 8.2809997559e+02 8.2829998779e+02 8.2850000000e+02 8.2870001221e+02 8.2890002441e+02 8.2909997559e+02 8.2950000000e+02 8.2979998779e+02 8.3009997559e+02 8.3040002441e+02 8.3079998779e+02 8.3120001221e+02 8.3140002441e+02 8.3150000000e+02 8.3179998779e+02 8.3209997559e+02 8.3229998779e+02 8.3240002441e+02 8.3259997559e+02 8.3279998779e+02 8.3309997559e+02 8.3359997559e+02 8.3390002441e+02 8.3390002441e+02 8.3400000000e+02
8.2190002441e+02 8.2209997559e+02 8.2240002441e+02 8.2259997559e+02 8.2290002441e+02 8.2329998779e+02 8.2370001221e+02 8.2390002441e+02 8.2420001221e+02 8.2429998779e+02 8.2459997559e+02 8.2500000000e+02 8.2540002441e+02 8.2579998779e+02 8.2609997559e+02 8.2629998779e+02 8.2670001221e+02 8.2700000000e+02 8.2729998779e+02 8.2759997559e+02 8.2790002441e+02 8.2809997559e+02 8.2829998779e+02 8.2859997559e+02 8.2879998779e+02 8.2909997559e+02 8.2929998779e+02 8.2959997559e+02 8.2990002441e+02 8.3009997559e+02 8.3040002441e+02 8.3070001221e+02 8.3100000000e+02 8.3129998779e+02 8.3159997559e+02 8.3190002441e+02 8.3209997559e+02 8.3229998779e+02 8.3240002441e+02 8.3259997559e+02 8.3290002441e+02 8.3320001221e+02 8.3359997559e+02 8.3390002441e+02 8.3400000000e+02 8.3400000000e+02
8.2200000000e+02 8.2229998779e+02 8.2250000000e+02 8.2279998779e+02 8.2300000000e+02 8.2329998779e+02 8.2359997559e+02 8.2390002441e+02 8.2429998779e+02 8.2450000000e+02 8.2479998779e+02 8.2520001221e+02 8.2559997559e+02 8.2590002441e+02 8.2609997559e+02 8.2629998779e+02 8.2670001221e+02 8.2709997559e+02 8.2729998779e+02 8.2759997559e+02 8.2790002441e+02 8.2809997559e+02 8.2829998779e+02 8.2859997559e+02 8.2890002441e+02 8.2909997559e+02 8.2929998779e+02 8.2950000000e+02 8.2979998779e+02 8.3009997559e+02 8.3040002441e+02 8.3070001221e+02 8.3100000000e+02 8.3129998779e+02 8.3159997559e+02 8.3190002441e+02 8.3220001221e+02 8.3240002441e+02 8.3250000000e+02 8.3279998779e+02 8.3309997559e+02 8.3340002441e+02 8.3370001221e+02 8.3390002441e+02 8.3400000000e+02 8.3409997559e+02
8.2209997559e+02 8.2240002441e+02 8.2270001221e+02 8.2290002441e+02 8.2309997559e+02 8.2340002441e+02 8.2370001221e+02 8.2409997559e+02 8.2450000000e+02 8.2470001221e+02 8.2479998779e+02 8.2509997559e+02 8.2550000000e+02 8.2579998779e+02 8.2600000000e+02 8.2629998779e+02 8.2670001221e+02 8.2709997559e+02 8.2740002441e+02 8.2759997559e+02 8.2779998779e+02 8.2809997559e+02 8.2840002441e+02 8.2879998779e+02 8.2900000000e+02 8.2909997559e+02 8.2920001221e+02 8.2950000000e+02 8.2979998779e+02 8.3020001221e+02 8.3050000000e+02 8.3079998779e+02 8.3100000000e+02 8.3140002441e+02 8.3159997559e+02 8.3190002441e+02 8.3220001221e+02 8.3240002441e+02 8.3259997559e+02 8.3290002441e+02 8.3320001221e+02 8.3350000000e+02 8.3370001221e+02 8.3390002441e+02 8.3409997559e+02 8.3429998779e+02
8.2209997559e+02 8.2240002441e+02 8.2270001221e+02 8.2290002441e+02 8.2320001221e+02 8.2340002441e+02 8.2390002441e+02 8.2429998779e+02 8.2459997559e+02 8.2470001221e+02 8.2479998779e+02 8.2509997559e+02 8.2550000000e+02 8.2579998779e+02 8.2609997559e+02 8.2650000000e+02 8.2679998779e+02 8.2720001221e+02 8.2740002441e+02 8.2759997559e+02 8.2779998779e+02 8.2809997559e+02 8.2850000000e+02 8.2879998779e+02 8.2900000000e+02 8.2909997559e+02 8.2920001221e+02 8.2950000000e+02 8.2990002441e+02 8.3020001221e+02 8.3050000000e+02 8.3070001221e+02 8.3100000000e+02 8.3140002441e+02 8.3170001221e+02 8.3190002441e+02 8.3229998779e+02 8.3250000000e+02 8.3259997559e+02 8.3300000000e+02 8.3329998779e+02 8.3350000000e+02 8.3359997559e+02 8.3379998779e+02 8.3409997559e+02 8.3440002441e+02
8.2209997559e+02 8.2240002441e+02 8.2270001221e+02 8.2290002441e+02 8.2320001221e+02 8.2350000000e+02 8.2400000000e+02 8.2440002441e+02 8.2459997559e+02 8.2470001221e+02 8.2479998779e+02 8.2520001221e+02 8.2559997559e+02 8.2590002441e+02 8.2620001221e+02 8.2659997559e+02 8.2690002441e+02 8.2720001221e+02 8.2740002441e+02 8.2759997559e+02 8.2779998779e+02 8.2820001221e+02 8.2850000000e+02 8.2879998779e+02 8.2900000000e+02 8.2920001221e+02 8.2929998779e+02 8.2959997559e+02 8.3000000000e+02 8.3029998779e+02 8.3050000000e+02 8.3079998779e+02 8.3120001221e+02 8.3159997559e+02 8.3190002441e+02 8.3209997559e+02 8.3240002441e+02 8.3259997559e+02 8.3270001221e+02 8.3300000000e+02 8.3329998779e+02 8.3350000000e+02 8.3359997559e+02 8.3379998779e+02 8.3409997559e+02 8.3440002441e+02
8.2220001221e+02 8.2250000000e+02 8.2270001221e+02 8.2300000000e+02 8.2340002441e+02 8.2370001221e+02 8.2409997559e+02 8.2440002441e+02 8.2459997559e+02 8.2459997559e+02 8.2479998779e+02 8.2520001221e+02 8.2559997559e+02 8.2590002441e+02 8.2629998779e+02 8.2670001221e+02 8.2690002441e+02 8.2709997559e+02 8.2729998779e+02 8.2750000000e+02 8.2779998779e+02 8.2809997559e+02 8.2850000000e+02 8.2890002441e+02 8.2909997559e+02 8.2929998779e+02 8.2940002441e+02 8.2959997559e+02 8.3000000000e+02 8.3040002441e+02 8.3070001221e+02 8.3100000000e+02 8.3140002441e+02 8.3179998779e+02 8.3200000000e+02 8.3220001221e+02 8.3250000000e+02 8.3259997559e+02 8.3270001221e+02 8.3300000000e+02 8.3340002441e+02 8.3350000000e+02 8.3359997559e+02 8.3379998779e+02 8.3400000000e+02 8.3429998779e+02
8.2229998779e+02 8.2250000000e+02 8.2279998779e+02 8.2320001221e+02 8.2359997559e+02 8.2379998779e+02 8.2409997559e+02 8.2450000000e+02 8.2459997559e+02 8.2459997559e+02 8.2490002441e+02 8.2529998779e+02 8.2559997559e+02 8.2600000000e+02 8.2629998779e+02 8.2670001221e+02 8.2690002441e+02 8.2700000000e+02 8.2729998779e+02 8.2750000000e+02 8.2779998779e+02 8.2820001221e+02 8.2859997559e+02 8.2890002441e+02 8.2920001221e+02 8.2940002441e+02 8.2950000000e+02 8.2979998779e+02 8.3009997559e+02 8.3050000000e+02 8.3079998779e+02 8.3109997559e+02 8.3140002441e+02 8.3170001221e+02 8.3190002441e+02 8.3220001221e+02 8.3250000000e+02 8.3259997559e+02 8.3270001221e+02 8.3309997559e+02 8.3340002441e+02 8.3359997559e+02 8.3370001221e+02 8.3379998779e+02 8.3409997559e+02 8.3440002441e+02
8.2240002441e+02 8.2259997559e+02 8.2290002441e+02 8.2329998779e+02 8.2359997559e+02 8.2379998779e+02 8.2409997559e+02 8.2440002441e+02 8.2450000000e+02 8.2459997559e+02 8.2500000000e+02 8.2540002441e+02 8.2570001221e+02 8.2600000000e+02 8.2629998779e+02 8.2659997559e+02 8.2679998779e+02 8.2700000000e+02 8.2729998779e+02 8.2759997559e+02 8.2790002441e+02 8.2820001221e+02 8.2850000000e+02 8.2879998779e+02 8.2909997559e+02 8.2940002441e+02 8.2970001221e+02 8.3000000000e+02 8.3020001221e+02 8.3040002441e+02 8.3070001221e+02 8.3109997559e+02 8.3140002441e+02 8.3159997559e+02 8.3200000000e+02 8.3229998779e+02 8.3250000000e+02 8.3259997559e+02 8.3279998779e+02 8.3320001221e+02 8.3340002441e+02 8.3359997559e+02 8.3370001221e+02 8.3390002441e+02 8.3409997559e+02 8.3450000000e+02
8.2250000000e+02 8.2270001221e+02 8.2300000000e+02 8.2340002441e+02 8.2350000000e+02 8.2370001221e+02 8.2400000000e+02 8.2429998779e+02 8.2450000000e+02 8.2470001221e+02 8.2500000000e+02 8.2540002441e+02 8.2579998779e+02 8.2600000000e+02 8.2629998779e+02 8.2659997559e+02 8.2679998779e+02 8.2700000000e+02 8.2729998779e+02 8.2770001221e+02 8.2800000000e+02 8.2809997559e+02 8.2829998779e+02 8.2870001221e+02 8.2900000000e+02 8.2940002441e+02 8.2970001221e+02 8.3000000000e+02 8.3020001221e+02 8.3040002441e+02 8.3070001221e+02 8.3109997559e+02 8.3140002441e+02 8.3170001221e+02 8.3209997559e+02 8.3240002441e+02 8.3250000000e+02 8.3259997559e+02 8.3279998779e+02 8.3320001221e+02 8.3340002441e+02 8.3359997559e+02 8.3370001221e+02 8.3390002441e+02 8.3429998779e+02 8.3459997559e+02
8.2270001221e+02 8.2290002441e+02 8.2309997559e+02 8.2329998779e+02 8.2350000000e+02 8.2370001221e+02 8.2400000000e+02 8.2420001221e+02 8.2450000000e+02 8.2479998779e+02 8.2509997559e+02 8.2550000000e+02 8.2590002441e+02 8.2609997559e+02 8.2629998779e+02 8.2659997559e+02 8.2679998779e+02 8.2700000000e+02 8.2740002441e+02 8.2779998779e+02 8.2800000000e+02 8.2809997559e+02 8.2829998779e+02 8.2859997559e+02 8.2900000000e+02 8.2929998779e+02 8.2979998779e+02 8.3009997559e+02 8.3020001221e+02 8.3040002441e+02 8.3070001221e+02 8.3109997559e+02 8.3140002441e+02 8.3179998779e+02 8.3229998779e+02 8.3250000000e+02 8.3259997559e+02 8.3270001221e+02 8.3279998779e+02 8.3320001221e+02 8.3340002441e+02 8.3359997559e+02 8.3370001221e+02 8.3400000000e+02 8.3440002441e+02 8.3479998779e+02
8.2290002441e+02 8.2309997559e+02 8.2320001221e+02 8.2329998779e+02 8.2350000000e+02 8.2370001221e+02 8.2400000000e+02 8.2420001221e+02 8.2440002441e+02 8.2470001221e+02 8.2520001221e+02 8.2559997559e+02 8.2590002441e+02 8.2620001221e+02 8.2629998779e+02 8.2650000000e+02 8.2670001221e+02 8.2709997559e+02 8.2740002441e+02 8.2770001221e+02 8.2790002441e+02 8.2809997559e+02 8.2829998779e+02 8.2859997559e+02 8.2900000000e+02 8.2940002441e+02 8.2979998779e+02 8.3000000000e+02 8.3020001221e+02 8.3050000000e+02 8.3079998779e+02 8.3120001221e+02 8.3150000000e+02 8.3200000000e+02 8.3240002441e+02 8.3259997559e+02 8.3270001221e+02 8.3270001221e+02 8.3290002441e+02 8.3320001221e+02 8.3350000000e+02 8.3359997559e+02 8.3379998779e+02 8.3420001221e+02 8.3459997559e+02 8.3490002441e+02
8.2309997559e+02 8.2309997559e+02 8.2320001221e+02 8.2340002441e+02 8.2359997559e+02 8.2390002441e+02 8.2409997559e+02 8.2429998779e+02 8.2450000000e+02 8.2470001221e+02 8.2509997559e+02 8.2550000000e+02 8.2590002441e+02 8.2620001221e+02 8.2640002441e+02 8.2650000000e+02 8.2679998779e+02 8.2700000000e+02 8.2729998779e+02 8.2770001221e+02 8.2800000000e+02 8.2809997559e+02 8.2840002441e+02 8.2870001221e+02 8.2900000000e+02 8.2940002441e+02 8.2970001221e+02 8.3000000000e+02 8.3029998779e+02 8.3070001221e+02 8.3100000000e+02 8.3120001221e+02 8.3159997559e+02 8.3209997559e+02 8.3250000000e+02 8.3259997559e+02 8.3270001221e+02 8.3279998779e+02 8.3290002441e+02 8.3320001221e+02 8.3350000000e+02 8.3370001221e+02 8.3390002441e+02 8.3429998779e+02 8.3459997559e+02 8.3490002441e+02
8.2309997559e+02 8.2320001221e+02 8.2329998779e+02 8.2350000000e+02 8.2379998779e+02 8.2400000000e+02 8.2420001221e+02 8.2429998779e+02 8.2450000000e+02 8.2470001221e+02 8.2509997559e+02 8.2550000000e+02 8.2590002441e+02 8.2609997559e+02 8.2629998779e+02 8.2650000000e+02 8.2679998779e+02 8.2700000000e+02 8.2729998779e+02 8.2770001221e+02 8.2800000000e+02 8.2829998779e+02 8.2859997559e+02 8.2890002441e+02 8.2909997559e+02 8.2940002441e+02 8.2970001221e+02 8.3009997559e+02 8.3040002441e+02 8.3079998779e+02 8.3109997559e+02 8.3120001221e+02 8.3159997559e+02 8.3200000000e+02 8.3240002441e+02 8.3259997559e+02 8.3270001221e+02 8.3279998779e+02 8.3300000000e+02 8.3329998779e+02 8.3359997559e+02 8.3379998779e+02 8.3400000000e+02 8.3429998779e+02 8.3459997559e+02 8.3479998779e+02
8.2320001221e+02 8.2329998779e+02 8.2340002441e+02 8.2359997559e+02 8.2390002441e+02 8.2409997559e+02 8.2420001221e+02 8.2429998779e+02 8.2440002441e+02 8.2470001221e+02 8.2509997559e+02 8.2559997559e+02 8.2600000000e+02 8.2609997559e+02 8.2629998779e+02 8.2650000000e+02 8.2670001221e+02 8.2700000000e+02 8.2729998779e+02 8.2770001221e+02 8.2800000000e+02 8.2840002441e+02 8.2870001221e+02 8.2890002441e+02 8.2909997559e+02 8.2940002441e+02 8.2970001221e+02 8.3009997559e+02 8.3040002441e+02 8.3070001221e+02 8.3100000000e+02 8.3120001221e+02 8.3159997559e+02 8.3200000000e+02 8.3229998779e+02 8.3259997559e+02 8.3279998779e+02 8.3290002441e+02 8.3309997559e+02 8.3329998779e+02 8.3370001221e+02 8.3400000000e+02 8.3420001221e+02 8.3440002441e+02 8.3459997559e+02 8.3479998779e+02
8.2320001221e+02 8.2329998779e+02 8.2350000000e+02 8.2370001221e+02 8.2390002441e+02 8.2400000000e+02 8.2420001221e+02 8.2429998779e+02 8.2440002441e+02 8.2459997559e+02 8.2509997559e+02 8.2559997559e+02 8.2600000000e+02 8.2620001221e+02 8.2640002441e+02 8.2659997559e+02 8.2679998779e+02 8.2709997559e+02 8.2740002441e+02 8.2770001221e+02 8.2800000000e+02 8.2840002441e+02 8.2870001221e+02 8.2890002441e+02 8.2920001221e+02 8.2940002441e+02 8.2970001221e+02 8.3000000000e+02 8.3029998779e+02 8.3059997559e+02 8.3090002441e+02 8.3120001221e+02 8.3159997559e+02 8.3200000000e+02 8.3220001221e+02 8.3250000000e+02 8.3279998779e+02 8.3300000000e+02 8.3320001221e+02 8.3340002441e+02 8.3359997559e+02 8.3400000000e+02 8.3420001221e+02 8.3450000000e+02 8.3470001221e+02 8.3490002441e+02
8.2320001221e+02 8.2329998779e+02 8.2350000000e+02 8.2370001221e+02 8.2379998779e+02 8.2390002441e+02 8.2409997559e+02 8.2429998779e+02 8.2440002441e+02 8.2459997559e+02 8.2509997559e+02 8.2559997559e+02 8.2609997559e+02 8.2629998779e+02 8.2640002441e+02 8.2670001221e+02 8.2690002441e+02 8.2709997559e+02 8.2740002441e+02 8.2770001221e+02 8.2800000000e+02 8.2840002441e+02 8.2870001221e+02 8.2890002441e+02 8.2909997559e+02 8.2940002441e+02 8.2959997559e+02 8.2990002441e+02 8.3020001221e+02 8.3050000000e+02 8.3079998779e+02 8.3120001221e+02 8.3159997559e+02 8.3200000000e+02 8.3220001221e+02 8.3250000000e+02 8.3279998779e+02 8.3300000000e+02 8.3320001221e+02 8.3340002441e+02 8.3359997559e+02 8.3379998779e+02 8.3409997559e+02 8.3450000000e+02 8.3470001221e+02 8.3479998779e+02
8.2320001221e+02 8.2329998779e+02 8.2359997559e+02 8.2370001221e+02 8.2379998779e+02 8.2390002441e+02 8.2409997559e+02 8.2420001221e+02 8.2440002441e+02 8.2459997559e+02 8.2509997559e+02 8.2559997559e+02 8.2600000000e+02 8.2620001221e+02 8.2640002441e+02 8.2670001221e+02 8.2690002441e+02 8.2709997559e+02 8.2729998779e+02 8.2770001221e+02 8.2800000000e+02 8.2840002441e+02 8.2870001221e+02 8.2890002441e+02 8.2909997559e+02 8.2929998779e+02 8.2959997559e+02 8.2990002441e+02 8.3020001221e+02 8.3050000000e+02 8.3070001221e+02 8.3109997559e+02 8.3150000000e+02 8.3200000000e+02 8.3229998779e+02 8.3259997559e+02 8.3290002441e+02 8.3300000000e+02 8.3320001221e+02 8.3350000000e+02 8.3359997559e+02 8.3370001221e+02 8.3400000000e+02 8.3429998779e+02 8.3459997559e+02 8.3470001221e+02
