DGM_1M_UPPER_AUSTRIA/14/27.asc
NCOLS 100
NROWS 100
XLLCORNER 6.1550500000e+04
YLLCORNER 2.9258850000e+05
CELLSIZE 1.0000000000e+00
NODATA_VALUE -9.9990000000e+03
[rows 0 to 19 of 100, columns 46 to 91 of 100]
9.6040002441e+02 9.6059997559e+02 9.6079998779e+02 9.6100000000e+02 9.6129998779e+02 9.6150000000e+02 9.6170001221e+02 9.6179998779e+02 9.6200000000e+02 9.6209997559e+02 9.6229998779e+02 9.6240002441e+02 9.6250000000e+02 9.6270001221e+02 9.6279998779e+02 9.6300000000e+02 9.6309997559e+02 9.6320001221e+02 9.6340002441e+02 9.6359997559e+02 9.6370001221e+02 9.6379998779e+02 9.6400000000e+02 9.6409997559e+02 9.6429998779e+02 9.6440002441e+02 9.6450000000e+02 9.6470001221e+02 9.6479998779e+02 9.6500000000e+02 9.6520001221e+02 9.6550000000e+02 9.6559997559e+02 9.6559997559e+02 9.6570001221e+02 9.6570001221e+02 9.6579998779e+02 9.6590002441e+02 9.6609997559e+02 9.6629998779e+02 9.6650000000e+02 9.6650000000e+02 9.6650000000e+02 9.6650000000e+02 9.6640002441e+02 9.6640002441e+02
9.6029998779e+02 9.6050000000e+02 9.6079998779e+02 9.6100000000e+02 9.6120001221e+02 9.6140002441e+02 9.6159997559e+02 9.6179998779e+02 9.6200000000e+02 9.6209997559e+02 9.6229998779e+02 9.6240002441e+02 9.6250000000e+02 9.6270001221e+02 9.6279998779e+02 9.6300000000e+02 9.6309997559e+02 9.6329998779e+02 9.6340002441e+02 9.6359997559e+02 9.6370001221e+02 9.6379998779e+02 9.6400000000e+02 9.6409997559e+02 9.6429998779e+02 9.6440002441e+02 9.6450000000e+02 9.6470001221e+02 9.6479998779e+02 9.6500000000e+02 9.6529998779e+02 9.6550000000e+02 9.6559997559e+02 9.6559997559e+02 9.6559997559e+02 9.6559997559e+02 9.6570001221e+02 9.6590002441e+02 9.6620001221e+02 9.6650000000e+02 9.6670001221e+02 9.6679998779e+02 9.6679998779e+02 9.6670001221e+02 9.6670001221e+02 9.6659997559e+02
9.6029998779e+02 9.6050000000e+02 9.6070001221e+02 9.6100000000e+02 9.6120001221e+02 9.6140002441e+02 9.6159997559e+02 9.6179998779e+02 9.6190002441e+02 9.6209997559e+02 9.6220001221e+02 9.6240002441e+02 9.6250000000e+02 9.6270001221e+02 9.6279998779e+02 9.6300000000e+02 9.6309997559e+02 9.6329998779e+02 9.6350000000e+02 9.6359997559e+02 9.6370001221e+02 9.6379998779e+02 9.6390002441e+02 9.6409997559e+02 9.6420001221e+02 9.6440002441e+02 9.6450000000e+02 9.6470001221e+02 9.6490002441e+02 9.6509997559e+02 9.6529998779e+02 9.6540002441e+02 9.6550000000e+02 9.6550000000e+02 9.6559997559e+02 9.6559997559e+02 9.6570001221e+02 9.6600000000e+02 9.6629998779e+02 9.6659997559e+02 9.6690002441e+02 9.6690002441e+02 9.6690002441e+02 9.6690002441e+02 9.6679998779e+02 9.6670001221e+02
9.6029998779e+02 9.6050000000e+02 9.6079998779e+02 9.6100000000e+02 9.6120001221e+02 9.6129998779e+02 9.6150000000e+02 9.6170001221e+02 9.6190002441e+02 9.6209997559e+02 9.6220001221e+02 9.6240002441e+02 9.6250000000e+02 9.6270001221e+02 9.6279998779e+02 9.6300000000e+02 9.6320001221e+02 9.6329998779e+02 9.6350000000e+02 9.6359997559e+02 9.6359997559e+02 9.6379998779e+02 9.6390002441e+02 9.6400000000e+02 9.6420001221e+02 9.6440002441e+02 9.6459997559e+02 9.6479998779e+02 9.6500000000e+02 9.6509997559e+02 9.6529998779e+02 9.6529998779e+02 9.6540002441e+02 9.6550000000e+02 9.6550000000e+02 9.6559997559e+02 9.6579998779e+02 9.6600000000e+02 9.6629998779e+02 9.6659997559e+02 9.6679998779e+02 9.6690002441e+02 9.6690002441e+02 9.6690002441e+02 9.6679998779e+02 9.6670001221e+02
9.6040002441e+02 9.6059997559e+02 9.6079998779e+02 9.6100000000e+02 9.6120001221e+02 9.6140002441e+02 9.6150000000e+02 9.6170001221e+02 9.6190002441e+02 9.6209997559e+02 9.6220001221e+02 9.6240002441e+02 9.6259997559e+02 9.6270001221e+02 9.6290002441e+02 9.6300000000e+02 9.6309997559e+02 9.6329998779e+02 9.6340002441e+02 9.6350000000e+02 9.6359997559e+02 9.6370001221e+02 9.6379998779e+02 9.6400000000e+02 9.6420001221e+02 9.6440002441e+02 9.6459997559e+02 9.6479998779e+02 9.6500000000e+02 9.6509997559e+02 9.6520001221e+02 9.6529998779e+02 9.6529998779e+02 9.6540002441e+02 9.6550000000e+02 9.6559997559e+02 9.6579998779e+02 9.6600000000e+02 9.6629998779e+02 9.6650000000e+02 9.6670001221e+02 9.6679998779e+02 9.6690002441e+02 9.6690002441e+02 9.6679998779e+02 9.6670001221e+02
9.6050000000e+02 9.6079998779e+02 9.6100000000e+02 9.6109997559e+02 9.6129998779e+02 9.6140002441e+02 9.6150000000e+02 9.6170001221e+02 9.6179998779e+02 9.6200000000e+02 9.6220001221e+02 9.6240002441e+02 9.6259997559e+02 9.6279998779e+02 9.6290002441e+02 9.6300000000e+02 9.6309997559e+02 9.6329998779e+02 9.6329998779e+02 9.6350000000e+02 9.6350000000e+02 9.6370001221e+02 9.6379998779e+02 9.6400000000e+02 9.6429998779e+02 9.6450000000e+02 9.6470001221e+02 9.6479998779e+02 9.6500000000e+02 9.6509997559e+02 9.6520001221e+02 9.6529998779e+02 9.6529998779e+02 9.6529998779e+02 9.6550000000e+02 9.6570001221e+02 9.6590002441e+02 9.6609997559e+02 9.6629998779e+02 9.6650000000e+02 9.6659997559e+02 9.6670001221e+02 9.6690002441e+02 9.6690002441e+02 9.6690002441e+02 9.6679998779e+02
9.6079998779e+02 9.6100000000e+02 9.6109997559e+02 9.6120001221e+02 9.6129998779e+02 9.6150000000e+02 9.6159997559e+02 9.6170001221e+02 9.6179998779e+02 9.6200000000e+02 9.6229998779e+02 9.6240002441e+02 9.6259997559e+02 9.6270001221e+02 9.6290002441e+02 9.6300000000e+02 9.6309997559e+02 9.6320001221e+02 9.6329998779e+02 9.6340002441e+02 9.6350000000e+02 9.6359997559e+02 9.6379998779e+02 9.6409997559e+02 9.6429998779e+02 9.6450000000e+02 9.6470001221e+02 9.6479998779e+02 9.6500000000e+02 9.6509997559e+02 9.6509997559e+02 9.6509997559e+02 9.6520001221e+02 9.6529998779e+02 9.6559997559e+02 9.6579998779e+02 9.6600000000e+02 9.6620001221e+02 9.6640002441e+02 9.6650000000e+02 9.6659997559e+02 9.6679998779e+02 9.6690002441e+02 9.6690002441e+02 9.6690002441e+02 9.6690002441e+02
9.6109997559e+02 9.6129998779e+02 9.6140002441e+02 9.6140002441e+02 9.6150000000e+02 9.6159997559e+02 9.6159997559e+02 9.6179998779e+02 9.6190002441e+02 9.6209997559e+02 9.6229998779e+02 9.6240002441e+02 9.6259997559e+02 9.6270001221e+02 9.6279998779e+02 9.6300000000e+02 9.6309997559e+02 9.6320001221e+02 9.6329998779e+02 9.6340002441e+02 9.6350000000e+02 9.6370001221e+02 9.6390002441e+02 9.6409997559e+02 9.6429998779e+02 9.6450000000e+02 9.6470001221e+02 9.6479998779e+02 9.6490002441e+02 9.6500000000e+02 9.6500000000e+02 9.6509997559e+02 9.6520001221e+02 9.6540002441e+02 9.6559997559e+02 9.6579998779e+02 9.6609997559e+02 9.6629998779e+02 9.6640002441e+02 9.6659997559e+02 9.6670001221e+02 9.6679998779e+02 9.6690002441e+02 9.6690002441e+02 9.6690002441e+02 9.6700000000e+02
9.6150000000e+02 9.6170001221e+02 9.6179998779e+02 9.6170001221e+02 9.6170001221e+02 9.6170001221e+02 9.6179998779e+02 9.6190002441e+02 9.6200000000e+02 9.6209997559e+02 9.6229998779e+02 9.6240002441e+02 9.6259997559e+02 9.6270001221e+02 9.6279998779e+02 9.6290002441e+02 9.6300000000e+02 9.6320001221e+02 9.6329998779e+02 9.6350000000e+02 9.6359997559e+02 9.6379998779e+02 9.6400000000e+02 9.6420001221e+02 9.6440002441e+02 9.6459997559e+02 9.6470001221e+02 9.6479998779e+02 9.6490002441e+02 9.6490002441e+02 9.6500000000e+02 9.6500000000e+02 9.6520001221e+02 9.6550000000e+02 9.6570001221e+02 9.6600000000e+02 9.6609997559e+02 9.6629998779e+02 9.6650000000e+02 9.6659997559e+02 9.6670001221e+02 9.6679998779e+02 9.6690002441e+02 9.6700000000e+02 9.6709997559e+02 9.6709997559e+02
9.6209997559e+02 9.6220001221e+02 9.6220001221e+02 9.6209997559e+02 9.6200000000e+02 9.6200000000e+02 9.6190002441e+02 9.6190002441e+02 9.6209997559e+02 9.6209997559e+02 9.6229998779e+02 9.6240002441e+02 9.6250000000e+02 9.6259997559e+02 9.6279998779e+02 9.6279998779e+02 9.6300000000e+02 9.6320001221e+02 9.6329998779e+02 9.6350000000e+02 9.6370001221e+02 9.6390002441e+02 9.6409997559e+02 9.6429998779e+02 9.6450000000e+02 9.6459997559e+02 9.6470001221e+02 9.6470001221e+02 9.6479998779e+02 9.6479998779e+02 9.6490002441e+02 9.6500000000e+02 9.6529998779e+02 9.6559997559e+02 9.6590002441e+02 9.6609997559e+02 9.6629998779e+02 9.6640002441e+02 9.6659997559e+02 9.6659997559e+02 9.6670001221e+02 9.6679998779e+02 9.6700000000e+02 9.6709997559e+02 9.6709997559e+02 9.6709997559e+02
9.6259997559e+02 9.6259997559e+02 9.6259997559e+02 9.6250000000e+02 9.6229998779e+02 9.6220001221e+02 9.6200000000e+02 9.6200000000e+02 9.6209997559e+02 9.6209997559e+02 9.6229998779e+02 9.6229998779e+02 9.6250000000e+02 9.6259997559e+02 9.6270001221e+02 9.6279998779e+02 9.6300000000e+02 9.6320001221e+02 9.6329998779e+02 9.6350000000e+02 9.6370001221e+02 9.6390002441e+02 9.6409997559e+02 9.6429998779e+02 9.6450000000e+02 9.6459997559e+02 9.6459997559e+02 9.6459997559e+02 9.6470001221e+02 9.6470001221e+02 9.6490002441e+02 9.6520001221e+02 9.6550000000e+02 9.6579998779e+02 9.6600000000e+02 9.6620001221e+02 9.6629998779e+02 9.6650000000e+02 9.6659997559e+02 9.6670001221e+02 9.6679998779e+02 9.6679998779e+02 9.6700000000e+02 9.6709997559e+02 9.6720001221e+02 9.6720001221e+02
9.6290002441e+02 9.6279998779e+02 9.6279998779e+02 9.6259997559e+02 9.6250000000e+02 9.6229998779e+02 9.6220001221e+02 9.6209997559e+02 9.6209997559e+02 9.6209997559e+02 9.6220001221e+02 9.6229998779e+02 9.6240002441e+02 9.6250000000e+02 9.6270001221e+02 9.6279998779e+02 9.6300000000e+02 9.6309997559e+02 9.6329998779e+02 9.6350000000e+02 9.6359997559e+02 9.6390002441e+02 9.6409997559e+02 9.6429998779e+02 9.6440002441e+02 9.6450000000e+02 9.6450000000e+02 9.6450000000e+02 9.6459997559e+02 9.6470001221e+02 9.6500000000e+02 9.6529998779e+02 9.6559997559e+02 9.6579998779e+02 9.6609997559e+02 9.6620001221e+02 9.6629998779e+02 9.6650000000e+02 9.6659997559e+02 9.6679998779e+02 9.6679998779e+02 9.6690002441e+02 9.6700000000e+02 9.6709997559e+02 9.6729998779e+02 9.6740002441e+02
9.6300000000e+02 9.6290002441e+02 9.6279998779e+02 9.6279998779e+02 9.6259997559e+02 9.6250000000e+02 9.6229998779e+02 9.6220001221e+02 9.6209997559e+02 9.6209997559e+02 9.6220001221e+02 9.6229998779e+02 9.6240002441e+02 9.6250000000e+02 9.6259997559e+02 9.6279998779e+02 9.6300000000e+02 9.6309997559e+02 9.6320001221e+02 9.6340002441e+02 9.6359997559e+02 9.6390002441e+02 9.6409997559e+02 9.6429998779e+02 9.6429998779e+02 9.6440002441e+02 9.6440002441e+02 9.6440002441e+02 9.6450000000e+02 9.6479998779e+02 9.6509997559e+02 9.6550000000e+02 9.6570001221e+02 9.6590002441e+02 9.6609997559e+02 9.6629998779e+02 9.6640002441e+02 9.6659997559e+02 9.6670001221e+02 9.6679998779e+02 9.6690002441e+02 9.6700000000e+02 9.6709997559e+02 9.6720001221e+02 9.6740002441e+02 9.6750000000e+02
9.6290002441e+02 9.6279998779e+02 9.6279998779e+02 9.6270001221e+02 9.6259997559e+02 9.6250000000e+02 9.6240002441e+02 9.6220001221e+02 9.6209997559e+02 9.6209997559e+02 9.6220001221e+02 9.6229998779e+02 9.6240002441e+02 9.6250000000e+02 9.6259997559e+02 9.6270001221e+02 9.6290002441e+02 9.6300000000e+02 9.6320001221e+02 9.6329998779e+02 9.6359997559e+02 9.6379998779e+02 9.6400000000e+02 9.6409997559e+02 9.6420001221e+02 9.6429998779e+02 9.6429998779e+02 9.6429998779e+02 9.6450000000e+02 9.6490002441e+02 9.6520001221e+02 9.6550000000e+02 9.6570001221e+02 9.6600000000e+02 9.6620001221e+02 9.6640002441e+02 9.6650000000e+02 9.6670001221e+02 9.6679998779e+02 9.6690002441e+02 9.6709997559e+02 9.6720001221e+02 9.6720001221e+02 9.6729998779e+02 9.6750000000e+02 9.6770001221e+02
9.6279998779e+02 9.6270001221e+02 9.6259997559e+02 9.6250000000e+02 9.6240002441e+02 9.6240002441e+02 9.6229998779e+02 9.6220001221e+02 9.6209997559e+02 9.6209997559e+02 9.6209997559e+02 9.6229998779e+02 9.6240002441e+02 9.6250000000e+02 9.6250000000e+02 9.6270001221e+02 9.6279998779e+02 9.6300000000e+02 9.6320001221e+02 9.6340002441e+02 9.6359997559e+02 9.6379998779e+02 9.6400000000e+02 9.6400000000e+02 9.6409997559e+02 9.6409997559e+02 9.6420001221e+02 9.6429998779e+02 9.6459997559e+02 9.6490002441e+02 9.6520001221e+02 9.6550000000e+02 9.6570001221e+02 9.6590002441e+02 9.6620001221e+02 9.6640002441e+02 9.6650000000e+02 9.6670001221e+02 9.6679998779e+02 9.6700000000e+02 9.6729998779e+02 9.6740002441e+02 9.6740002441e+02 9.6750000000e+02 9.6759997559e+02 9.6790002441e+02
9.6259997559e+02 9.6250000000e+02 9.6240002441e+02 9.6229998779e+02 9.6220001221e+02 9.6209997559e+02 9.6209997559e+02 9.6209997559e+02 9.6200000000e+02 9.6200000000e+02 9.6209997559e+02 9.6220001221e+02 9.6229998779e+02 9.6240002441e+02 9.6250000000e+02 9.6270001221e+02 9.6279998779e+02 9.6300000000e+02 9.6320001221e+02 9.6340002441e+02 9.6359997559e+02 9.6379998779e+02 9.6379998779e+02 9.6390002441e+02 9.6400000000e+02 9.6400000000e+02 9.6400000000e+02 9.6429998779e+02 9.6470001221e+02 9.6500000000e+02 9.6529998779e+02 9.6550000000e+02 9.6570001221e+02 9.6590002441e+02 9.6609997559e+02 9.6629998779e+02 9.6650000000e+02 9.6679998779e+02 9.6690002441e+02 9.6709997559e+02 9.6729998779e+02 9.6750000000e+02 9.6759997559e+02 9.6759997559e+02 9.6779998779e+02 9.6800000000e+02
9.6250000000e+02 9.6240002441e+02 9.6220001221e+02 9.6209997559e+02 9.6200000000e+02 9.6200000000e+02 9.6200000000e+02 9.6200000000e+02 9.6200000000e+02 9.6200000000e+02 9.6200000000e+02 9.6220001221e+02 9.6229998779e+02 9.6240002441e+02 9.6250000000e+02 9.6259997559e+02 9.6279998779e+02 9.6300000000e+02 9.6320001221e+02 9.6329998779e+02 9.6350000000e+02 9.6359997559e+02 9.6370001221e+02 9.6379998779e+02 9.6379998779e+02 9.6379998779e+02 9.6400000000e+02 9.6440002441e+02 9.6470001221e+02 9.6500000000e+02 9.6529998779e+02 9.6550000000e+02 9.6559997559e+02 9.6579998779e+02 9.6600000000e+02 9.6629998779e+02 9.6659997559e+02 9.6690002441e+02 9.6700000000e+02 9.6720001221e+02 9.6750000000e+02 9.6770001221e+02 9.6779998779e+02 9.6779998779e+02 9.6790002441e+02 9.6809997559e+02
9.6240002441e+02 9.6229998779e+02 9.6220001221e+02 9.6200000000e+02 9.6190002441e+02 9.6179998779e+02 9.6200000000e+02 9.6200000000e+02 9.6200000000e+02 9.6200000000e+02 9.6200000000e+02 9.6209997559e+02 9.6229998779e+02 9.6250000000e+02 9.6259997559e+02 9.6259997559e+02 9.6270001221e+02 9.6300000000e+02 9.6309997559e+02 9.6329998779e+02 9.6350000000e+02 9.6350000000e+02 9.6359997559e+02 9.6359997559e+02 9.6359997559e+02 9.6370001221e+02 9.6409997559e+02 9.6450000000e+02 9.6479998779e+02 9.6500000000e+02 9.6520001221e+02 9.6550000000e+02 9.6559997559e+02 9.6579998779e+02 9.6600000000e+02 9.6640002441e+02 9.6670001221e+02 9.6700000000e+02 9.6720001221e+02 9.6740002441e+02 9.6770001221e+02 9.6790002441e+02 9.6809997559e+02 9.6800000000e+02 9.6809997559e+02 9.6820001221e+02
9.6229998779e+02 9.6220001221e+02 9.6220001221e+02 9.6200000000e+02 9.6179998779e+02 9.6179998779e+02 9.6179998779e+02 9.6190002441e+02 9.6190002441e+02 9.6190002441e+02 9.6200000000e+02 9.6200000000e+02 9.6220001221e+02 9.6240002441e+02 9.6250000000e+02 9.6250000000e+02 9.6270001221e+02 9.6300000000e+02 9.6309997559e+02 9.6320001221e+02 9.6329998779e+02 9.6340002441e+02 9.6340002441e+02 9.6340002441e+02 9.6350000000e+02 9.6370001221e+02 9.6409997559e+02 9.6450000000e+02 9.6479998779e+02 9.6500000000e+02 9.6509997559e+02 9.6540002441e+02 9.6550000000e+02 9.6579998779e+02 9.6609997559e+02 9.6640002441e+02 9.6679998779e+02 9.6720001221e+02 9.6740002441e+02 9.6770001221e+02 9.6800000000e+02 9.6829998779e+02 9.6840002441e+02 9.6829998779e+02 9.6829998779e+02 9.6840002441e+02
9.6220001221e+02 9.6209997559e+02 9.6209997559e+02 9.6190002441e+02 9.6179998779e+02 9.6170001221e+02 9.6170001221e+02 9.6179998779e+02 9.6179998779e+02 9.6179998779e+02 9.6190002441e+02 9.6190002441e+02 9.6200000000e+02 9.6220001221e+02 9.6220001221e+02 9.6240002441e+02 9.6270001221e+02 9.6290002441e+02 9.6300000000e+02 9.6309997559e+02 9.6309997559e+02 9.6320001221e+02 9.6320001221e+02 9.6329998779e+02 9.6340002441e+02 9.6370001221e+02 9.6420001221e+02 9.6450000000e+02 9.6479998779e+02 9.6500000000e+02 9.6509997559e+02 9.6520001221e+02 9.6550000000e+02 9.6579998779e+02 9.6620001221e+02 9.6659997559e+02 9.6700000000e+02 9.6740002441e+02 9.6779998779e+02 9.6809997559e+02 9.6840002441e+02 9.6870001221e+02 9.6879998779e+02 9.6870001221e+02 9.6859997559e+02 9.6879998779e+02
