DGM_1M_UPPER_AUSTRIA/5/11.asc
NCOLS 100
NROWS 100
XLLCORNER 6.0650500000e+04
YLLCORNER 2.9418850000e+05
CELLSIZE 1.0000000000e+00
NODATA_VALUE -9.9990000000e+03
[rows 60 to 79 of 100, columns 0 to 45 of 100]
8.6529998779e+02 8.6540002441e+02 8.6550000000e+02 8.6559997559e+02 8.6570001221e+02 8.6579998779e+02 8.6600000000e+02 8.6609997559e+02 8.6620001221e+02 8.6640002441e+02 8.6650000000e+02 8.6670001221e+02 8.6679998779e+02 8.6690002441e+02 8.6709997559e+02 8.6729998779e+02 8.6750000000e+02 8.6770001221e+02 8.6779998779e+02 8.6790002441e+02 8.6790002441e+02 8.6790002441e+02 8.6800000000e+02 8.6809997559e+02 8.6840002441e+02 8.6870001221e+02 8.6900000000e+02 8.6920001221e+02 8.6929998779e+02 8.6929998779e+02 8.6940002441e+02 8.6950000000e+02 8.6959997559e+02 8.6959997559e+02 8.6970001221e+02 8.6970001221e+02 8.6979998779e+02 8.7000000000e+02 8.7009997559e+02 8.7029998779e+02 8.7040002441e+02 8.7059997559e+02 8.7079998779e+02 8.7100000000e+02 8.7109997559e+02 8.7120001221e+02
8.6529998779e+02 8.6540002441e+02 8.6550000000e+02 8.6559997559e+02 8.6570001221e+02 8.6579998779e+02 8.6590002441e+02 8.6600000000e+02 8.6620001221e+02 8.6629998779e+02 8.6650000000e+02 8.6670001221e+02 8.6679998779e+02 8.6690002441e+02 8.6720001221e+02 8.6740002441e+02 8.6750000000e+02 8.6759997559e+02 8.6779998779e+02 8.6779998779e+02 8.6779998779e+02 8.6779998779e+02 8.6790002441e+02 8.6809997559e+02 8.6829998779e+02 8.6859997559e+02 8.6890002441e+02 8.6909997559e+02 8.6920001221e+02 8.6920001221e+02 8.6940002441e+02 8.6950000000e+02 8.6950000000e+02 8.6950000000e+02 8.6959997559e+02 8.6970001221e+02 8.6990002441e+02 8.7000000000e+02 8.7020001221e+02 8.7029998779e+02 8.7040002441e+02 8.7050000000e+02 8.7070001221e+02 8.7079998779e+02 8.7100000000e+02 8.7109997559e+02
8.6520001221e+02 8.6529998779e+02 8.6550000000e+02 8.6559997559e+02 8.6559997559e+02 8.6570001221e+02 8.6579998779e+02 8.6590002441e+02 8.6609997559e+02 8.6629998779e+02 8.6650000000e+02 8.6659997559e+02 8.6679998779e+02 8.6690002441e+02 8.6720001221e+02 8.6750000000e+02 8.6750000000e+02 8.6750000000e+02 8.6759997559e+02 8.6770001221e+02 8.6770001221e+02 8.6779998779e+02 8.6790002441e+02 8.6820001221e+02 8.6829998779e+02 8.6850000000e+02 8.6879998779e+02 8.6900000000e+02 8.6909997559e+02 8.6920001221e+02 8.6929998779e+02 8.6940002441e+02 8.6940002441e+02 8.6940002441e+02 8.6950000000e+02 8.6970001221e+02 8.6990002441e+02 8.7009997559e+02 8.7020001221e+02 8.7020001221e+02 8.7029998779e+02 8.7050000000e+02 8.7059997559e+02 8.7070001221e+02 8.7090002441e+02 8.7109997559e+02
8.6509997559e+02 8.6520001221e+02 8.6540002441e+02 8.6550000000e+02 8.6559997559e+02 8.6559997559e+02 8.6579998779e+02 8.6590002441e+02 8.6609997559e+02 8.6629998779e+02 8.6650000000e+02 8.6659997559e+02 8.6670001221e+02 8.6679998779e+02 8.6720001221e+02 8.6740002441e+02 8.6740002441e+02 8.6740002441e+02 8.6740002441e+02 8.6750000000e+02 8.6770001221e+02 8.6779998779e+02 8.6800000000e+02 8.6820001221e+02 8.6829998779e+02 8.6850000000e+02 8.6870001221e+02 8.6890002441e+02 8.6909997559e+02 8.6920001221e+02 8.6929998779e+02 8.6940002441e+02 8.6929998779e+02 8.6940002441e+02 8.6950000000e+02 8.6959997559e+02 8.6979998779e+02 8.7000000000e+02 8.7020001221e+02 8.7020001221e+02 8.7029998779e+02 8.7050000000e+02 8.7050000000e+02 8.7059997559e+02 8.7079998779e+02 8.7100000000e+02
8.6490002441e+02 8.6500000000e+02 8.6520001221e+02 8.6540002441e+02 8.6550000000e+02 8.6559997559e+02 8.6570001221e+02 8.6579998779e+02 8.6600000000e+02 8.6620001221e+02 8.6640002441e+02 8.6650000000e+02 8.6659997559e+02 8.6670001221e+02 8.6700000000e+02 8.6720001221e+02 8.6729998779e+02 8.6729998779e+02 8.6740002441e+02 8.6750000000e+02 8.6770001221e+02 8.6779998779e+02 8.6800000000e+02 8.6809997559e+02 8.6820001221e+02 8.6829998779e+02 8.6859997559e+02 8.6879998779e+02 8.6890002441e+02 8.6900000000e+02 8.6920001221e+02 8.6929998779e+02 8.6929998779e+02 8.6940002441e+02 8.6950000000e+02 8.6959997559e+02 8.6970001221e+02 8.6990002441e+02 8.7009997559e+02 8.7009997559e+02 8.7020001221e+02 8.7040002441e+02 8.7040002441e+02 8.7050000000e+02 8.7070001221e+02 8.7090002441e+02
8.6470001221e+02 8.6490002441e+02 8.6509997559e+02 8.6529998779e+02 8.6540002441e+02 8.6550000000e+02 8.6559997559e+02 8.6570001221e+02 8.6590002441e+02 8.6600000000e+02 8.6620001221e+02 8.6640002441e+02 8.6650000000e+02 8.6659997559e+02 8.6679998779e+02 8.6700000000e+02 8.6709997559e+02 8.6720001221e+02 8.6729998779e+02 8.6750000000e+02 8.6759997559e+02 8.6779998779e+02 8.6790002441e+02 8.6800000000e+02 8.6800000000e+02 8.6820001221e+02 8.6840002441e+02 8.6870001221e+02 8.6879998779e+02 8.6890002441e+02 8.6909997559e+02 8.6920001221e+02 8.6929998779e+02 8.6940002441e+02 8.6959997559e+02 8.6959997559e+02 8.6959997559e+02 8.6979998779e+02 8.6990002441e+02 8.7000000000e+02 8.7009997559e+02 8.7020001221e+02 8.7040002441e+02 8.7050000000e+02 8.7059997559e+02 8.7079998779e+02
8.6470001221e+02 8.6479998779e+02 8.6500000000e+02 8.6520001221e+02 8.6540002441e+02 8.6550000000e+02 8.6559997559e+02 8.6570001221e+02 8.6579998779e+02 8.6590002441e+02 8.6609997559e+02 8.6629998779e+02 8.6640002441e+02 8.6650000000e+02 8.6670001221e+02 8.6690002441e+02 8.6700000000e+02 8.6709997559e+02 8.6729998779e+02 8.6740002441e+02 8.6759997559e+02 8.6770001221e+02 8.6790002441e+02 8.6800000000e+02 8.6800000000e+02 8.6809997559e+02 8.6840002441e+02 8.6850000000e+02 8.6870001221e+02 8.6879998779e+02 8.6900000000e+02 8.6909997559e+02 8.6929998779e+02 8.6940002441e+02 8.6959997559e+02 8.6970001221e+02 8.6970001221e+02 8.6970001221e+02 8.6979998779e+02 8.6990002441e+02 8.7000000000e+02 8.7009997559e+02 8.7029998779e+02 8.7050000000e+02 8.7059997559e+02 8.7070001221e+02
8.6459997559e+02 8.6470001221e+02 8.6490002441e+02 8.6509997559e+02 8.6529998779e+02 8.6550000000e+02 8.6550000000e+02 8.6570001221e+02 8.6579998779e+02 8.6590002441e+02 8.6600000000e+02 8.6620001221e+02 8.6640002441e+02 8.6650000000e+02 8.6659997559e+02 8.6679998779e+02 8.6700000000e+02 8.6709997559e+02 8.6720001221e+02 8.6720001221e+02 8.6740002441e+02 8.6759997559e+02 8.6779998779e+02 8.6790002441e+02 8.6809997559e+02 8.6820001221e+02 8.6829998779e+02 8.6840002441e+02 8.6850000000e+02 8.6870001221e+02 8.6890002441e+02 8.6900000000e+02 8.6920001221e+02 8.6940002441e+02 8.6950000000e+02 8.6959997559e+02 8.6959997559e+02 8.6959997559e+02 8.6970001221e+02 8.6990002441e+02 8.7000000000e+02 8.7009997559e+02 8.7029998779e+02 8.7050000000e+02 8.7059997559e+02 8.7070001221e+02
8.6450000000e+02 8.6459997559e+02 8.6479998779e+02 8.6500000000e+02 8.6520001221e+02 8.6540002441e+02 8.6550000000e+02 8.6559997559e+02 8.6579998779e+02 8.6579998779e+02 8.6590002441e+02 8.6609997559e+02 8.6629998779e+02 8.6640002441e+02 8.6670001221e+02 8.6679998779e+02 8.6690002441e+02 8.6709997559e+02 8.6709997559e+02 8.6709997559e+02 8.6729998779e+02 8.6759997559e+02 8.6779998779e+02 8.6790002441e+02 8.6809997559e+02 8.6809997559e+02 8.6820001221e+02 8.6829998779e+02 8.6840002441e+02 8.6859997559e+02 8.6879998779e+02 8.6890002441e+02 8.6909997559e+02 8.6929998779e+02 8.6940002441e+02 8.6950000000e+02 8.6950000000e+02 8.6959997559e+02 8.6959997559e+02 8.6979998779e+02 8.6990002441e+02 8.7000000000e+02 8.7020001221e+02 8.7040002441e+02 8.7059997559e+02 8.7070001221e+02
8.6429998779e+02 8.6450000000e+02 8.6470001221e+02 8.6490002441e+02 8.6509997559e+02 8.6529998779e+02 8.6540002441e+02 8.6550000000e+02 8.6570001221e+02 8.6579998779e+02 8.6590002441e+02 8.6600000000e+02 8.6620001221e+02 8.6640002441e+02 8.6670001221e+02 8.6679998779e+02 8.6690002441e+02 8.6700000000e+02 8.6700000000e+02 8.6709997559e+02 8.6720001221e+02 8.6750000000e+02 8.6779998779e+02 8.6790002441e+02 8.6800000000e+02 8.6800000000e+02 8.6809997559e+02 8.6820001221e+02 8.6840002441e+02 8.6850000000e+02 8.6870001221e+02 8.6879998779e+02 8.6900000000e+02 8.6920001221e+02 8.6929998779e+02 8.6929998779e+02 8.6940002441e+02 8.6950000000e+02 8.6959997559e+02 8.6970001221e+02 8.6979998779e+02 8.7000000000e+02 8.7020001221e+02 8.7040002441e+02 8.7050000000e+02 8.7059997559e+02
8.6429998779e+02 8.6440002441e+02 8.6459997559e+02 8.6479998779e+02 8.6500000000e+02 8.6520001221e+02 8.6529998779e+02 8.6540002441e+02 8.6559997559e+02 8.6570001221e+02 8.6579998779e+02 8.6590002441e+02 8.6609997559e+02 8.6640002441e+02 8.6659997559e+02 8.6670001221e+02 8.6679998779e+02 8.6690002441e+02 8.6700000000e+02 8.6709997559e+02 8.6720001221e+02 8.6750000000e+02 8.6759997559e+02 8.6770001221e+02 8.6779998779e+02 8.6790002441e+02 8.6800000000e+02 8.6820001221e+02 8.6829998779e+02 8.6850000000e+02 8.6859997559e+02 8.6870001221e+02 8.6890002441e+02 8.6909997559e+02 8.6920001221e+02 8.6920001221e+02 8.6929998779e+02 8.6940002441e+02 8.6950000000e+02 8.6959997559e+02 8.6990002441e+02 8.7009997559e+02 8.7020001221e+02 8.7029998779e+02 8.7040002441e+02 8.7050000000e+02
8.6420001221e+02 8.6440002441e+02 8.6450000000e+02 8.6470001221e+02 8.6479998779e+02 8.6500000000e+02 8.6520001221e+02 8.6529998779e+02 8.6550000000e+02 8.6559997559e+02 8.6579998779e+02 8.6590002441e+02 8.6609997559e+02 8.6629998779e+02 8.6650000000e+02 8.6670001221e+02 8.6670001221e+02 8.6679998779e+02 8.6690002441e+02 8.6700000000e+02 8.6720001221e+02 8.6740002441e+02 8.6750000000e+02 8.6770001221e+02 8.6770001221e+02 8.6779998779e+02 8.6790002441e+02 8.6809997559e+02 8.6829998779e+02 8.6840002441e+02 8.6850000000e+02 8.6859997559e+02 8.6879998779e+02 8.6900000000e+02 8.6909997559e+02 8.6920001221e+02 8.6920001221e+02 8.6929998779e+02 8.6940002441e+02 8.6959997559e+02 8.6990002441e+02 8.7009997559e+02 8.7009997559e+02 8.7020001221e+02 8.7020001221e+02 8.7040002441e+02
8.6420001221e+02 8.6440002441e+02 8.6450000000e+02 8.6470001221e+02 8.6479998779e+02 8.6500000000e+02 8.6509997559e+02 8.6520001221e+02 8.6540002441e+02 8.6550000000e+02 8.6570001221e+02 8.6590002441e+02 8.6600000000e+02 8.6609997559e+02 8.6640002441e+02 8.6659997559e+02 8.6670001221e+02 8.6670001221e+02 8.6679998779e+02 8.6690002441e+02 8.6709997559e+02 8.6729998779e+02 8.6750000000e+02 8.6759997559e+02 8.6770001221e+02 8.6770001221e+02 8.6790002441e+02 8.6809997559e+02 8.6829998779e+02 8.6840002441e+02 8.6840002441e+02 8.6850000000e+02 8.6870001221e+02 8.6890002441e+02 8.6909997559e+02 8.6920001221e+02 8.6920001221e+02 8.6920001221e+02 8.6940002441e+02 8.6959997559e+02 8.6990002441e+02 8.7000000000e+02 8.7000000000e+02 8.7000000000e+02 8.7009997559e+02 8.7029998779e+02
8.6409997559e+02 8.6429998779e+02 8.6440002441e+02 8.6459997559e+02 8.6479998779e+02 8.6500000000e+02 8.6509997559e+02 8.6520001221e+02 8.6529998779e+02 8.6540002441e+02 8.6559997559e+02 8.6579998779e+02 8.6579998779e+02 8.6600000000e+02 8.6629998779e+02 8.6650000000e+02 8.6659997559e+02 8.6659997559e+02 8.6670001221e+02 8.6690002441e+02 8.6700000000e+02 8.6720001221e+02 8.6740002441e+02 8.6750000000e+02 8.6770001221e+02 8.6779998779e+02 8.6790002441e+02 8.6800000000e+02 8.6809997559e+02 8.6829998779e+02 8.6840002441e+02 8.6850000000e+02 8.6870001221e+02 8.6900000000e+02 8.6920001221e+02 8.6920001221e+02 8.6920001221e+02 8.6920001221e+02 8.6929998779e+02 8.6959997559e+02 8.6979998779e+02 8.6990002441e+02 8.6990002441e+02 8.6990002441e+02 8.7000000000e+02 8.7020001221e+02
8.6400000000e+02 8.6420001221e+02 8.6429998779e+02 8.6450000000e+02 8.6479998779e+02 8.6490002441e+02 8.6500000000e+02 8.6500000000e+02 8.6520001221e+02 8.6529998779e+02 8.6550000000e+02 8.6559997559e+02 8.6570001221e+02 8.6579998779e+02 8.6609997559e+02 8.6640002441e+02 8.6650000000e+02 8.6650000000e+02 8.6659997559e+02 8.6679998779e+02 8.6690002441e+02 8.6700000000e+02 8.6720001221e+02 8.6740002441e+02 8.6759997559e+02 8.6779998779e+02 8.6790002441e+02 8.6800000000e+02 8.6800000000e+02 8.6809997559e+02 8.6820001221e+02 8.6829998779e+02 8.6870001221e+02 8.6900000000e+02 8.6909997559e+02 8.6920001221e+02 8.6920001221e+02 8.6909997559e+02 8.6929998779e+02 8.6940002441e+02 8.6959997559e+02 8.6970001221e+02 8.6979998779e+02 8.6990002441e+02 8.7000000000e+02 8.7020001221e+02
8.6390002441e+02 8.6400000000e+02 8.6420001221e+02 8.6440002441e+02 8.6459997559e+02 8.6479998779e+02 8.6479998779e+02 8.6490002441e+02 8.6509997559e+02 8.6520001221e+02 8.6540002441e+02 8.6550000000e+02 8.6550000000e+02 8.6570001221e+02 8.6600000000e+02 8.6629998779e+02 8.6640002441e+02 8.6640002441e+02 8.6650000000e+02 8.6659997559e+02 8.6679998779e+02 8.6690002441e+02 8.6709997559e+02 8.6729998779e+02 8.6750000000e+02 8.6759997559e+02 8.6779998779e+02 8.6790002441e+02 8.6790002441e+02 8.6790002441e+02 8.6800000000e+02 8.6820001221e+02 8.6859997559e+02 8.6879998779e+02 8.6900000000e+02 8.6909997559e+02 8.6909997559e+02 8.6909997559e+02 8.6920001221e+02 8.6929998779e+02 8.6940002441e+02 8.6959997559e+02 8.6970001221e+02 8.6979998779e+02 8.6990002441e+02 8.7009997559e+02
8.6379998779e+02 8.6390002441e+02 8.6409997559e+02 8.6420001221e+02 8.6440002441e+02 8.6450000000e+02 8.6470001221e+02 8.6479998779e+02 8.6490002441e+02 8.6509997559e+02 8.6529998779e+02 8.6540002441e+02 8.6550000000e+02 8.6570001221e+02 8.6600000000e+02 8.6620001221e+02 8.6629998779e+02 8.6629998779e+02 8.6640002441e+02 8.6650000000e+02 8.6659997559e+02 8.6679998779e+02 8.6700000000e+02 8.6720001221e+02 8.6729998779e+02 8.6750000000e+02 8.6770001221e+02 8.6770001221e+02 8.6770001221e+02 8.6779998779e+02 8.6790002441e+02 8.6809997559e+02 8.6840002441e+02 8.6859997559e+02 8.6890002441e+02 8.6900000000e+02 8.6900000000e+02 8.6909997559e+02 8.6909997559e+02 8.6920001221e+02 8.6929998779e+02 8.6940002441e+02 8.6950000000e+02 8.6970001221e+02 8.6990002441e+02 8.7009997559e+02
8.6359997559e+02 8.6370001221e+02 8.6390002441e+02 8.6409997559e+02 8.6429998779e+02 8.6440002441e+02 8.6450000000e+02 8.6459997559e+02 8.6479998779e+02 8.6500000000e+02 8.6520001221e+02 8.6529998779e+02 8.6540002441e+02 8.6559997559e+02 8.6590002441e+02 8.6600000000e+02 8.6609997559e+02 8.6620001221e+02 8.6629998779e+02 8.6640002441e+02 8.6650000000e+02 8.6670001221e+02 8.6690002441e+02 8.6709997559e+02 8.6720001221e+02 8.6729998779e+02 8.6750000000e+02 8.6750000000e+02 8.6759997559e+02 8.6770001221e+02 8.6779998779e+02 8.6800000000e+02 8.6820001221e+02 8.6850000000e+02 8.6870001221e+02 8.6879998779e+02 8.6879998779e+02 8.6900000000e+02 8.6909997559e+02 8.6909997559e+02 8.6920001221e+02 8.6920001221e+02 8.6940002441e+02 8.6959997559e+02 8.6979998779e+02 8.7000000000e+02
8.6350000000e+02 8.6359997559e+02 8.6370001221e+02 8.6390002441e+02 8.6420001221e+02 8.6429998779e+02 8.6440002441e+02 8.6450000000e+02 8.6470001221e+02 8.6490002441e+02 8.6500000000e+02 8.6520001221e+02 8.6529998779e+02 8.6550000000e+02 8.6570001221e+02 8.6590002441e+02 8.6600000000e+02 8.6609997559e+02 8.6620001221e+02 8.6640002441e+02 8.6640002441e+02 8.6659997559e+02 8.6679998779e+02 8.6700000000e+02 8.6709997559e+02 8.6720001221e+02 8.6729998779e+02 8.6740002441e+02 8.6750000000e+02 8.6759997559e+02 8.6770001221e+02 8.6790002441e+02 8.6809997559e+02 8.6829998779e+02 8.6850000000e+02 8.6859997559e+02 8.6870001221e+02 8.6890002441e+02 8.6900000000e+02 8.6900000000e+02 8.6900000000e+02 8.6909997559e+02 8.6929998779e+02 8.6950000000e+02 8.6959997559e+02 8.6979998779e+02
8.6350000000e+02 8.6359997559e+02 8.6359997559e+02 8.6379998779e+02 8.6400000000e+02 8.6420001221e+02 8.6429998779e+02 8.6440002441e+02 8.6459997559e+02 8.6479998779e+02 8.6500000000e+02 8.6509997559e+02 8.6520001221e+02 8.6540002441e+02 8.6559997559e+02 8.6579998779e+02 8.6579998779e+02 8.6590002441e+02 8.6609997559e+02 8.6629998779e+02 8.6640002441e+02 8.6650000000e+02 8.6670001221e+02 8.6679998779e+02 8.6690002441e+02 8.6700000000e+02 8.6709997559e+02 8.6729998779e+02 8.6750000000e+02 8.6759997559e+02 8.6770001221e+02 8.6779998779e+02 8.6790002441e+02 8.6800000000e+02 8.6820001221e+02 8.6840002441e+02 8.6859997559e+02 8.6879998779e+02 8.6890002441e+02 8.6890002441e+02 8.6890002441e+02 8.6900000000e+02 8.6920001221e+02 8.6929998779e+02 8.6950000000e+02 8.6959997559e+02
