DGM_1M_UPPER_AUSTRIA/5/11.asc
NCOLS 100
NROWS 100
XLLCORNER 6.0650500000e+04
YLLCORNER 2.9418850000e+05
CELLSIZE 1.0000000000e+00
NODATA_VALUE -9.9990000000e+03
[rows 20 to 39 of 100, columns 46 to 91 of 100]
8.7429998779e+02 8.7440002441e+02 8.7459997559e+02 8.7470001221e+02 8.7490002441e+02 8.7490002441e+02 8.7479998779e+02 8.7490002441e+02 8.7500000000e+02 8.7509997559e+02 8.7529998779e+02 8.7529998779e+02 8.7540002441e+02 8.7550000000e+02 8.7550000000e+02 8.7559997559e+02 8.7570001221e+02 8.7590002441e+02 8.7600000000e+02 8.7600000000e+02 8.7609997559e+02 8.7620001221e+02 8.7629998779e+02 8.7620001221e+02 8.7609997559e+02 8.7620001221e+02 8.7629998779e+02 8.7629998779e+02 8.7640002441e+02 8.7650000000e+02 8.7659997559e+02 8.7670001221e+02 8.7670001221e+02 8.7659997559e+02 8.7659997559e+02 8.7659997559e+02 8.7670001221e+02 8.7670001221e+02 8.7670001221e+02 8.7670001221e+02 8.7679998779e+02 8.7690002441e+02 8.7679998779e+02 8.7670001221e+02 8.7670001221e+02 8.7670001221e+02
8.7429998779e+02 8.7440002441e+02 8.7450000000e+02 8.7470001221e+02 8.7479998779e+02 8.7479998779e+02 8.7479998779e+02 8.7490002441e+02 8.7500000000e+02 8.7500000000e+02 8.7509997559e+02 8.7520001221e+02 8.7529998779e+02 8.7540002441e+02 8.7550000000e+02 8.7550000000e+02 8.7559997559e+02 8.7579998779e+02 8.7590002441e+02 8.7600000000e+02 8.7620001221e+02 8.7629998779e+02 8.7620001221e+02 8.7620001221e+02 8.7609997559e+02 8.7620001221e+02 8.7629998779e+02 8.7640002441e+02 8.7650000000e+02 8.7659997559e+02 8.7670001221e+02 8.7670001221e+02 8.7670001221e+02 8.7670001221e+02 8.7659997559e+02 8.7670001221e+02 8.7679998779e+02 8.7679998779e+02 8.7679998779e+02 8.7679998779e+02 8.7700000000e+02 8.7700000000e+02 8.7690002441e+02 8.7690002441e+02 8.7690002441e+02 8.7690002441e+02
8.7420001221e+02 8.7429998779e+02 8.7440002441e+02 8.7450000000e+02 8.7459997559e+02 8.7470001221e+02 8.7479998779e+02 8.7490002441e+02 8.7500000000e+02 8.7500000000e+02 8.7509997559e+02 8.7520001221e+02 8.7529998779e+02 8.7540002441e+02 8.7550000000e+02 8.7550000000e+02 8.7559997559e+02 8.7579998779e+02 8.7590002441e+02 8.7609997559e+02 8.7620001221e+02 8.7620001221e+02 8.7609997559e+02 8.7609997559e+02 8.7620001221e+02 8.7620001221e+02 8.7629998779e+02 8.7640002441e+02 8.7650000000e+02 8.7659997559e+02 8.7670001221e+02 8.7670001221e+02 8.7679998779e+02 8.7670001221e+02 8.7670001221e+02 8.7679998779e+02 8.7690002441e+02 8.7690002441e+02 8.7690002441e+02 8.7690002441e+02 8.7700000000e+02 8.7700000000e+02 8.7709997559e+02 8.7709997559e+02 8.7709997559e+02 8.7709997559e+02
8.7409997559e+02 8.7420001221e+02 8.7429998779e+02 8.7440002441e+02 8.7450000000e+02 8.7470001221e+02 8.7479998779e+02 8.7490002441e+02 8.7500000000e+02 8.7509997559e+02 8.7509997559e+02 8.7520001221e+02 8.7529998779e+02 8.7540002441e+02 8.7550000000e+02 8.7550000000e+02 8.7559997559e+02 8.7579998779e+02 8.7590002441e+02 8.7600000000e+02 8.7609997559e+02 8.7609997559e+02 8.7609997559e+02 8.7620001221e+02 8.7620001221e+02 8.7629998779e+02 8.7629998779e+02 8.7650000000e+02 8.7659997559e+02 8.7670001221e+02 8.7670001221e+02 8.7679998779e+02 8.7679998779e+02 8.7679998779e+02 8.7679998779e+02 8.7700000000e+02 8.7709997559e+02 8.7709997559e+02 8.7700000000e+02 8.7700000000e+02 8.7700000000e+02 8.7709997559e+02 8.7709997559e+02 8.7720001221e+02 8.7729998779e+02 8.7729998779e+02
8.7400000000e+02 8.7409997559e+02 8.7420001221e+02 8.7429998779e+02 8.7450000000e+02 8.7459997559e+02 8.7470001221e+02 8.7479998779e+02 8.7490002441e+02 8.7509997559e+02 8.7509997559e+02 8.7520001221e+02 8.7529998779e+02 8.7540002441e+02 8.7550000000e+02 8.7559997559e+02 8.7570001221e+02 8.7579998779e+02 8.7590002441e+02 8.7590002441e+02 8.7600000000e+02 8.7600000000e+02 8.7620001221e+02 8.7629998779e+02 8.7629998779e+02 8.7640002441e+02 8.7650000000e+02 8.7670001221e+02 8.7679998779e+02 8.7670001221e+02 8.7679998779e+02 8.7679998779e+02 8.7690002441e+02 8.7700000000e+02 8.7700000000e+02 8.7720001221e+02 8.7729998779e+02 8.7729998779e+02 8.7709997559e+02 8.7709997559e+02 8.7709997559e+02 8.7720001221e+02 8.7720001221e+02 8.7729998779e+02 8.7740002441e+02 8.7750000000e+02
8.7390002441e+02 8.7400000000e+02 8.7420001221e+02 8.7440002441e+02 8.7450000000e+02 8.7459997559e+02 8.7459997559e+02 8.7470001221e+02 8.7490002441e+02 8.7509997559e+02 8.7509997559e+02 8.7509997559e+02 8.7520001221e+02 8.7540002441e+02 8.7559997559e+02 8.7559997559e+02 8.7570001221e+02 8.7579998779e+02 8.7579998779e+02 8.7579998779e+02 8.7590002441e+02 8.7609997559e+02 8.7620001221e+02 8.7629998779e+02 8.7640002441e+02 8.7650000000e+02 8.7659997559e+02 8.7679998779e+02 8.7690002441e+02 8.7679998779e+02 8.7679998779e+02 8.7700000000e+02 8.7709997559e+02 8.7709997559e+02 8.7709997559e+02 8.7729998779e+02 8.7740002441e+02 8.7729998779e+02 8.7720001221e+02 8.7720001221e+02 8.7720001221e+02 8.7729998779e+02 8.7740002441e+02 8.7740002441e+02 8.7750000000e+02 8.7750000000e+02
8.7390002441e+02 8.7390002441e+02 8.7409997559e+02 8.7440002441e+02 8.7450000000e+02 8.7450000000e+02 8.7459997559e+02 8.7470001221e+02 8.7490002441e+02 8.7509997559e+02 8.7509997559e+02 8.7509997559e+02 8.7529998779e+02 8.7550000000e+02 8.7559997559e+02 8.7570001221e+02 8.7570001221e+02 8.7570001221e+02 8.7579998779e+02 8.7590002441e+02 8.7600000000e+02 8.7609997559e+02 8.7620001221e+02 8.7629998779e+02 8.7640002441e+02 8.7650000000e+02 8.7659997559e+02 8.7679998779e+02 8.7679998779e+02 8.7679998779e+02 8.7690002441e+02 8.7709997559e+02 8.7720001221e+02 8.7709997559e+02 8.7709997559e+02 8.7729998779e+02 8.7740002441e+02 8.7740002441e+02 8.7740002441e+02 8.7740002441e+02 8.7740002441e+02 8.7750000000e+02 8.7750000000e+02 8.7759997559e+02 8.7759997559e+02 8.7759997559e+02
8.7379998779e+02 8.7390002441e+02 8.7400000000e+02 8.7420001221e+02 8.7440002441e+02 8.7450000000e+02 8.7459997559e+02 8.7470001221e+02 8.7500000000e+02 8.7509997559e+02 8.7509997559e+02 8.7509997559e+02 8.7529998779e+02 8.7550000000e+02 8.7559997559e+02 8.7570001221e+02 8.7559997559e+02 8.7570001221e+02 8.7579998779e+02 8.7590002441e+02 8.7600000000e+02 8.7609997559e+02 8.7609997559e+02 8.7629998779e+02 8.7640002441e+02 8.7640002441e+02 8.7650000000e+02 8.7659997559e+02 8.7670001221e+02 8.7679998779e+02 8.7700000000e+02 8.7720001221e+02 8.7720001221e+02 8.7720001221e+02 8.7720001221e+02 8.7729998779e+02 8.7740002441e+02 8.7750000000e+02 8.7759997559e+02 8.7759997559e+02 8.7759997559e+02 8.7759997559e+02 8.7770001221e+02 8.7770001221e+02 8.7779998779e+02 8.7779998779e+02
8.7370001221e+02 8.7379998779e+02 8.7390002441e+02 8.7409997559e+02 8.7429998779e+02 8.7450000000e+02 8.7459997559e+02 8.7470001221e+02 8.7500000000e+02 8.7500000000e+02 8.7500000000e+02 8.7500000000e+02 8.7520001221e+02 8.7529998779e+02 8.7550000000e+02 8.7559997559e+02 8.7570001221e+02 8.7570001221e+02 8.7570001221e+02 8.7590002441e+02 8.7600000000e+02 8.7600000000e+02 8.7609997559e+02 8.7629998779e+02 8.7640002441e+02 8.7650000000e+02 8.7659997559e+02 8.7670001221e+02 8.7670001221e+02 8.7679998779e+02 8.7700000000e+02 8.7720001221e+02 8.7729998779e+02 8.7729998779e+02 8.7740002441e+02 8.7750000000e+02 8.7759997559e+02 8.7770001221e+02 8.7770001221e+02 8.7770001221e+02 8.7770001221e+02 8.7770001221e+02 8.7779998779e+02 8.7790002441e+02 8.7790002441e+02 8.7790002441e+02
8.7359997559e+02 8.7370001221e+02 8.7379998779e+02 8.7400000000e+02 8.7420001221e+02 8.7440002441e+02 8.7450000000e+02 8.7470001221e+02 8.7479998779e+02 8.7490002441e+02 8.7500000000e+02 8.7500000000e+02 8.7509997559e+02 8.7520001221e+02 8.7540002441e+02 8.7550000000e+02 8.7559997559e+02 8.7570001221e+02 8.7570001221e+02 8.7579998779e+02 8.7590002441e+02 8.7600000000e+02 8.7620001221e+02 8.7629998779e+02 8.7650000000e+02 8.7659997559e+02 8.7679998779e+02 8.7679998779e+02 8.7679998779e+02 8.7679998779e+02 8.7700000000e+02 8.7720001221e+02 8.7729998779e+02 8.7740002441e+02 8.7740002441e+02 8.7750000000e+02 8.7759997559e+02 8.7770001221e+02 8.7779998779e+02 8.7779998779e+02 8.7779998779e+02 8.7779998779e+02 8.7790002441e+02 8.7800000000e+02 8.7809997559e+02 8.7809997559e+02
8.7350000000e+02 8.7359997559e+02 8.7379998779e+02 8.7390002441e+02 8.7409997559e+02 8.7420001221e+02 8.7440002441e+02 8.7459997559e+02 8.7470001221e+02 8.7490002441e+02 8.7500000000e+02 8.7500000000e+02 8.7500000000e+02 8.7520001221e+02 8.7529998779e+02 8.7540002441e+02 8.7559997559e+02 8.7559997559e+02 8.7559997559e+02 8.7570001221e+02 8.7590002441e+02 8.7600000000e+02 8.7620001221e+02 8.7640002441e+02 8.7650000000e+02 8.7670001221e+02 8.7679998779e+02 8.7690002441e+02 8.7679998779e+02 8.7690002441e+02 8.7700000000e+02 8.7720001221e+02 8.7729998779e+02 8.7740002441e+02 8.7740002441e+02 8.7750000000e+02 8.7759997559e+02 8.7770001221e+02 8.7779998779e+02 8.7790002441e+02 8.7790002441e+02 8.7790002441e+02 8.7800000000e+02 8.7809997559e+02 8.7820001221e+02 8.7820001221e+02
8.7350000000e+02 8.7359997559e+02 8.7379998779e+02 8.7390002441e+02 8.7400000000e+02 8.7409997559e+02 8.7429998779e+02 8.7450000000e+02 8.7470001221e+02 8.7479998779e+02 8.7490002441e+02 8.7490002441e+02 8.7500000000e+02 8.7509997559e+02 8.7529998779e+02 8.7540002441e+02 8.7550000000e+02 8.7559997559e+02 8.7559997559e+02 8.7570001221e+02 8.7590002441e+02 8.7609997559e+02 8.7620001221e+02 8.7640002441e+02 8.7650000000e+02 8.7670001221e+02 8.7690002441e+02 8.7679998779e+02 8.7679998779e+02 8.7690002441e+02 8.7700000000e+02 8.7709997559e+02 8.7729998779e+02 8.7740002441e+02 8.7750000000e+02 8.7759997559e+02 8.7770001221e+02 8.7779998779e+02 8.7790002441e+02 8.7800000000e+02 8.7800000000e+02 8.7809997559e+02 8.7820001221e+02 8.7820001221e+02 8.7829998779e+02 8.7829998779e+02
8.7350000000e+02 8.7370001221e+02 8.7379998779e+02 8.7390002441e+02 8.7390002441e+02 8.7400000000e+02 8.7420001221e+02 8.7440002441e+02 8.7459997559e+02 8.7470001221e+02 8.7479998779e+02 8.7479998779e+02 8.7490002441e+02 8.7509997559e+02 8.7520001221e+02 8.7529998779e+02 8.7550000000e+02 8.7550000000e+02 8.7550000000e+02 8.7570001221e+02 8.7590002441e+02 8.7609997559e+02 8.7620001221e+02 8.7629998779e+02 8.7650000000e+02 8.7670001221e+02 8.7679998779e+02 8.7679998779e+02 8.7690002441e+02 8.7700000000e+02 8.7700000000e+02 8.7709997559e+02 8.7729998779e+02 8.7740002441e+02 8.7759997559e+02 8.7770001221e+02 8.7779998779e+02 8.7790002441e+02 8.7800000000e+02 8.7809997559e+02 8.7820001221e+02 8.7820001221e+02 8.7829998779e+02 8.7829998779e+02 8.7840002441e+02 8.7850000000e+02
8.7350000000e+02 8.7359997559e+02 8.7370001221e+02 8.7390002441e+02 8.7390002441e+02 8.7390002441e+02 8.7409997559e+02 8.7429998779e+02 8.7450000000e+02 8.7470001221e+02 8.7470001221e+02 8.7470001221e+02 8.7479998779e+02 8.7500000000e+02 8.7520001221e+02 8.7529998779e+02 8.7540002441e+02 8.7540002441e+02 8.7550000000e+02 8.7570001221e+02 8.7590002441e+02 8.7609997559e+02 8.7620001221e+02 8.7629998779e+02 8.7650000000e+02 8.7670001221e+02 8.7679998779e+02 8.7690002441e+02 8.7690002441e+02 8.7700000000e+02 8.7709997559e+02 8.7720001221e+02 8.7729998779e+02 8.7750000000e+02 8.7759997559e+02 8.7770001221e+02 8.7779998779e+02 8.7790002441e+02 8.7809997559e+02 8.7820001221e+02 8.7829998779e+02 8.7829998779e+02 8.7840002441e+02 8.7840002441e+02 8.7850000000e+02 8.7850000000e+02
8.7329998779e+02 8.7350000000e+02 8.7359997559e+02 8.7370001221e+02 8.7379998779e+02 8.7390002441e+02 8.7400000000e+02 8.7420001221e+02 8.7440002441e+02 8.7459997559e+02 8.7459997559e+02 8.7459997559e+02 8.7479998779e+02 8.7500000000e+02 8.7520001221e+02 8.7529998779e+02 8.7540002441e+02 8.7540002441e+02 8.7550000000e+02 8.7570001221e+02 8.7600000000e+02 8.7609997559e+02 8.7620001221e+02 8.7629998779e+02 8.7640002441e+02 8.7670001221e+02 8.7679998779e+02 8.7690002441e+02 8.7690002441e+02 8.7700000000e+02 8.7709997559e+02 8.7729998779e+02 8.7740002441e+02 8.7750000000e+02 8.7759997559e+02 8.7770001221e+02 8.7779998779e+02 8.7790002441e+02 8.7809997559e+02 8.7820001221e+02 8.7829998779e+02 8.7840002441e+02 8.7850000000e+02 8.7850000000e+02 8.7850000000e+02 8.7859997559e+02
8.7320001221e+02 8.7329998779e+02 8.7340002441e+02 8.7359997559e+02 8.7370001221e+02 8.7379998779e+02 8.7400000000e+02 8.7409997559e+02 8.7429998779e+02 8.7440002441e+02 8.7450000000e+02 8.7470001221e+02 8.7490002441e+02 8.7500000000e+02 8.7520001221e+02 8.7529998779e+02 8.7540002441e+02 8.7550000000e+02 8.7559997559e+02 8.7579998779e+02 8.7600000000e+02 8.7609997559e+02 8.7629998779e+02 8.7629998779e+02 8.7640002441e+02 8.7659997559e+02 8.7670001221e+02 8.7679998779e+02 8.7690002441e+02 8.7700000000e+02 8.7720001221e+02 8.7729998779e+02 8.7740002441e+02 8.7750000000e+02 8.7759997559e+02 8.7770001221e+02 8.7790002441e+02 8.7790002441e+02 8.7800000000e+02 8.7809997559e+02 8.7829998779e+02 8.7840002441e+02 8.7850000000e+02 8.7850000000e+02 8.7859997559e+02 8.7870001221e+02
8.7320001221e+02 8.7320001221e+02 8.7329998779e+02 8.7350000000e+02 8.7370001221e+02 8.7379998779e+02 8.7390002441e+02 8.7400000000e+02 8.7420001221e+02 8.7429998779e+02 8.7450000000e+02 8.7470001221e+02 8.7500000000e+02 8.7500000000e+02 8.7509997559e+02 8.7520001221e+02 8.7540002441e+02 8.7550000000e+02 8.7559997559e+02 8.7579998779e+02 8.7600000000e+02 8.7620001221e+02 8.7629998779e+02 8.7629998779e+02 8.7640002441e+02 8.7659997559e+02 8.7670001221e+02 8.7679998779e+02 8.7690002441e+02 8.7700000000e+02 8.7720001221e+02 8.7740002441e+02 8.7750000000e+02 8.7750000000e+02 8.7770001221e+02 8.7779998779e+02 8.7790002441e+02 8.7800000000e+02 8.7800000000e+02 8.7809997559e+02 8.7829998779e+02 8.7850000000e+02 8.7850000000e+02 8.7850000000e+02 8.7859997559e+02 8.7879998779e+02
8.7309997559e+02 8.7309997559e+02 8.7320001221e+02 8.7340002441e+02 8.7359997559e+02 8.7370001221e+02 8.7370001221e+02 8.7390002441e+02 8.7409997559e+02 8.7429998779e+02 8.7450000000e+02 8.7470001221e+02 8.7490002441e+02 8.7500000000e+02 8.7509997559e+02 8.7520001221e+02 8.7540002441e+02 8.7550000000e+02 8.7570001221e+02 8.7590002441e+02 8.7600000000e+02 8.7609997559e+02 8.7620001221e+02 8.7629998779e+02 8.7640002441e+02 8.7659997559e+02 8.7679998779e+02 8.7690002441e+02 8.7690002441e+02 8.7700000000e+02 8.7709997559e+02 8.7729998779e+02 8.7740002441e+02 8.7750000000e+02 8.7770001221e+02 8.7790002441e+02 8.7800000000e+02 8.7800000000e+02 8.7809997559e+02 8.7820001221e+02 8.7840002441e+02 8.7859997559e+02 8.7859997559e+02 8.7859997559e+02 8.7870001221e+02 8.7879998779e+02
8.7309997559e+02 8.7309997559e+02 8.7309997559e+02 8.7329998779e+02 8.7350000000e+02 8.7359997559e+02 8.7370001221e+02 8.7390002441e+02 8.7409997559e+02 8.7429998779e+02 8.7450000000e+02 8.7459997559e+02 8.7479998779e+02 8.7490002441e+02 8.7500000000e+02 8.7520001221e+02 8.7529998779e+02 8.7550000000e+02 8.7570001221e+02 8.7590002441e+02 8.7590002441e+02 8.7590002441e+02 8.7609997559e+02 8.7629998779e+02 8.7650000000e+02 8.7670001221e+02 8.7679998779e+02 8.7690002441e+02 8.7690002441e+02 8.7690002441e+02 8.7709997559e+02 8.7729998779e+02 8.7740002441e+02 8.7759997559e+02 8.7770001221e+02 8.7790002441e+02 8.7800000000e+02 8.7809997559e+02 8.7809997559e+02 8.7829998779e+02 8.7840002441e+02 8.7850000000e+02 8.7859997559e+02 8.7859997559e+02 8.7870001221e+02 8.7890002441e+02
8.7300000000e+02 8.7309997559e+02 8.7320001221e+02 8.7329998779e+02 8.7350000000e+02 8.7350000000e+02 8.7359997559e+02 8.7379998779e+02 8.7400000000e+02 8.7420001221e+02 8.7440002441e+02 8.7459997559e+02 8.7470001221e+02 8.7490002441e+02 8.7500000000e+02 8.7520001221e+02 8.7529998779e+02 8.7550000000e+02 8.7570001221e+02 8.7579998779e+02 8.7579998779e+02 8.7590002441e+02 8.7609997559e+02 8.7629998779e+02 8.7650000000e+02 8.7670001221e+02 8.7679998779e+02 8.7690002441e+02 8.7690002441e+02 8.7690002441e+02 8.7709997559e+02 8.7729998779e+02 8.7740002441e+02 8.7759997559e+02 8.7770001221e+02 8.7790002441e+02 8.7800000000e+02 8.7809997559e+02 8.7820001221e+02 8.7829998779e+02 8.7840002441e+02 8.7850000000e+02 8.7850000000e+02 8.7859997559e+02 8.7870001221e+02 8.7879998779e+02
