DGM_1M_UPPER_AUSTRIA/5/19.asc
NCOLS 100
NROWS 100
XLLCORNER 6.0650500000e+04
YLLCORNER 2.9338850000e+05
CELLSIZE 1.0000000000e+00
NODATA_VALUE -9.9990000000e+03
[rows 80 to 99 of 100, columns 0 to 45 of 100]
1.0593000488e+03 1.0594000244e+03 1.0594000244e+03 1.0595000000e+03 1.0596999512e+03 1.0598000488e+03 1.0598000488e+03 1.0596999512e+03 1.0596999512e+03 1.0598000488e+03 1.0598000488e+03 1.0600000000e+03 1.0600999756e+03 1.0603000488e+03 1.0604000244e+03 1.0605000000e+03 1.0605000000e+03 1.0605000000e+03 1.0605000000e+03 1.0604000244e+03 1.0605999756e+03 1.0608000488e+03 1.0610000000e+03 1.0610000000e+03 1.0610000000e+03 1.0610000000e+03 1.0610000000e+03 1.0610000000e+03 1.0610000000e+03 1.0610999756e+03 1.0611999512e+03 1.0613000488e+03 1.0613000488e+03 1.0611999512e+03 1.0613000488e+03 1.0614000244e+03 1.0615000000e+03 1.0616999512e+03 1.0618000488e+03 1.0619000244e+03 1.0619000244e+03 1.0616999512e+03 1.0616999512e+03 1.0618000488e+03 1.0620000000e+03 1.0621999512e+03
1.0595999756e+03 1.0595999756e+03 1.0595999756e+03 1.0596999512e+03 1.0599000244e+03 1.0600000000e+03 1.0599000244e+03 1.0599000244e+03 1.0600000000e+03 1.0600000000e+03 1.0600999756e+03 1.0600999756e+03 1.0601999512e+03 1.0604000244e+03 1.0605999756e+03 1.0605999756e+03 1.0605999756e+03 1.0605999756e+03 1.0605999756e+03 1.0606999512e+03 1.0609000244e+03 1.0610000000e+03 1.0610999756e+03 1.0610999756e+03 1.0610999756e+03 1.0610999756e+03 1.0611999512e+03 1.0611999512e+03 1.0611999512e+03 1.0613000488e+03 1.0614000244e+03 1.0615000000e+03 1.0615000000e+03 1.0615000000e+03 1.0615999756e+03 1.0615999756e+03 1.0616999512e+03 1.0619000244e+03 1.0620000000e+03 1.0620999756e+03 1.0620000000e+03 1.0619000244e+03 1.0619000244e+03 1.0620000000e+03 1.0621999512e+03 1.0624000244e+03
1.0596999512e+03 1.0598000488e+03 1.0598000488e+03 1.0599000244e+03 1.0600000000e+03 1.0600999756e+03 1.0600000000e+03 1.0599000244e+03 1.0600999756e+03 1.0601999512e+03 1.0603000488e+03 1.0603000488e+03 1.0604000244e+03 1.0605000000e+03 1.0605999756e+03 1.0606999512e+03 1.0606999512e+03 1.0606999512e+03 1.0606999512e+03 1.0608000488e+03 1.0609000244e+03 1.0609000244e+03 1.0609000244e+03 1.0610999756e+03 1.0611999512e+03 1.0611999512e+03 1.0611999512e+03 1.0613000488e+03 1.0614000244e+03 1.0615000000e+03 1.0615999756e+03 1.0616999512e+03 1.0618000488e+03 1.0618000488e+03 1.0618000488e+03 1.0618000488e+03 1.0619000244e+03 1.0620000000e+03 1.0620999756e+03 1.0620999756e+03 1.0620999756e+03 1.0620999756e+03 1.0620999756e+03 1.0621999512e+03 1.0624000244e+03 1.0625999756e+03
1.0599000244e+03 1.0600000000e+03 1.0600000000e+03 1.0600000000e+03 1.0600000000e+03 1.0600000000e+03 1.0599000244e+03 1.0600000000e+03 1.0600999756e+03 1.0603000488e+03 1.0604000244e+03 1.0604000244e+03 1.0605000000e+03 1.0605000000e+03 1.0605999756e+03 1.0606999512e+03 1.0608000488e+03 1.0608000488e+03 1.0609000244e+03 1.0609000244e+03 1.0610000000e+03 1.0610000000e+03 1.0609000244e+03 1.0610000000e+03 1.0610999756e+03 1.0611999512e+03 1.0613000488e+03 1.0614000244e+03 1.0615000000e+03 1.0615999756e+03 1.0616999512e+03 1.0619000244e+03 1.0620000000e+03 1.0620000000e+03 1.0620000000e+03 1.0620000000e+03 1.0620000000e+03 1.0620999756e+03 1.0620999756e+03 1.0620999756e+03 1.0620999756e+03 1.0620999756e+03 1.0621999512e+03 1.0624000244e+03 1.0625999756e+03 1.0626999512e+03
1.0600999756e+03 1.0601999512e+03 1.0601999512e+03 1.0600999756e+03 1.0600999756e+03 1.0600999756e+03 1.0600999756e+03 1.0600999756e+03 1.0601999512e+03 1.0603000488e+03 1.0604000244e+03 1.0605000000e+03 1.0605999756e+03 1.0605999756e+03 1.0606999512e+03 1.0606999512e+03 1.0608000488e+03 1.0609000244e+03 1.0610999756e+03 1.0610999756e+03 1.0611999512e+03 1.0611999512e+03 1.0610999756e+03 1.0611999512e+03 1.0613000488e+03 1.0614000244e+03 1.0615000000e+03 1.0615999756e+03 1.0615999756e+03 1.0616999512e+03 1.0619000244e+03 1.0620000000e+03 1.0620999756e+03 1.0620999756e+03 1.0620999756e+03 1.0621999512e+03 1.0621999512e+03 1.0621999512e+03 1.0621999512e+03 1.0623000488e+03 1.0623000488e+03 1.0623000488e+03 1.0624000244e+03 1.0625000000e+03 1.0626999512e+03 1.0629000244e+03
1.0603000488e+03 1.0604000244e+03 1.0603000488e+03 1.0603000488e+03 1.0603000488e+03 1.0603000488e+03 1.0604000244e+03 1.0604000244e+03 1.0603000488e+03 1.0604000244e+03 1.0605000000e+03 1.0605999756e+03 1.0606999512e+03 1.0608000488e+03 1.0609000244e+03 1.0609000244e+03 1.0610000000e+03 1.0610999756e+03 1.0611999512e+03 1.0613000488e+03 1.0614000244e+03 1.0614000244e+03 1.0613000488e+03 1.0614000244e+03 1.0615000000e+03 1.0615999756e+03 1.0616999512e+03 1.0618000488e+03 1.0618000488e+03 1.0619000244e+03 1.0620000000e+03 1.0620000000e+03 1.0620000000e+03 1.0620999756e+03 1.0621999512e+03 1.0623000488e+03 1.0624000244e+03 1.0625000000e+03 1.0625000000e+03 1.0625000000e+03 1.0625000000e+03 1.0625000000e+03 1.0625999756e+03 1.0626999512e+03 1.0629000244e+03 1.0630999756e+03
1.0605999756e+03 1.0605999756e+03 1.0605999756e+03 1.0605999756e+03 1.0605999756e+03 1.0605999756e+03 1.0605999756e+03 1.0605999756e+03 1.0605000000e+03 1.0605000000e+03 1.0605999756e+03 1.0606999512e+03 1.0609000244e+03 1.0610000000e+03 1.0610999756e+03 1.0610999756e+03 1.0611999512e+03 1.0613000488e+03 1.0614000244e+03 1.0615000000e+03 1.0615000000e+03 1.0615000000e+03 1.0615999756e+03 1.0616999512e+03 1.0618000488e+03 1.0618000488e+03 1.0619000244e+03 1.0620000000e+03 1.0620000000e+03 1.0620999756e+03 1.0620999756e+03 1.0620999756e+03 1.0620000000e+03 1.0620999756e+03 1.0623000488e+03 1.0625000000e+03 1.0626999512e+03 1.0626999512e+03 1.0628000488e+03 1.0628000488e+03 1.0628000488e+03 1.0628000488e+03 1.0629000244e+03 1.0630000000e+03 1.0631999512e+03 1.0633000488e+03
1.0610000000e+03 1.0610000000e+03 1.0609000244e+03 1.0608000488e+03 1.0608000488e+03 1.0608000488e+03 1.0609000244e+03 1.0609000244e+03 1.0609000244e+03 1.0608000488e+03 1.0609000244e+03 1.0610000000e+03 1.0610999756e+03 1.0610999756e+03 1.0611999512e+03 1.0613000488e+03 1.0614000244e+03 1.0615000000e+03 1.0615000000e+03 1.0615999756e+03 1.0616999512e+03 1.0618000488e+03 1.0618000488e+03 1.0619000244e+03 1.0620000000e+03 1.0620999756e+03 1.0620999756e+03 1.0621999512e+03 1.0621999512e+03 1.0621999512e+03 1.0621999512e+03 1.0621999512e+03 1.0623000488e+03 1.0624000244e+03 1.0625000000e+03 1.0626999512e+03 1.0628000488e+03 1.0630000000e+03 1.0630000000e+03 1.0630999756e+03 1.0630999756e+03 1.0630999756e+03 1.0631999512e+03 1.0633000488e+03 1.0634000244e+03 1.0635000000e+03
1.0611999512e+03 1.0611999512e+03 1.0610999756e+03 1.0610000000e+03 1.0610000000e+03 1.0610999756e+03 1.0611999512e+03 1.0613000488e+03 1.0611999512e+03 1.0610999756e+03 1.0611999512e+03 1.0613000488e+03 1.0611999512e+03 1.0610999756e+03 1.0611999512e+03 1.0614000244e+03 1.0615000000e+03 1.0615000000e+03 1.0615999756e+03 1.0616999512e+03 1.0618000488e+03 1.0619000244e+03 1.0620999756e+03 1.0621999512e+03 1.0621999512e+03 1.0623000488e+03 1.0623000488e+03 1.0623000488e+03 1.0624000244e+03 1.0624000244e+03 1.0624000244e+03 1.0625000000e+03 1.0625000000e+03 1.0625999756e+03 1.0626999512e+03 1.0629000244e+03 1.0630999756e+03 1.0631999512e+03 1.0633000488e+03 1.0633000488e+03 1.0634000244e+03 1.0634000244e+03 1.0635000000e+03 1.0635999756e+03 1.0635999756e+03 1.0636999512e+03
1.0614000244e+03 1.0614000244e+03 1.0611999512e+03 1.0611999512e+03 1.0613000488e+03 1.0614000244e+03 1.0615999756e+03 1.0615999756e+03 1.0615000000e+03 1.0614000244e+03 1.0614000244e+03 1.0615000000e+03 1.0614000244e+03 1.0613000488e+03 1.0614000244e+03 1.0615999756e+03 1.0616999512e+03 1.0615999756e+03 1.0616999512e+03 1.0616999512e+03 1.0619000244e+03 1.0620999756e+03 1.0623000488e+03 1.0624000244e+03 1.0624000244e+03 1.0624000244e+03 1.0624000244e+03 1.0624000244e+03 1.0625000000e+03 1.0625999756e+03 1.0625999756e+03 1.0625999756e+03 1.0628000488e+03 1.0629000244e+03 1.0630000000e+03 1.0630999756e+03 1.0633000488e+03 1.0634000244e+03 1.0635000000e+03 1.0635000000e+03 1.0636999512e+03 1.0638000488e+03 1.0638000488e+03 1.0639000244e+03 1.0639000244e+03 1.0640000000e+03
1.0615999756e+03 1.0615000000e+03 1.0615000000e+03 1.0615000000e+03 1.0615000000e+03 1.0615999756e+03 1.0616999512e+03 1.0616999512e+03 1.0616999512e+03 1.0615999756e+03 1.0615999756e+03 1.0615999756e+03 1.0615999756e+03 1.0615999756e+03 1.0616999512e+03 1.0618000488e+03 1.0619000244e+03 1.0619000244e+03 1.0619000244e+03 1.0620000000e+03 1.0620999756e+03 1.0623000488e+03 1.0624000244e+03 1.0625000000e+03 1.0625999756e+03 1.0625999756e+03 1.0625000000e+03 1.0625000000e+03 1.0625999756e+03 1.0626999512e+03 1.0626999512e+03 1.0628000488e+03 1.0630000000e+03 1.0631999512e+03 1.0633000488e+03 1.0634000244e+03 1.0635000000e+03 1.0635999756e+03 1.0636999512e+03 1.0638000488e+03 1.0640000000e+03 1.0640999756e+03 1.0641999512e+03 1.0641999512e+03 1.0641999512e+03 1.0643000488e+03
1.0616999512e+03 1.0618000488e+03 1.0618000488e+03 1.0618000488e+03 1.0618000488e+03 1.0618000488e+03 1.0616999512e+03 1.0615999756e+03 1.0618000488e+03 1.0620000000e+03 1.0620000000e+03 1.0620000000e+03 1.0620000000e+03 1.0620000000e+03 1.0620000000e+03 1.0620999756e+03 1.0620999756e+03 1.0620999756e+03 1.0621999512e+03 1.0624000244e+03 1.0625000000e+03 1.0625000000e+03 1.0625999756e+03 1.0626999512e+03 1.0628000488e+03 1.0628000488e+03 1.0628000488e+03 1.0628000488e+03 1.0629000244e+03 1.0629000244e+03 1.0630000000e+03 1.0630000000e+03 1.0631999512e+03 1.0634000244e+03 1.0635000000e+03 1.0636999512e+03 1.0638000488e+03 1.0638000488e+03 1.0639000244e+03 1.0640999756e+03 1.0643000488e+03 1.0644000244e+03 1.0644000244e+03 1.0644000244e+03 1.0645000000e+03 1.0645999756e+03
1.0620000000e+03 1.0620000000e+03 1.0620999756e+03 1.0620999756e+03 1.0620999756e+03 1.0620000000e+03 1.0618000488e+03 1.0618000488e+03 1.0620999756e+03 1.0623000488e+03 1.0624000244e+03 1.0624000244e+03 1.0623000488e+03 1.0623000488e+03 1.0623000488e+03 1.0621999512e+03 1.0621999512e+03 1.0623000488e+03 1.0625000000e+03 1.0625999756e+03 1.0628000488e+03 1.0628000488e+03 1.0628000488e+03 1.0629000244e+03 1.0630000000e+03 1.0630999756e+03 1.0630999756e+03 1.0631999512e+03 1.0631999512e+03 1.0633000488e+03 1.0633000488e+03 1.0633000488e+03 1.0634000244e+03 1.0636999512e+03 1.0638000488e+03 1.0640000000e+03 1.0640999756e+03 1.0640999756e+03 1.0641999512e+03 1.0644000244e+03 1.0645999756e+03 1.0646999512e+03 1.0646999512e+03 1.0646999512e+03 1.0648000488e+03 1.0649000244e+03
1.0623000488e+03 1.0623000488e+03 1.0623000488e+03 1.0623000488e+03 1.0623000488e+03 1.0621999512e+03 1.0620999756e+03 1.0621999512e+03 1.0624000244e+03 1.0625999756e+03 1.0625999756e+03 1.0625999756e+03 1.0625000000e+03 1.0625000000e+03 1.0624000244e+03 1.0623000488e+03 1.0624000244e+03 1.0625999756e+03 1.0628000488e+03 1.0629000244e+03 1.0630000000e+03 1.0630999756e+03 1.0631999512e+03 1.0631999512e+03 1.0633000488e+03 1.0635000000e+03 1.0635999756e+03 1.0636999512e+03 1.0636999512e+03 1.0636999512e+03 1.0636999512e+03 1.0636999512e+03 1.0638000488e+03 1.0640999756e+03 1.0643000488e+03 1.0644000244e+03 1.0644000244e+03 1.0644000244e+03 1.0645000000e+03 1.0646999512e+03 1.0649000244e+03 1.0649000244e+03 1.0649000244e+03 1.0650000000e+03 1.0650999756e+03 1.0653000488e+03
1.0626999512e+03 1.0625999756e+03 1.0625999756e+03 1.0625000000e+03 1.0625000000e+03 1.0624000244e+03 1.0624000244e+03 1.0625999756e+03 1.0625999756e+03 1.0626999512e+03 1.0628000488e+03 1.0628000488e+03 1.0625999756e+03 1.0625999756e+03 1.0625000000e+03 1.0625999756e+03 1.0626999512e+03 1.0628000488e+03 1.0630000000e+03 1.0631999512e+03 1.0633000488e+03 1.0634000244e+03 1.0635000000e+03 1.0635000000e+03 1.0635999756e+03 1.0636999512e+03 1.0638000488e+03 1.0639000244e+03 1.0640000000e+03 1.0640999756e+03 1.0640999756e+03 1.0640999756e+03 1.0643000488e+03 1.0645000000e+03 1.0646999512e+03 1.0648000488e+03 1.0648000488e+03 1.0648000488e+03 1.0649000244e+03 1.0650000000e+03 1.0650999756e+03 1.0650999756e+03 1.0650999756e+03 1.0651999512e+03 1.0654000244e+03 1.0655999756e+03
1.0630000000e+03 1.0629000244e+03 1.0628000488e+03 1.0626999512e+03 1.0626999512e+03 1.0626999512e+03 1.0626999512e+03 1.0628000488e+03 1.0628000488e+03 1.0628000488e+03 1.0628000488e+03 1.0629000244e+03 1.0628000488e+03 1.0628000488e+03 1.0628000488e+03 1.0629000244e+03 1.0630999756e+03 1.0631999512e+03 1.0634000244e+03 1.0635000000e+03 1.0635999756e+03 1.0636999512e+03 1.0636999512e+03 1.0636999512e+03 1.0636999512e+03 1.0638000488e+03 1.0639000244e+03 1.0639000244e+03 1.0640999756e+03 1.0641999512e+03 1.0644000244e+03 1.0645000000e+03 1.0646999512e+03 1.0648000488e+03 1.0649000244e+03 1.0650000000e+03 1.0650999756e+03 1.0650999756e+03 1.0651999512e+03 1.0653000488e+03 1.0653000488e+03 1.0653000488e+03 1.0654000244e+03 1.0654000244e+03 1.0655999756e+03 1.0659000244e+03
1.0630999756e+03 1.0630999756e+03 1.0630000000e+03 1.0630000000e+03 1.0630000000e+03 1.0630000000e+03 1.0630000000e+03 1.0630000000e+03 1.0630000000e+03 1.0630000000e+03 1.0630000000e+03 1.0630000000e+03 1.0630999756e+03 1.0633000488e+03 1.0633000488e+03 1.0633000488e+03 1.0635000000e+03 1.0635999756e+03 1.0636999512e+03 1.0638000488e+03 1.0639000244e+03 1.0639000244e+03 1.0639000244e+03 1.0639000244e+03 1.0640000000e+03 1.0640999756e+03 1.0640999756e+03 1.0640999756e+03 1.0643000488e+03 1.0644000244e+03 1.0645999756e+03 1.0648000488e+03 1.0649000244e+03 1.0650999756e+03 1.0651999512e+03 1.0651999512e+03 1.0653000488e+03 1.0653000488e+03 1.0654000244e+03 1.0655000000e+03 1.0655999756e+03 1.0655999756e+03 1.0656999512e+03 1.0658000488e+03 1.0659000244e+03 1.0661999512e+03
1.0633000488e+03 1.0631999512e+03 1.0631999512e+03 1.0630999756e+03 1.0631999512e+03 1.0631999512e+03 1.0633000488e+03 1.0633000488e+03 1.0633000488e+03 1.0633000488e+03 1.0633000488e+03 1.0633000488e+03 1.0635000000e+03 1.0636999512e+03 1.0636999512e+03 1.0636999512e+03 1.0639000244e+03 1.0640000000e+03 1.0640000000e+03 1.0640999756e+03 1.0641999512e+03 1.0641999512e+03 1.0641999512e+03 1.0643000488e+03 1.0643000488e+03 1.0644000244e+03 1.0644000244e+03 1.0644000244e+03 1.0645000000e+03 1.0646999512e+03 1.0649000244e+03 1.0650000000e+03 1.0651999512e+03 1.0654000244e+03 1.0654000244e+03 1.0654000244e+03 1.0654000244e+03 1.0655000000e+03 1.0655000000e+03 1.0656999512e+03 1.0658000488e+03 1.0659000244e+03 1.0660000000e+03 1.0660999756e+03 1.0661999512e+03 1.0663000488e+03
1.0634000244e+03 1.0634000244e+03 1.0633000488e+03 1.0633000488e+03 1.0633000488e+03 1.0634000244e+03 1.0635000000e+03 1.0635999756e+03 1.0635999756e+03 1.0635999756e+03 1.0636999512e+03 1.0636999512e+03 1.0638000488e+03 1.0640000000e+03 1.0640000000e+03 1.0640000000e+03 1.0641999512e+03 1.0643000488e+03 1.0643000488e+03 1.0643000488e+03 1.0643000488e+03 1.0644000244e+03 1.0644000244e+03 1.0645000000e+03 1.0646999512e+03 1.0646999512e+03 1.0646999512e+03 1.0646999512e+03 1.0648000488e+03 1.0649000244e+03 1.0650999756e+03 1.0653000488e+03 1.0655000000e+03 1.0654000244e+03 1.0654000244e+03 1.0654000244e+03 1.0655000000e+03 1.0655999756e+03 1.0658000488e+03 1.0659000244e+03 1.0660000000e+03 1.0661999512e+03 1.0663000488e+03 1.0664000244e+03 1.0665000000e+03 1.0665999756e+03
1.0635999756e+03 1.0635000000e+03 1.0634000244e+03 1.0634000244e+03 1.0634000244e+03 1.0635999756e+03 1.0636999512e+03 1.0638000488e+03 1.0638000488e+03 1.0639000244e+03 1.0640000000e+03 1.0640000000e+03 1.0640000000e+03 1.0640999756e+03 1.0641999512e+03 1.0641999512e+03 1.0643000488e+03 1.0644000244e+03 1.0644000244e+03 1.0645000000e+03 1.0645000000e+03 1.0645999756e+03 1.0645999756e+03 1.0646999512e+03 1.0649000244e+03 1.0649000244e+03 1.0649000244e+03 1.0649000244e+03 1.0650999756e+03 1.0651999512e+03 1.0654000244e+03 1.0655000000e+03 1.0655999756e+03 1.0655999756e+03 1.0655999756e+03 1.0655999756e+03 1.0656999512e+03 1.0658000488e+03 1.0660000000e+03 1.0660999756e+03 1.0661999512e+03 1.0663000488e+03 1.0665000000e+03 1.0665999756e+03 1.0666999512e+03 1.0666999512e+03
