DGM_1M_UPPER_AUSTRIA/5/19.asc
NCOLS 100
NROWS 100
XLLCORNER 6.0650500000e+04
YLLCORNER 2.9338850000e+05
CELLSIZE 1.0000000000e+00
NODATA_VALUE -9.9990000000e+03
[rows 80 to 99 of 100, columns 46 to 91 of 100]
1.0624000244e+03 1.0625999756e+03 1.0628000488e+03 1.0628000488e+03 1.0629000244e+03 1.0630000000e+03 1.0631999512e+03 1.0633000488e+03 1.0634000244e+03 1.0635000000e+03 1.0635000000e+03 1.0635000000e+03 1.0635000000e+03 1.0635999756e+03 1.0638000488e+03 1.0638000488e+03 1.0638000488e+03 1.0636999512e+03 1.0638000488e+03 1.0639000244e+03 1.0640000000e+03 1.0640999756e+03 1.0641999512e+03 1.0643000488e+03 1.0645000000e+03 1.0645999756e+03 1.0646999512e+03 1.0648000488e+03 1.0650000000e+03 1.0650000000e+03 1.0650999756e+03 1.0650999756e+03 1.0650999756e+03 1.0651999512e+03 1.0651999512e+03 1.0651999512e+03 1.0651999512e+03 1.0654000244e+03 1.0655000000e+03 1.0655000000e+03 1.0655999756e+03 1.0656999512e+03 1.0656999512e+03 1.0655999756e+03 1.0655999756e+03 1.0655999756e+03
1.0625999756e+03 1.0626999512e+03 1.0629000244e+03 1.0629000244e+03 1.0630999756e+03 1.0631999512e+03 1.0634000244e+03 1.0635000000e+03 1.0635000000e+03 1.0635999756e+03 1.0636999512e+03 1.0636999512e+03 1.0636999512e+03 1.0638000488e+03 1.0639000244e+03 1.0639000244e+03 1.0639000244e+03 1.0639000244e+03 1.0639000244e+03 1.0640000000e+03 1.0641999512e+03 1.0643000488e+03 1.0644000244e+03 1.0645000000e+03 1.0645999756e+03 1.0646999512e+03 1.0649000244e+03 1.0650999756e+03 1.0651999512e+03 1.0651999512e+03 1.0651999512e+03 1.0653000488e+03 1.0653000488e+03 1.0654000244e+03 1.0655000000e+03 1.0655999756e+03 1.0656999512e+03 1.0656999512e+03 1.0658000488e+03 1.0659000244e+03 1.0659000244e+03 1.0660000000e+03 1.0660000000e+03 1.0660000000e+03 1.0659000244e+03 1.0660000000e+03
1.0626999512e+03 1.0629000244e+03 1.0630000000e+03 1.0630999756e+03 1.0631999512e+03 1.0634000244e+03 1.0635000000e+03 1.0635999756e+03 1.0635999756e+03 1.0636999512e+03 1.0638000488e+03 1.0639000244e+03 1.0639000244e+03 1.0640000000e+03 1.0640999756e+03 1.0640999756e+03 1.0640999756e+03 1.0641999512e+03 1.0641999512e+03 1.0643000488e+03 1.0644000244e+03 1.0645000000e+03 1.0645999756e+03 1.0646999512e+03 1.0648000488e+03 1.0649000244e+03 1.0650999756e+03 1.0651999512e+03 1.0653000488e+03 1.0654000244e+03 1.0654000244e+03 1.0655000000e+03 1.0655999756e+03 1.0658000488e+03 1.0659000244e+03 1.0660000000e+03 1.0660999756e+03 1.0660999756e+03 1.0660999756e+03 1.0661999512e+03 1.0661999512e+03 1.0661999512e+03 1.0663000488e+03 1.0663000488e+03 1.0664000244e+03 1.0664000244e+03
1.0628000488e+03 1.0630000000e+03 1.0630999756e+03 1.0631999512e+03 1.0633000488e+03 1.0635000000e+03 1.0635999756e+03 1.0636999512e+03 1.0636999512e+03 1.0639000244e+03 1.0640000000e+03 1.0640999756e+03 1.0640999756e+03 1.0641999512e+03 1.0641999512e+03 1.0643000488e+03 1.0643000488e+03 1.0644000244e+03 1.0644000244e+03 1.0645000000e+03 1.0645999756e+03 1.0648000488e+03 1.0649000244e+03 1.0649000244e+03 1.0650000000e+03 1.0650999756e+03 1.0651999512e+03 1.0653000488e+03 1.0654000244e+03 1.0655999756e+03 1.0658000488e+03 1.0659000244e+03 1.0660000000e+03 1.0661999512e+03 1.0663000488e+03 1.0664000244e+03 1.0665000000e+03 1.0665000000e+03 1.0665000000e+03 1.0665000000e+03 1.0665000000e+03 1.0665000000e+03 1.0665999756e+03 1.0666999512e+03 1.0666999512e+03 1.0666999512e+03
1.0630000000e+03 1.0630999756e+03 1.0631999512e+03 1.0633000488e+03 1.0635000000e+03 1.0635999756e+03 1.0638000488e+03 1.0639000244e+03 1.0639000244e+03 1.0640999756e+03 1.0641999512e+03 1.0643000488e+03 1.0643000488e+03 1.0643000488e+03 1.0644000244e+03 1.0644000244e+03 1.0645000000e+03 1.0645999756e+03 1.0646999512e+03 1.0646999512e+03 1.0648000488e+03 1.0650000000e+03 1.0651999512e+03 1.0651999512e+03 1.0653000488e+03 1.0654000244e+03 1.0655000000e+03 1.0655999756e+03 1.0658000488e+03 1.0660000000e+03 1.0660999756e+03 1.0661999512e+03 1.0664000244e+03 1.0665000000e+03 1.0666999512e+03 1.0666999512e+03 1.0668000488e+03 1.0669000244e+03 1.0669000244e+03 1.0668000488e+03 1.0668000488e+03 1.0669000244e+03 1.0670000000e+03 1.0670999756e+03 1.0671999512e+03 1.0670999756e+03
1.0631999512e+03 1.0633000488e+03 1.0635000000e+03 1.0635999756e+03 1.0636999512e+03 1.0638000488e+03 1.0640000000e+03 1.0640999756e+03 1.0641999512e+03 1.0641999512e+03 1.0643000488e+03 1.0643000488e+03 1.0644000244e+03 1.0645000000e+03 1.0645000000e+03 1.0645999756e+03 1.0646999512e+03 1.0648000488e+03 1.0649000244e+03 1.0649000244e+03 1.0650000000e+03 1.0651999512e+03 1.0653000488e+03 1.0654000244e+03 1.0655000000e+03 1.0656999512e+03 1.0658000488e+03 1.0659000244e+03 1.0660999756e+03 1.0663000488e+03 1.0664000244e+03 1.0665000000e+03 1.0665999756e+03 1.0668000488e+03 1.0669000244e+03 1.0670000000e+03 1.0670999756e+03 1.0670999756e+03 1.0671999512e+03 1.0671999512e+03 1.0671999512e+03 1.0673000488e+03 1.0673000488e+03 1.0674000244e+03 1.0675000000e+03 1.0674000244e+03
1.0634000244e+03 1.0635000000e+03 1.0636999512e+03 1.0638000488e+03 1.0639000244e+03 1.0640000000e+03 1.0641999512e+03 1.0643000488e+03 1.0644000244e+03 1.0644000244e+03 1.0644000244e+03 1.0644000244e+03 1.0645000000e+03 1.0645999756e+03 1.0646999512e+03 1.0648000488e+03 1.0650000000e+03 1.0650999756e+03 1.0650999756e+03 1.0650999756e+03 1.0650999756e+03 1.0653000488e+03 1.0655000000e+03 1.0655999756e+03 1.0656999512e+03 1.0659000244e+03 1.0660000000e+03 1.0661999512e+03 1.0664000244e+03 1.0665999756e+03 1.0666999512e+03 1.0668000488e+03 1.0669000244e+03 1.0670000000e+03 1.0670999756e+03 1.0671999512e+03 1.0673000488e+03 1.0674000244e+03 1.0674000244e+03 1.0675000000e+03 1.0675999756e+03 1.0675999756e+03 1.0675999756e+03 1.0675999756e+03 1.0675999756e+03 1.0676999512e+03
1.0635999756e+03 1.0638000488e+03 1.0639000244e+03 1.0640999756e+03 1.0641999512e+03 1.0641999512e+03 1.0643000488e+03 1.0645000000e+03 1.0645000000e+03 1.0645999756e+03 1.0645000000e+03 1.0645000000e+03 1.0645999756e+03 1.0646999512e+03 1.0648000488e+03 1.0649000244e+03 1.0650000000e+03 1.0651999512e+03 1.0651999512e+03 1.0653000488e+03 1.0655000000e+03 1.0656999512e+03 1.0658000488e+03 1.0658000488e+03 1.0659000244e+03 1.0660999756e+03 1.0661999512e+03 1.0664000244e+03 1.0665999756e+03 1.0668000488e+03 1.0669000244e+03 1.0670000000e+03 1.0671999512e+03 1.0673000488e+03 1.0674000244e+03 1.0675000000e+03 1.0675999756e+03 1.0676999512e+03 1.0678000488e+03 1.0678000488e+03 1.0679000244e+03 1.0680000000e+03 1.0680000000e+03 1.0679000244e+03 1.0679000244e+03 1.0680000000e+03
1.0638000488e+03 1.0640000000e+03 1.0641999512e+03 1.0643000488e+03 1.0643000488e+03 1.0644000244e+03 1.0645000000e+03 1.0645999756e+03 1.0646999512e+03 1.0646999512e+03 1.0646999512e+03 1.0648000488e+03 1.0649000244e+03 1.0650000000e+03 1.0650999756e+03 1.0650999756e+03 1.0651999512e+03 1.0653000488e+03 1.0654000244e+03 1.0655999756e+03 1.0659000244e+03 1.0660999756e+03 1.0660999756e+03 1.0660999756e+03 1.0661999512e+03 1.0663000488e+03 1.0665000000e+03 1.0666999512e+03 1.0669000244e+03 1.0671999512e+03 1.0673000488e+03 1.0674000244e+03 1.0675000000e+03 1.0675999756e+03 1.0676999512e+03 1.0678000488e+03 1.0680000000e+03 1.0680999756e+03 1.0681999512e+03 1.0681999512e+03 1.0683000488e+03 1.0683000488e+03 1.0683000488e+03 1.0683000488e+03 1.0681999512e+03 1.0683000488e+03
1.0640999756e+03 1.0641999512e+03 1.0643000488e+03 1.0644000244e+03 1.0645000000e+03 1.0645999756e+03 1.0646999512e+03 1.0648000488e+03 1.0648000488e+03 1.0649000244e+03 1.0650000000e+03 1.0650999756e+03 1.0651999512e+03 1.0654000244e+03 1.0655000000e+03 1.0655000000e+03 1.0655000000e+03 1.0655999756e+03 1.0656999512e+03 1.0660000000e+03 1.0661999512e+03 1.0663000488e+03 1.0664000244e+03 1.0664000244e+03 1.0665000000e+03 1.0666999512e+03 1.0669000244e+03 1.0670999756e+03 1.0673000488e+03 1.0675000000e+03 1.0675999756e+03 1.0676999512e+03 1.0678000488e+03 1.0679000244e+03 1.0680000000e+03 1.0680999756e+03 1.0683000488e+03 1.0684000244e+03 1.0685999756e+03 1.0685999756e+03 1.0685000000e+03 1.0685000000e+03 1.0685000000e+03 1.0685000000e+03 1.0685999756e+03 1.0686999512e+03
1.0644000244e+03 1.0644000244e+03 1.0645000000e+03 1.0646999512e+03 1.0648000488e+03 1.0649000244e+03 1.0649000244e+03 1.0650000000e+03 1.0650999756e+03 1.0651999512e+03 1.0653000488e+03 1.0655000000e+03 1.0655999756e+03 1.0658000488e+03 1.0659000244e+03 1.0659000244e+03 1.0660000000e+03 1.0660000000e+03 1.0660999756e+03 1.0663000488e+03 1.0665000000e+03 1.0665999756e+03 1.0665999756e+03 1.0666999512e+03 1.0669000244e+03 1.0670999756e+03 1.0673000488e+03 1.0674000244e+03 1.0675999756e+03 1.0676999512e+03 1.0678000488e+03 1.0679000244e+03 1.0680000000e+03 1.0681999512e+03 1.0683000488e+03 1.0684000244e+03 1.0685999756e+03 1.0686999512e+03 1.0688000488e+03 1.0689000244e+03 1.0689000244e+03 1.0688000488e+03 1.0688000488e+03 1.0688000488e+03 1.0689000244e+03 1.0690000000e+03
1.0646999512e+03 1.0648000488e+03 1.0649000244e+03 1.0650000000e+03 1.0650999756e+03 1.0651999512e+03 1.0653000488e+03 1.0653000488e+03 1.0654000244e+03 1.0655999756e+03 1.0656999512e+03 1.0658000488e+03 1.0660000000e+03 1.0661999512e+03 1.0663000488e+03 1.0664000244e+03 1.0665000000e+03 1.0665000000e+03 1.0665999756e+03 1.0668000488e+03 1.0669000244e+03 1.0670000000e+03 1.0670999756e+03 1.0671999512e+03 1.0673000488e+03 1.0675000000e+03 1.0676999512e+03 1.0676999512e+03 1.0678000488e+03 1.0678000488e+03 1.0679000244e+03 1.0680999756e+03 1.0681999512e+03 1.0683000488e+03 1.0685000000e+03 1.0685999756e+03 1.0688000488e+03 1.0689000244e+03 1.0690000000e+03 1.0690999756e+03 1.0691999512e+03 1.0690999756e+03 1.0690999756e+03 1.0690999756e+03 1.0690999756e+03 1.0691999512e+03
1.0650999756e+03 1.0650999756e+03 1.0651999512e+03 1.0653000488e+03 1.0653000488e+03 1.0654000244e+03 1.0655000000e+03 1.0656999512e+03 1.0658000488e+03 1.0659000244e+03 1.0660000000e+03 1.0660999756e+03 1.0663000488e+03 1.0665000000e+03 1.0666999512e+03 1.0668000488e+03 1.0669000244e+03 1.0670000000e+03 1.0670999756e+03 1.0671999512e+03 1.0674000244e+03 1.0675000000e+03 1.0675000000e+03 1.0675999756e+03 1.0675999756e+03 1.0678000488e+03 1.0679000244e+03 1.0679000244e+03 1.0680000000e+03 1.0680999756e+03 1.0681999512e+03 1.0684000244e+03 1.0685000000e+03 1.0685999756e+03 1.0686999512e+03 1.0688000488e+03 1.0690000000e+03 1.0690999756e+03 1.0691999512e+03 1.0693000488e+03 1.0694000244e+03 1.0694000244e+03 1.0693000488e+03 1.0693000488e+03 1.0693000488e+03 1.0695000000e+03
1.0654000244e+03 1.0655000000e+03 1.0655000000e+03 1.0655999756e+03 1.0655999756e+03 1.0656999512e+03 1.0658000488e+03 1.0659000244e+03 1.0660000000e+03 1.0661999512e+03 1.0663000488e+03 1.0664000244e+03 1.0665000000e+03 1.0665999756e+03 1.0669000244e+03 1.0670999756e+03 1.0673000488e+03 1.0675000000e+03 1.0675999756e+03 1.0678000488e+03 1.0679000244e+03 1.0680999756e+03 1.0680999756e+03 1.0680999756e+03 1.0680000000e+03 1.0680000000e+03 1.0680999756e+03 1.0680999756e+03 1.0683000488e+03 1.0685000000e+03 1.0685999756e+03 1.0686999512e+03 1.0686999512e+03 1.0688000488e+03 1.0688000488e+03 1.0690000000e+03 1.0693000488e+03 1.0694000244e+03 1.0694000244e+03 1.0695000000e+03 1.0695000000e+03 1.0695000000e+03 1.0695000000e+03 1.0695000000e+03 1.0695999756e+03 1.0696999512e+03
1.0658000488e+03 1.0658000488e+03 1.0658000488e+03 1.0659000244e+03 1.0659000244e+03 1.0659000244e+03 1.0660000000e+03 1.0660999756e+03 1.0661999512e+03 1.0664000244e+03 1.0665999756e+03 1.0666999512e+03 1.0669000244e+03 1.0670000000e+03 1.0673000488e+03 1.0675000000e+03 1.0676999512e+03 1.0679000244e+03 1.0681999512e+03 1.0685000000e+03 1.0686999512e+03 1.0688000488e+03 1.0688000488e+03 1.0686999512e+03 1.0685999756e+03 1.0685000000e+03 1.0685000000e+03 1.0685999756e+03 1.0686999512e+03 1.0688000488e+03 1.0689000244e+03 1.0690000000e+03 1.0690000000e+03 1.0690000000e+03 1.0690999756e+03 1.0693000488e+03 1.0695000000e+03 1.0696999512e+03 1.0698000488e+03 1.0698000488e+03 1.0696999512e+03 1.0696999512e+03 1.0698000488e+03 1.0698000488e+03 1.0698000488e+03 1.0699000244e+03
1.0660000000e+03 1.0660000000e+03 1.0660000000e+03 1.0660999756e+03 1.0661999512e+03 1.0661999512e+03 1.0661999512e+03 1.0663000488e+03 1.0664000244e+03 1.0665999756e+03 1.0669000244e+03 1.0670999756e+03 1.0673000488e+03 1.0675000000e+03 1.0676999512e+03 1.0679000244e+03 1.0680999756e+03 1.0684000244e+03 1.0688000488e+03 1.0690999756e+03 1.0694000244e+03 1.0695000000e+03 1.0694000244e+03 1.0693000488e+03 1.0691999512e+03 1.0690999756e+03 1.0690000000e+03 1.0690000000e+03 1.0690999756e+03 1.0690999756e+03 1.0691999512e+03 1.0693000488e+03 1.0693000488e+03 1.0693000488e+03 1.0694000244e+03 1.0695999756e+03 1.0698000488e+03 1.0699000244e+03 1.0700999756e+03 1.0700999756e+03 1.0700999756e+03 1.0700999756e+03 1.0700999756e+03 1.0701999512e+03 1.0700999756e+03 1.0700999756e+03
1.0661999512e+03 1.0661999512e+03 1.0661999512e+03 1.0663000488e+03 1.0664000244e+03 1.0664000244e+03 1.0664000244e+03 1.0665000000e+03 1.0666999512e+03 1.0669000244e+03 1.0670999756e+03 1.0674000244e+03 1.0676999512e+03 1.0679000244e+03 1.0680999756e+03 1.0683000488e+03 1.0685000000e+03 1.0688000488e+03 1.0691999512e+03 1.0695999756e+03 1.0699000244e+03 1.0699000244e+03 1.0699000244e+03 1.0698000488e+03 1.0698000488e+03 1.0695999756e+03 1.0695000000e+03 1.0694000244e+03 1.0694000244e+03 1.0694000244e+03 1.0695000000e+03 1.0695999756e+03 1.0696999512e+03 1.0696999512e+03 1.0698000488e+03 1.0699000244e+03 1.0700000000e+03 1.0701999512e+03 1.0703000488e+03 1.0704000244e+03 1.0705000000e+03 1.0705000000e+03 1.0705000000e+03 1.0705000000e+03 1.0705000000e+03 1.0705000000e+03
1.0664000244e+03 1.0664000244e+03 1.0664000244e+03 1.0664000244e+03 1.0665000000e+03 1.0665999756e+03 1.0666999512e+03 1.0668000488e+03 1.0670000000e+03 1.0670999756e+03 1.0674000244e+03 1.0675999756e+03 1.0679000244e+03 1.0680999756e+03 1.0683000488e+03 1.0685000000e+03 1.0688000488e+03 1.0690999756e+03 1.0695999756e+03 1.0700000000e+03 1.0703000488e+03 1.0704000244e+03 1.0703000488e+03 1.0701999512e+03 1.0701999512e+03 1.0700000000e+03 1.0699000244e+03 1.0696999512e+03 1.0696999512e+03 1.0696999512e+03 1.0699000244e+03 1.0700000000e+03 1.0700999756e+03 1.0701999512e+03 1.0701999512e+03 1.0703000488e+03 1.0704000244e+03 1.0705000000e+03 1.0706999512e+03 1.0708000488e+03 1.0709000244e+03 1.0708000488e+03 1.0708000488e+03 1.0708000488e+03 1.0709000244e+03 1.0708000488e+03
1.0665999756e+03 1.0665999756e+03 1.0665999756e+03 1.0666999512e+03 1.0668000488e+03 1.0669000244e+03 1.0670000000e+03 1.0670999756e+03 1.0673000488e+03 1.0674000244e+03 1.0675999756e+03 1.0678000488e+03 1.0680999756e+03 1.0681999512e+03 1.0684000244e+03 1.0685999756e+03 1.0689000244e+03 1.0694000244e+03 1.0698000488e+03 1.0701999512e+03 1.0705999756e+03 1.0706999512e+03 1.0705999756e+03 1.0705999756e+03 1.0705000000e+03 1.0703000488e+03 1.0701999512e+03 1.0700999756e+03 1.0700000000e+03 1.0700999756e+03 1.0701999512e+03 1.0704000244e+03 1.0705999756e+03 1.0705999756e+03 1.0706999512e+03 1.0708000488e+03 1.0709000244e+03 1.0710000000e+03 1.0710999756e+03 1.0711999512e+03 1.0711999512e+03 1.0710999756e+03 1.0710000000e+03 1.0710000000e+03 1.0710999756e+03 1.0710999756e+03
1.0666999512e+03 1.0668000488e+03 1.0669000244e+03 1.0670000000e+03 1.0670999756e+03 1.0671999512e+03 1.0673000488e+03 1.0674000244e+03 1.0675000000e+03 1.0676999512e+03 1.0679000244e+03 1.0680999756e+03 1.0681999512e+03 1.0684000244e+03 1.0685999756e+03 1.0688000488e+03 1.0691999512e+03 1.0695999756e+03 1.0700000000e+03 1.0704000244e+03 1.0705999756e+03 1.0708000488e+03 1.0708000488e+03 1.0708000488e+03 1.0706999512e+03 1.0705999756e+03 1.0705999756e+03 1.0705999756e+03 1.0705000000e+03 1.0705000000e+03 1.0706999512e+03 1.0708000488e+03 1.0709000244e+03 1.0710999756e+03 1.0711999512e+03 1.0713000488e+03 1.0714000244e+03 1.0715000000e+03 1.0715999756e+03 1.0715999756e+03 1.0715999756e+03 1.0715000000e+03 1.0715000000e+03 1.0714000244e+03 1.0714000244e+03 1.0715000000e+03
