DGM_1M_UPPER_AUSTRIA/5/8.asc
NCOLS 100
NROWS 100
XLLCORNER 6.0650500000e+04
YLLCORNER 2.9448850000e+05
CELLSIZE 1.0000000000e+00
NODATA_VALUE -9.9990000000e+03
[rows 20 to 39 of 100, columns 0 to 45 of 100]
7.8950000000e+02 7.8979998779e+02 7.9009997559e+02 7.9040002441e+02 7.9070001221e+02 7.9100000000e+02 7.9120001221e+02 7.9129998779e+02 7.9150000000e+02 7.9179998779e+02 7.9209997559e+02 7.9240002441e+02 7.9259997559e+02 7.9290002441e+02 7.9320001221e+02 7.9340002441e+02 7.9370001221e+02 7.9400000000e+02 7.9429998779e+02 7.9459997559e+02 7.9479998779e+02 7.9500000000e+02 7.9520001221e+02 7.9550000000e+02 7.9570001221e+02 7.9590002441e+02 7.9620001221e+02 7.9640002441e+02 7.9670001221e+02 7.9700000000e+02 7.9720001221e+02 7.9750000000e+02 7.9790002441e+02 7.9820001221e+02 7.9850000000e+02 7.9870001221e+02 7.9900000000e+02 7.9929998779e+02 7.9959997559e+02 7.9990002441e+02 8.0029998779e+02 8.0059997559e+02 8.0079998779e+02 8.0100000000e+02 8.0129998779e+02 8.0159997559e+02
7.8929998779e+02 7.8959997559e+02 7.8990002441e+02 7.9020001221e+02 7.9059997559e+02 7.9079998779e+02 7.9100000000e+02 7.9120001221e+02 7.9150000000e+02 7.9179998779e+02 7.9200000000e+02 7.9220001221e+02 7.9250000000e+02 7.9279998779e+02 7.9300000000e+02 7.9329998779e+02 7.9359997559e+02 7.9390002441e+02 7.9409997559e+02 7.9440002441e+02 7.9459997559e+02 7.9479998779e+02 7.9509997559e+02 7.9540002441e+02 7.9570001221e+02 7.9579998779e+02 7.9600000000e+02 7.9620001221e+02 7.9650000000e+02 7.9670001221e+02 7.9690002441e+02 7.9729998779e+02 7.9770001221e+02 7.9800000000e+02 7.9820001221e+02 7.9840002441e+02 7.9870001221e+02 7.9890002441e+02 7.9929998779e+02 7.9970001221e+02 8.0009997559e+02 8.0029998779e+02 8.0050000000e+02 8.0070001221e+02 8.0090002441e+02 8.0129998779e+02
7.8909997559e+02 7.8940002441e+02 7.8970001221e+02 7.9000000000e+02 7.9040002441e+02 7.9059997559e+02 7.9090002441e+02 7.9109997559e+02 7.9140002441e+02 7.9170001221e+02 7.9190002441e+02 7.9209997559e+02 7.9229998779e+02 7.9259997559e+02 7.9290002441e+02 7.9320001221e+02 7.9350000000e+02 7.9379998779e+02 7.9400000000e+02 7.9420001221e+02 7.9440002441e+02 7.9470001221e+02 7.9500000000e+02 7.9529998779e+02 7.9559997559e+02 7.9570001221e+02 7.9579998779e+02 7.9600000000e+02 7.9629998779e+02 7.9650000000e+02 7.9670001221e+02 7.9709997559e+02 7.9740002441e+02 7.9770001221e+02 7.9790002441e+02 7.9809997559e+02 7.9840002441e+02 7.9859997559e+02 7.9900000000e+02 7.9940002441e+02 7.9970001221e+02 8.0000000000e+02 8.0020001221e+02 8.0040002441e+02 8.0070001221e+02 8.0100000000e+02
7.8890002441e+02 7.8920001221e+02 7.8950000000e+02 7.8979998779e+02 7.9009997559e+02 7.9040002441e+02 7.9070001221e+02 7.9100000000e+02 7.9129998779e+02 7.9150000000e+02 7.9179998779e+02 7.9200000000e+02 7.9220001221e+02 7.9250000000e+02 7.9270001221e+02 7.9290002441e+02 7.9320001221e+02 7.9350000000e+02 7.9370001221e+02 7.9390002441e+02 7.9420001221e+02 7.9459997559e+02 7.9490002441e+02 7.9509997559e+02 7.9540002441e+02 7.9559997559e+02 7.9570001221e+02 7.9590002441e+02 7.9609997559e+02 7.9629998779e+02 7.9659997559e+02 7.9690002441e+02 7.9720001221e+02 7.9740002441e+02 7.9759997559e+02 7.9790002441e+02 7.9820001221e+02 7.9840002441e+02 7.9870001221e+02 7.9909997559e+02 7.9950000000e+02 7.9979998779e+02 8.0000000000e+02 8.0020001221e+02 8.0050000000e+02 8.0079998779e+02
7.8859997559e+02 7.8890002441e+02 7.8920001221e+02 7.8950000000e+02 7.8990002441e+02 7.9020001221e+02 7.9059997559e+02 7.9090002441e+02 7.9120001221e+02 7.9140002441e+02 7.9159997559e+02 7.9190002441e+02 7.9220001221e+02 7.9240002441e+02 7.9250000000e+02 7.9270001221e+02 7.9300000000e+02 7.9320001221e+02 7.9340002441e+02 7.9370001221e+02 7.9409997559e+02 7.9440002441e+02 7.9470001221e+02 7.9490002441e+02 7.9520001221e+02 7.9529998779e+02 7.9550000000e+02 7.9570001221e+02 7.9590002441e+02 7.9620001221e+02 7.9650000000e+02 7.9670001221e+02 7.9700000000e+02 7.9720001221e+02 7.9740002441e+02 7.9759997559e+02 7.9790002441e+02 7.9820001221e+02 7.9850000000e+02 7.9900000000e+02 7.9940002441e+02 7.9959997559e+02 7.9979998779e+02 8.0000000000e+02 8.0029998779e+02 8.0050000000e+02
7.8829998779e+02 7.8859997559e+02 7.8890002441e+02 7.8929998779e+02 7.8959997559e+02 7.9000000000e+02 7.9029998779e+02 7.9070001221e+02 7.9100000000e+02 7.9129998779e+02 7.9150000000e+02 7.9170001221e+02 7.9200000000e+02 7.9229998779e+02 7.9240002441e+02 7.9259997559e+02 7.9279998779e+02 7.9300000000e+02 7.9320001221e+02 7.9350000000e+02 7.9379998779e+02 7.9409997559e+02 7.9450000000e+02 7.9470001221e+02 7.9490002441e+02 7.9509997559e+02 7.9529998779e+02 7.9550000000e+02 7.9579998779e+02 7.9600000000e+02 7.9629998779e+02 7.9659997559e+02 7.9679998779e+02 7.9690002441e+02 7.9720001221e+02 7.9740002441e+02 7.9770001221e+02 7.9809997559e+02 7.9840002441e+02 7.9879998779e+02 7.9920001221e+02 7.9950000000e+02 7.9959997559e+02 7.9979998779e+02 8.0000000000e+02 8.0029998779e+02
7.8790002441e+02 7.8820001221e+02 7.8859997559e+02 7.8890002441e+02 7.8929998779e+02 7.8970001221e+02 7.9009997559e+02 7.9050000000e+02 7.9079998779e+02 7.9109997559e+02 7.9129998779e+02 7.9159997559e+02 7.9179998779e+02 7.9209997559e+02 7.9240002441e+02 7.9259997559e+02 7.9279998779e+02 7.9300000000e+02 7.9309997559e+02 7.9340002441e+02 7.9359997559e+02 7.9390002441e+02 7.9420001221e+02 7.9450000000e+02 7.9470001221e+02 7.9490002441e+02 7.9509997559e+02 7.9540002441e+02 7.9570001221e+02 7.9590002441e+02 7.9609997559e+02 7.9640002441e+02 7.9659997559e+02 7.9679998779e+02 7.9700000000e+02 7.9720001221e+02 7.9750000000e+02 7.9779998779e+02 7.9809997559e+02 7.9850000000e+02 7.9900000000e+02 7.9929998779e+02 7.9940002441e+02 7.9959997559e+02 7.9979998779e+02 8.0000000000e+02
7.8770001221e+02 7.8800000000e+02 7.8829998779e+02 7.8859997559e+02 7.8900000000e+02 7.8940002441e+02 7.8979998779e+02 7.9009997559e+02 7.9050000000e+02 7.9079998779e+02 7.9109997559e+02 7.9140002441e+02 7.9170001221e+02 7.9200000000e+02 7.9229998779e+02 7.9259997559e+02 7.9279998779e+02 7.9290002441e+02 7.9309997559e+02 7.9340002441e+02 7.9359997559e+02 7.9379998779e+02 7.9400000000e+02 7.9429998779e+02 7.9450000000e+02 7.9479998779e+02 7.9500000000e+02 7.9529998779e+02 7.9559997559e+02 7.9579998779e+02 7.9600000000e+02 7.9629998779e+02 7.9650000000e+02 7.9659997559e+02 7.9679998779e+02 7.9709997559e+02 7.9740002441e+02 7.9759997559e+02 7.9790002441e+02 7.9820001221e+02 7.9859997559e+02 7.9900000000e+02 7.9920001221e+02 7.9940002441e+02 7.9959997559e+02 7.9979998779e+02
7.8759997559e+02 7.8790002441e+02 7.8820001221e+02 7.8840002441e+02 7.8879998779e+02 7.8920001221e+02 7.8950000000e+02 7.8990002441e+02 7.9020001221e+02 7.9059997559e+02 7.9090002441e+02 7.9120001221e+02 7.9150000000e+02 7.9190002441e+02 7.9220001221e+02 7.9250000000e+02 7.9279998779e+02 7.9290002441e+02 7.9309997559e+02 7.9329998779e+02 7.9350000000e+02 7.9370001221e+02 7.9390002441e+02 7.9409997559e+02 7.9440002441e+02 7.9470001221e+02 7.9500000000e+02 7.9520001221e+02 7.9550000000e+02 7.9570001221e+02 7.9590002441e+02 7.9620001221e+02 7.9640002441e+02 7.9650000000e+02 7.9670001221e+02 7.9700000000e+02 7.9720001221e+02 7.9750000000e+02 7.9779998779e+02 7.9800000000e+02 7.9829998779e+02 7.9859997559e+02 7.9890002441e+02 7.9909997559e+02 7.9940002441e+02 7.9959997559e+02
7.8750000000e+02 7.8779998779e+02 7.8800000000e+02 7.8829998779e+02 7.8859997559e+02 7.8890002441e+02 7.8929998779e+02 7.8970001221e+02 7.9000000000e+02 7.9040002441e+02 7.9070001221e+02 7.9100000000e+02 7.9129998779e+02 7.9170001221e+02 7.9209997559e+02 7.9240002441e+02 7.9270001221e+02 7.9279998779e+02 7.9300000000e+02 7.9320001221e+02 7.9340002441e+02 7.9359997559e+02 7.9379998779e+02 7.9400000000e+02 7.9429998779e+02 7.9459997559e+02 7.9490002441e+02 7.9509997559e+02 7.9540002441e+02 7.9559997559e+02 7.9579998779e+02 7.9600000000e+02 7.9620001221e+02 7.9640002441e+02 7.9659997559e+02 7.9679998779e+02 7.9709997559e+02 7.9740002441e+02 7.9759997559e+02 7.9790002441e+02 7.9809997559e+02 7.9840002441e+02 7.9859997559e+02 7.9890002441e+02 7.9920001221e+02 7.9940002441e+02
7.8729998779e+02 7.8759997559e+02 7.8790002441e+02 7.8809997559e+02 7.8840002441e+02 7.8879998779e+02 7.8909997559e+02 7.8950000000e+02 7.8990002441e+02 7.9020001221e+02 7.9050000000e+02 7.9079998779e+02 7.9109997559e+02 7.9150000000e+02 7.9190002441e+02 7.9220001221e+02 7.9240002441e+02 7.9270001221e+02 7.9300000000e+02 7.9320001221e+02 7.9329998779e+02 7.9340002441e+02 7.9370001221e+02 7.9400000000e+02 7.9429998779e+02 7.9450000000e+02 7.9479998779e+02 7.9500000000e+02 7.9520001221e+02 7.9550000000e+02 7.9570001221e+02 7.9590002441e+02 7.9600000000e+02 7.9620001221e+02 7.9640002441e+02 7.9670001221e+02 7.9700000000e+02 7.9720001221e+02 7.9750000000e+02 7.9770001221e+02 7.9800000000e+02 7.9820001221e+02 7.9850000000e+02 7.9870001221e+02 7.9900000000e+02 7.9920001221e+02
7.8709997559e+02 7.8740002441e+02 7.8759997559e+02 7.8790002441e+02 7.8829998779e+02 7.8859997559e+02 7.8890002441e+02 7.8929998779e+02 7.8970001221e+02 7.9000000000e+02 7.9040002441e+02 7.9070001221e+02 7.9100000000e+02 7.9129998779e+02 7.9170001221e+02 7.9190002441e+02 7.9220001221e+02 7.9250000000e+02 7.9290002441e+02 7.9309997559e+02 7.9320001221e+02 7.9329998779e+02 7.9359997559e+02 7.9390002441e+02 7.9420001221e+02 7.9440002441e+02 7.9459997559e+02 7.9490002441e+02 7.9509997559e+02 7.9529998779e+02 7.9550000000e+02 7.9579998779e+02 7.9590002441e+02 7.9609997559e+02 7.9629998779e+02 7.9650000000e+02 7.9679998779e+02 7.9709997559e+02 7.9740002441e+02 7.9759997559e+02 7.9790002441e+02 7.9809997559e+02 7.9840002441e+02 7.9859997559e+02 7.9879998779e+02 7.9900000000e+02
7.8679998779e+02 7.8720001221e+02 7.8750000000e+02 7.8779998779e+02 7.8809997559e+02 7.8840002441e+02 7.8870001221e+02 7.8909997559e+02 7.8950000000e+02 7.8990002441e+02 7.9020001221e+02 7.9050000000e+02 7.9079998779e+02 7.9120001221e+02 7.9150000000e+02 7.9170001221e+02 7.9200000000e+02 7.9240002441e+02 7.9279998779e+02 7.9300000000e+02 7.9309997559e+02 7.9320001221e+02 7.9350000000e+02 7.9379998779e+02 7.9409997559e+02 7.9429998779e+02 7.9450000000e+02 7.9470001221e+02 7.9500000000e+02 7.9520001221e+02 7.9540002441e+02 7.9570001221e+02 7.9590002441e+02 7.9609997559e+02 7.9620001221e+02 7.9640002441e+02 7.9670001221e+02 7.9690002441e+02 7.9720001221e+02 7.9750000000e+02 7.9779998779e+02 7.9800000000e+02 7.9820001221e+02 7.9850000000e+02 7.9870001221e+02 7.9890002441e+02
7.8670001221e+02 7.8700000000e+02 7.8729998779e+02 7.8759997559e+02 7.8790002441e+02 7.8820001221e+02 7.8859997559e+02 7.8900000000e+02 7.8940002441e+02 7.8979998779e+02 7.9009997559e+02 7.9029998779e+02 7.9070001221e+02 7.9100000000e+02 7.9140002441e+02 7.9159997559e+02 7.9190002441e+02 7.9220001221e+02 7.9259997559e+02 7.9279998779e+02 7.9300000000e+02 7.9320001221e+02 7.9340002441e+02 7.9370001221e+02 7.9400000000e+02 7.9420001221e+02 7.9429998779e+02 7.9450000000e+02 7.9479998779e+02 7.9500000000e+02 7.9540002441e+02 7.9559997559e+02 7.9590002441e+02 7.9609997559e+02 7.9620001221e+02 7.9640002441e+02 7.9659997559e+02 7.9679998779e+02 7.9709997559e+02 7.9740002441e+02 7.9770001221e+02 7.9790002441e+02 7.9809997559e+02 7.9840002441e+02 7.9859997559e+02 7.9879998779e+02
7.8659997559e+02 7.8679998779e+02 7.8709997559e+02 7.8740002441e+02 7.8779998779e+02 7.8809997559e+02 7.8840002441e+02 7.8879998779e+02 7.8920001221e+02 7.8959997559e+02 7.8990002441e+02 7.9020001221e+02 7.9050000000e+02 7.9079998779e+02 7.9120001221e+02 7.9140002441e+02 7.9170001221e+02 7.9200000000e+02 7.9229998779e+02 7.9270001221e+02 7.9279998779e+02 7.9300000000e+02 7.9329998779e+02 7.9359997559e+02 7.9390002441e+02 7.9409997559e+02 7.9420001221e+02 7.9429998779e+02 7.9459997559e+02 7.9490002441e+02 7.9529998779e+02 7.9559997559e+02 7.9590002441e+02 7.9609997559e+02 7.9620001221e+02 7.9629998779e+02 7.9650000000e+02 7.9670001221e+02 7.9700000000e+02 7.9729998779e+02 7.9759997559e+02 7.9779998779e+02 7.9800000000e+02 7.9829998779e+02 7.9850000000e+02 7.9870001221e+02
7.8650000000e+02 7.8679998779e+02 7.8700000000e+02 7.8729998779e+02 7.8759997559e+02 7.8790002441e+02 7.8820001221e+02 7.8859997559e+02 7.8900000000e+02 7.8950000000e+02 7.8979998779e+02 7.9009997559e+02 7.9040002441e+02 7.9059997559e+02 7.9090002441e+02 7.9120001221e+02 7.9150000000e+02 7.9170001221e+02 7.9209997559e+02 7.9240002441e+02 7.9259997559e+02 7.9290002441e+02 7.9320001221e+02 7.9350000000e+02 7.9379998779e+02 7.9400000000e+02 7.9409997559e+02 7.9420001221e+02 7.9440002441e+02 7.9470001221e+02 7.9509997559e+02 7.9540002441e+02 7.9579998779e+02 7.9600000000e+02 7.9620001221e+02 7.9629998779e+02 7.9640002441e+02 7.9659997559e+02 7.9679998779e+02 7.9709997559e+02 7.9740002441e+02 7.9770001221e+02 7.9790002441e+02 7.9820001221e+02 7.9840002441e+02 7.9859997559e+02
7.8629998779e+02 7.8659997559e+02 7.8690002441e+02 7.8720001221e+02 7.8759997559e+02 7.8790002441e+02 7.8820001221e+02 7.8850000000e+02 7.8890002441e+02 7.8929998779e+02 7.8970001221e+02 7.9009997559e+02 7.9029998779e+02 7.9040002441e+02 7.9070001221e+02 7.9090002441e+02 7.9129998779e+02 7.9159997559e+02 7.9190002441e+02 7.9220001221e+02 7.9250000000e+02 7.9279998779e+02 7.9300000000e+02 7.9329998779e+02 7.9359997559e+02 7.9379998779e+02 7.9400000000e+02 7.9409997559e+02 7.9429998779e+02 7.9459997559e+02 7.9490002441e+02 7.9529998779e+02 7.9559997559e+02 7.9590002441e+02 7.9609997559e+02 7.9620001221e+02 7.9640002441e+02 7.9650000000e+02 7.9670001221e+02 7.9690002441e+02 7.9729998779e+02 7.9750000000e+02 7.9779998779e+02 7.9800000000e+02 7.9829998779e+02 7.9850000000e+02
7.8609997559e+02 7.8640002441e+02 7.8679998779e+02 7.8720001221e+02 7.8750000000e+02 7.8779998779e+02 7.8809997559e+02 7.8840002441e+02 7.8870001221e+02 7.8920001221e+02 7.8959997559e+02 7.9000000000e+02 7.9020001221e+02 7.9029998779e+02 7.9050000000e+02 7.9079998779e+02 7.9109997559e+02 7.9140002441e+02 7.9170001221e+02 7.9209997559e+02 7.9240002441e+02 7.9259997559e+02 7.9290002441e+02 7.9309997559e+02 7.9340002441e+02 7.9359997559e+02 7.9379998779e+02 7.9390002441e+02 7.9409997559e+02 7.9440002441e+02 7.9470001221e+02 7.9509997559e+02 7.9540002441e+02 7.9570001221e+02 7.9590002441e+02 7.9609997559e+02 7.9629998779e+02 7.9640002441e+02 7.9659997559e+02 7.9679998779e+02 7.9709997559e+02 7.9740002441e+02 7.9759997559e+02 7.9790002441e+02 7.9809997559e+02 7.9840002441e+02
7.8590002441e+02 7.8620001221e+02 7.8670001221e+02 7.8709997559e+02 7.8750000000e+02 7.8779998779e+02 7.8809997559e+02 7.8829998779e+02 7.8859997559e+02 7.8900000000e+02 7.8950000000e+02 7.8990002441e+02 7.9009997559e+02 7.9020001221e+02 7.9040002441e+02 7.9070001221e+02 7.9100000000e+02 7.9129998779e+02 7.9159997559e+02 7.9200000000e+02 7.9229998779e+02 7.9259997559e+02 7.9279998779e+02 7.9309997559e+02 7.9329998779e+02 7.9350000000e+02 7.9370001221e+02 7.9390002441e+02 7.9400000000e+02 7.9420001221e+02 7.9459997559e+02 7.9490002441e+02 7.9520001221e+02 7.9550000000e+02 7.9570001221e+02 7.9600000000e+02 7.9620001221e+02 7.9640002441e+02 7.9650000000e+02 7.9670001221e+02 7.9700000000e+02 7.9720001221e+02 7.9750000000e+02 7.9770001221e+02 7.9800000000e+02 7.9820001221e+02
7.8579998779e+02 7.8609997559e+02 7.8640002441e+02 7.8679998779e+02 7.8729998779e+02 7.8770001221e+02 7.8790002441e+02 7.8809997559e+02 7.8840002441e+02 7.8890002441e+02 7.8940002441e+02 7.8979998779e+02 7.9000000000e+02 7.9009997559e+02 7.9029998779e+02 7.9059997559e+02 7.9100000000e+02 7.9129998779e+02 7.9159997559e+02 7.9190002441e+02 7.9220001221e+02 7.9250000000e+02 7.9279998779e+02 7.9300000000e+02 7.9329998779e+02 7.9350000000e+02 7.9370001221e+02 7.9390002441e+02 7.9390002441e+02 7.9409997559e+02 7.9440002441e+02 7.9470001221e+02 7.9509997559e+02 7.9540002441e+02 7.9559997559e+02 7.9579998779e+02 7.9600000000e+02 7.9620001221e+02 7.9640002441e+02 7.9659997559e+02 7.9690002441e+02 7.9709997559e+02 7.9740002441e+02 7.9759997559e+02 7.9790002441e+02 7.9800000000e+02
