DGM_1M_UPPER_AUSTRIA/5/8.asc
NCOLS 100
NROWS 100
XLLCORNER 6.0650500000e+04
YLLCORNER 2.9448850000e+05
CELLSIZE 1.0000000000e+00
NODATA_VALUE -9.9990000000e+03
[rows 0 to 19 of 100, columns 46 to 91 of 100]
8.0929998779e+02 8.0970001221e+02 8.1020001221e+02 8.1079998779e+02 8.1140002441e+02 8.1200000000e+02 8.1250000000e+02 8.1300000000e+02 8.1350000000e+02 8.1390002441e+02 8.1429998779e+02 8.1479998779e+02 8.1520001221e+02 8.1570001221e+02 8.1620001221e+02 8.1690002441e+02 8.1759997559e+02 8.1840002441e+02 8.1929998779e+02 8.2009997559e+02 8.2079998779e+02 8.2129998779e+02 8.2170001221e+02 8.2209997559e+02 8.2250000000e+02 8.2290002441e+02 8.2340002441e+02 8.2379998779e+02 8.2409997559e+02 8.2440002441e+02 8.2470001221e+02 8.2490002441e+02 8.2500000000e+02 8.2509997559e+02 8.2520001221e+02 8.2540002441e+02 8.2570001221e+02 8.2620001221e+02 8.2659997559e+02 8.2690002441e+02 8.2709997559e+02 8.2720001221e+02 8.2740002441e+02 8.2759997559e+02 8.2779998779e+02 8.2790002441e+02
8.0890002441e+02 8.0929998779e+02 8.0979998779e+02 8.1029998779e+02 8.1090002441e+02 8.1150000000e+02 8.1200000000e+02 8.1250000000e+02 8.1300000000e+02 8.1340002441e+02 8.1379998779e+02 8.1429998779e+02 8.1470001221e+02 8.1520001221e+02 8.1579998779e+02 8.1640002441e+02 8.1709997559e+02 8.1779998779e+02 8.1870001221e+02 8.1940002441e+02 8.2009997559e+02 8.2070001221e+02 8.2109997559e+02 8.2150000000e+02 8.2190002441e+02 8.2240002441e+02 8.2290002441e+02 8.2340002441e+02 8.2379998779e+02 8.2400000000e+02 8.2420001221e+02 8.2440002441e+02 8.2450000000e+02 8.2470001221e+02 8.2479998779e+02 8.2490002441e+02 8.2509997559e+02 8.2559997559e+02 8.2600000000e+02 8.2640002441e+02 8.2659997559e+02 8.2679998779e+02 8.2690002441e+02 8.2720001221e+02 8.2750000000e+02 8.2759997559e+02
8.0850000000e+02 8.0890002441e+02 8.0929998779e+02 8.0990002441e+02 8.1050000000e+02 8.1100000000e+02 8.1150000000e+02 8.1200000000e+02 8.1250000000e+02 8.1290002441e+02 8.1329998779e+02 8.1379998779e+02 8.1429998779e+02 8.1479998779e+02 8.1529998779e+02 8.1600000000e+02 8.1659997559e+02 8.1729998779e+02 8.1809997559e+02 8.1879998779e+02 8.1940002441e+02 8.2000000000e+02 8.2050000000e+02 8.2100000000e+02 8.2140002441e+02 8.2190002441e+02 8.2240002441e+02 8.2290002441e+02 8.2320001221e+02 8.2340002441e+02 8.2370001221e+02 8.2390002441e+02 8.2409997559e+02 8.2420001221e+02 8.2440002441e+02 8.2450000000e+02 8.2459997559e+02 8.2490002441e+02 8.2529998779e+02 8.2570001221e+02 8.2600000000e+02 8.2620001221e+02 8.2640002441e+02 8.2659997559e+02 8.2690002441e+02 8.2720001221e+02
8.0809997559e+02 8.0850000000e+02 8.0890002441e+02 8.0940002441e+02 8.0990002441e+02 8.1040002441e+02 8.1100000000e+02 8.1150000000e+02 8.1200000000e+02 8.1240002441e+02 8.1270001221e+02 8.1329998779e+02 8.1390002441e+02 8.1440002441e+02 8.1500000000e+02 8.1550000000e+02 8.1609997559e+02 8.1670001221e+02 8.1740002441e+02 8.1809997559e+02 8.1870001221e+02 8.1929998779e+02 8.1990002441e+02 8.2040002441e+02 8.2090002441e+02 8.2140002441e+02 8.2179998779e+02 8.2220001221e+02 8.2240002441e+02 8.2270001221e+02 8.2300000000e+02 8.2329998779e+02 8.2350000000e+02 8.2370001221e+02 8.2390002441e+02 8.2409997559e+02 8.2409997559e+02 8.2429998779e+02 8.2459997559e+02 8.2500000000e+02 8.2540002441e+02 8.2559997559e+02 8.2579998779e+02 8.2600000000e+02 8.2629998779e+02 8.2659997559e+02
8.0770001221e+02 8.0809997559e+02 8.0850000000e+02 8.0900000000e+02 8.0950000000e+02 8.0990002441e+02 8.1040002441e+02 8.1100000000e+02 8.1140002441e+02 8.1179998779e+02 8.1220001221e+02 8.1270001221e+02 8.1340002441e+02 8.1390002441e+02 8.1450000000e+02 8.1509997559e+02 8.1570001221e+02 8.1620001221e+02 8.1679998779e+02 8.1750000000e+02 8.1809997559e+02 8.1870001221e+02 8.1920001221e+02 8.1979998779e+02 8.2020001221e+02 8.2070001221e+02 8.2109997559e+02 8.2150000000e+02 8.2179998779e+02 8.2209997559e+02 8.2240002441e+02 8.2270001221e+02 8.2300000000e+02 8.2320001221e+02 8.2340002441e+02 8.2359997559e+02 8.2370001221e+02 8.2379998779e+02 8.2400000000e+02 8.2440002441e+02 8.2479998779e+02 8.2500000000e+02 8.2520001221e+02 8.2540002441e+02 8.2570001221e+02 8.2600000000e+02
8.0729998779e+02 8.0770001221e+02 8.0809997559e+02 8.0859997559e+02 8.0900000000e+02 8.0940002441e+02 8.0990002441e+02 8.1050000000e+02 8.1090002441e+02 8.1129998779e+02 8.1170001221e+02 8.1220001221e+02 8.1270001221e+02 8.1329998779e+02 8.1390002441e+02 8.1450000000e+02 8.1509997559e+02 8.1570001221e+02 8.1640002441e+02 8.1690002441e+02 8.1750000000e+02 8.1809997559e+02 8.1859997559e+02 8.1920001221e+02 8.1959997559e+02 8.2009997559e+02 8.2050000000e+02 8.2090002441e+02 8.2120001221e+02 8.2159997559e+02 8.2190002441e+02 8.2220001221e+02 8.2240002441e+02 8.2259997559e+02 8.2279998779e+02 8.2290002441e+02 8.2309997559e+02 8.2329998779e+02 8.2350000000e+02 8.2379998779e+02 8.2420001221e+02 8.2450000000e+02 8.2470001221e+02 8.2490002441e+02 8.2520001221e+02 8.2540002441e+02
8.0690002441e+02 8.0729998779e+02 8.0779998779e+02 8.0820001221e+02 8.0859997559e+02 8.0900000000e+02 8.0950000000e+02 8.1000000000e+02 8.1050000000e+02 8.1090002441e+02 8.1120001221e+02 8.1159997559e+02 8.1209997559e+02 8.1270001221e+02 8.1320001221e+02 8.1390002441e+02 8.1459997559e+02 8.1520001221e+02 8.1590002441e+02 8.1640002441e+02 8.1690002441e+02 8.1750000000e+02 8.1809997559e+02 8.1859997559e+02 8.1909997559e+02 8.1950000000e+02 8.2000000000e+02 8.2040002441e+02 8.2079998779e+02 8.2109997559e+02 8.2140002441e+02 8.2159997559e+02 8.2179998779e+02 8.2200000000e+02 8.2209997559e+02 8.2229998779e+02 8.2250000000e+02 8.2270001221e+02 8.2300000000e+02 8.2329998779e+02 8.2370001221e+02 8.2400000000e+02 8.2429998779e+02 8.2459997559e+02 8.2490002441e+02 8.2500000000e+02
8.0659997559e+02 8.0700000000e+02 8.0740002441e+02 8.0779998779e+02 8.0829998779e+02 8.0870001221e+02 8.0920001221e+02 8.0970001221e+02 8.1020001221e+02 8.1050000000e+02 8.1090002441e+02 8.1129998779e+02 8.1170001221e+02 8.1220001221e+02 8.1259997559e+02 8.1320001221e+02 8.1390002441e+02 8.1459997559e+02 8.1529998779e+02 8.1590002441e+02 8.1640002441e+02 8.1690002441e+02 8.1740002441e+02 8.1800000000e+02 8.1859997559e+02 8.1909997559e+02 8.1959997559e+02 8.2000000000e+02 8.2040002441e+02 8.2059997559e+02 8.2090002441e+02 8.2109997559e+02 8.2120001221e+02 8.2129998779e+02 8.2150000000e+02 8.2170001221e+02 8.2190002441e+02 8.2220001221e+02 8.2250000000e+02 8.2279998779e+02 8.2320001221e+02 8.2350000000e+02 8.2379998779e+02 8.2420001221e+02 8.2459997559e+02 8.2470001221e+02
8.0629998779e+02 8.0670001221e+02 8.0700000000e+02 8.0750000000e+02 8.0800000000e+02 8.0840002441e+02 8.0890002441e+02 8.0950000000e+02 8.0990002441e+02 8.1029998779e+02 8.1050000000e+02 8.1090002441e+02 8.1140002441e+02 8.1179998779e+02 8.1220001221e+02 8.1259997559e+02 8.1329998779e+02 8.1400000000e+02 8.1459997559e+02 8.1520001221e+02 8.1579998779e+02 8.1620001221e+02 8.1670001221e+02 8.1720001221e+02 8.1790002441e+02 8.1859997559e+02 8.1929998779e+02 8.1970001221e+02 8.2000000000e+02 8.2020001221e+02 8.2029998779e+02 8.2040002441e+02 8.2050000000e+02 8.2070001221e+02 8.2079998779e+02 8.2100000000e+02 8.2129998779e+02 8.2159997559e+02 8.2190002441e+02 8.2220001221e+02 8.2259997559e+02 8.2290002441e+02 8.2320001221e+02 8.2359997559e+02 8.2400000000e+02 8.2429998779e+02
8.0600000000e+02 8.0629998779e+02 8.0659997559e+02 8.0709997559e+02 8.0759997559e+02 8.0809997559e+02 8.0859997559e+02 8.0909997559e+02 8.0959997559e+02 8.0990002441e+02 8.1009997559e+02 8.1050000000e+02 8.1100000000e+02 8.1140002441e+02 8.1170001221e+02 8.1209997559e+02 8.1279998779e+02 8.1340002441e+02 8.1400000000e+02 8.1450000000e+02 8.1500000000e+02 8.1550000000e+02 8.1600000000e+02 8.1640002441e+02 8.1709997559e+02 8.1790002441e+02 8.1870001221e+02 8.1929998779e+02 8.1959997559e+02 8.1970001221e+02 8.1970001221e+02 8.1970001221e+02 8.1979998779e+02 8.1990002441e+02 8.2009997559e+02 8.2040002441e+02 8.2070001221e+02 8.2100000000e+02 8.2120001221e+02 8.2150000000e+02 8.2179998779e+02 8.2209997559e+02 8.2250000000e+02 8.2290002441e+02 8.2340002441e+02 8.2379998779e+02
8.0570001221e+02 8.0590002441e+02 8.0620001221e+02 8.0659997559e+02 8.0709997559e+02 8.0759997559e+02 8.0820001221e+02 8.0870001221e+02 8.0909997559e+02 8.0940002441e+02 8.0970001221e+02 8.1000000000e+02 8.1040002441e+02 8.1079998779e+02 8.1120001221e+02 8.1170001221e+02 8.1220001221e+02 8.1279998779e+02 8.1329998779e+02 8.1379998779e+02 8.1429998779e+02 8.1479998779e+02 8.1529998779e+02 8.1570001221e+02 8.1629998779e+02 8.1700000000e+02 8.1779998779e+02 8.1859997559e+02 8.1900000000e+02 8.1900000000e+02 8.1890002441e+02 8.1890002441e+02 8.1900000000e+02 8.1920001221e+02 8.1940002441e+02 8.1979998779e+02 8.2009997559e+02 8.2029998779e+02 8.2050000000e+02 8.2079998779e+02 8.2109997559e+02 8.2140002441e+02 8.2179998779e+02 8.2229998779e+02 8.2270001221e+02 8.2320001221e+02
8.0520001221e+02 8.0550000000e+02 8.0579998779e+02 8.0620001221e+02 8.0659997559e+02 8.0720001221e+02 8.0779998779e+02 8.0829998779e+02 8.0859997559e+02 8.0900000000e+02 8.0929998779e+02 8.0959997559e+02 8.0990002441e+02 8.1020001221e+02 8.1070001221e+02 8.1109997559e+02 8.1159997559e+02 8.1220001221e+02 8.1270001221e+02 8.1309997559e+02 8.1359997559e+02 8.1409997559e+02 8.1459997559e+02 8.1500000000e+02 8.1550000000e+02 8.1609997559e+02 8.1700000000e+02 8.1779998779e+02 8.1809997559e+02 8.1809997559e+02 8.1800000000e+02 8.1809997559e+02 8.1820001221e+02 8.1840002441e+02 8.1879998779e+02 8.1920001221e+02 8.1950000000e+02 8.1979998779e+02 8.2000000000e+02 8.2020001221e+02 8.2050000000e+02 8.2090002441e+02 8.2120001221e+02 8.2159997559e+02 8.2209997559e+02 8.2250000000e+02
8.0470001221e+02 8.0500000000e+02 8.0529998779e+02 8.0570001221e+02 8.0620001221e+02 8.0679998779e+02 8.0729998779e+02 8.0779998779e+02 8.0820001221e+02 8.0859997559e+02 8.0890002441e+02 8.0920001221e+02 8.0950000000e+02 8.0979998779e+02 8.1020001221e+02 8.1059997559e+02 8.1120001221e+02 8.1170001221e+02 8.1209997559e+02 8.1240002441e+02 8.1279998779e+02 8.1329998779e+02 8.1379998779e+02 8.1429998779e+02 8.1479998779e+02 8.1520001221e+02 8.1590002441e+02 8.1650000000e+02 8.1709997559e+02 8.1720001221e+02 8.1720001221e+02 8.1720001221e+02 8.1740002441e+02 8.1770001221e+02 8.1809997559e+02 8.1850000000e+02 8.1890002441e+02 8.1920001221e+02 8.1940002441e+02 8.1970001221e+02 8.2000000000e+02 8.2040002441e+02 8.2070001221e+02 8.2100000000e+02 8.2140002441e+02 8.2179998779e+02
8.0420001221e+02 8.0459997559e+02 8.0490002441e+02 8.0529998779e+02 8.0579998779e+02 8.0629998779e+02 8.0679998779e+02 8.0729998779e+02 8.0770001221e+02 8.0809997559e+02 8.0850000000e+02 8.0890002441e+02 8.0920001221e+02 8.0940002441e+02 8.0979998779e+02 8.1020001221e+02 8.1070001221e+02 8.1109997559e+02 8.1150000000e+02 8.1179998779e+02 8.1220001221e+02 8.1259997559e+02 8.1300000000e+02 8.1350000000e+02 8.1400000000e+02 8.1450000000e+02 8.1490002441e+02 8.1529998779e+02 8.1590002441e+02 8.1620001221e+02 8.1629998779e+02 8.1640002441e+02 8.1670001221e+02 8.1700000000e+02 8.1740002441e+02 8.1790002441e+02 8.1820001221e+02 8.1850000000e+02 8.1879998779e+02 8.1909997559e+02 8.1950000000e+02 8.1990002441e+02 8.2029998779e+02 8.2050000000e+02 8.2079998779e+02 8.2120001221e+02
8.0379998779e+02 8.0420001221e+02 8.0450000000e+02 8.0479998779e+02 8.0529998779e+02 8.0579998779e+02 8.0629998779e+02 8.0670001221e+02 8.0709997559e+02 8.0759997559e+02 8.0800000000e+02 8.0840002441e+02 8.0870001221e+02 8.0900000000e+02 8.0929998779e+02 8.0970001221e+02 8.1020001221e+02 8.1059997559e+02 8.1090002441e+02 8.1129998779e+02 8.1170001221e+02 8.1209997559e+02 8.1250000000e+02 8.1290002441e+02 8.1329998779e+02 8.1370001221e+02 8.1409997559e+02 8.1450000000e+02 8.1490002441e+02 8.1529998779e+02 8.1559997559e+02 8.1579998779e+02 8.1609997559e+02 8.1650000000e+02 8.1679998779e+02 8.1729998779e+02 8.1759997559e+02 8.1790002441e+02 8.1820001221e+02 8.1850000000e+02 8.1890002441e+02 8.1950000000e+02 8.2000000000e+02 8.2020001221e+02 8.2040002441e+02 8.2070001221e+02
8.0329998779e+02 8.0379998779e+02 8.0409997559e+02 8.0450000000e+02 8.0490002441e+02 8.0540002441e+02 8.0579998779e+02 8.0620001221e+02 8.0670001221e+02 8.0709997559e+02 8.0740002441e+02 8.0779998779e+02 8.0820001221e+02 8.0850000000e+02 8.0879998779e+02 8.0929998779e+02 8.0970001221e+02 8.1009997559e+02 8.1040002441e+02 8.1070001221e+02 8.1120001221e+02 8.1159997559e+02 8.1200000000e+02 8.1229998779e+02 8.1270001221e+02 8.1309997559e+02 8.1350000000e+02 8.1390002441e+02 8.1429998779e+02 8.1479998779e+02 8.1509997559e+02 8.1540002441e+02 8.1570001221e+02 8.1590002441e+02 8.1629998779e+02 8.1670001221e+02 8.1709997559e+02 8.1740002441e+02 8.1770001221e+02 8.1809997559e+02 8.1850000000e+02 8.1909997559e+02 8.1959997559e+02 8.1990002441e+02 8.2009997559e+02 8.2040002441e+02
8.0300000000e+02 8.0340002441e+02 8.0379998779e+02 8.0429998779e+02 8.0470001221e+02 8.0509997559e+02 8.0540002441e+02 8.0579998779e+02 8.0620001221e+02 8.0659997559e+02 8.0690002441e+02 8.0729998779e+02 8.0770001221e+02 8.0800000000e+02 8.0840002441e+02 8.0890002441e+02 8.0940002441e+02 8.0979998779e+02 8.1000000000e+02 8.1029998779e+02 8.1070001221e+02 8.1109997559e+02 8.1150000000e+02 8.1190002441e+02 8.1220001221e+02 8.1259997559e+02 8.1290002441e+02 8.1329998779e+02 8.1379998779e+02 8.1429998779e+02 8.1470001221e+02 8.1500000000e+02 8.1529998779e+02 8.1550000000e+02 8.1579998779e+02 8.1620001221e+02 8.1650000000e+02 8.1690002441e+02 8.1720001221e+02 8.1759997559e+02 8.1809997559e+02 8.1870001221e+02 8.1920001221e+02 8.1950000000e+02 8.1970001221e+02 8.2000000000e+02
8.0279998779e+02 8.0320001221e+02 8.0359997559e+02 8.0400000000e+02 8.0450000000e+02 8.0490002441e+02 8.0520001221e+02 8.0559997559e+02 8.0600000000e+02 8.0629998779e+02 8.0650000000e+02 8.0679998779e+02 8.0720001221e+02 8.0770001221e+02 8.0809997559e+02 8.0859997559e+02 8.0909997559e+02 8.0940002441e+02 8.0970001221e+02 8.1000000000e+02 8.1029998779e+02 8.1059997559e+02 8.1100000000e+02 8.1140002441e+02 8.1179998779e+02 8.1209997559e+02 8.1240002441e+02 8.1279998779e+02 8.1320001221e+02 8.1370001221e+02 8.1409997559e+02 8.1450000000e+02 8.1479998779e+02 8.1509997559e+02 8.1540002441e+02 8.1559997559e+02 8.1590002441e+02 8.1629998779e+02 8.1670001221e+02 8.1720001221e+02 8.1770001221e+02 8.1829998779e+02 8.1870001221e+02 8.1909997559e+02 8.1929998779e+02 8.1959997559e+02
8.0259997559e+02 8.0300000000e+02 8.0329998779e+02 8.0370001221e+02 8.0420001221e+02 8.0459997559e+02 8.0500000000e+02 8.0529998779e+02 8.0570001221e+02 8.0609997559e+02 8.0629998779e+02 8.0650000000e+02 8.0679998779e+02 8.0729998779e+02 8.0770001221e+02 8.0820001221e+02 8.0859997559e+02 8.0900000000e+02 8.0929998779e+02 8.0959997559e+02 8.0990002441e+02 8.1020001221e+02 8.1059997559e+02 8.1100000000e+02 8.1140002441e+02 8.1170001221e+02 8.1200000000e+02 8.1229998779e+02 8.1270001221e+02 8.1309997559e+02 8.1359997559e+02 8.1400000000e+02 8.1429998779e+02 8.1470001221e+02 8.1490002441e+02 8.1509997559e+02 8.1540002441e+02 8.1579998779e+02 8.1629998779e+02 8.1679998779e+02 8.1729998779e+02 8.1779998779e+02 8.1829998779e+02 8.1870001221e+02 8.1900000000e+02 8.1920001221e+02
8.0229998779e+02 8.0270001221e+02 8.0300000000e+02 8.0340002441e+02 8.0379998779e+02 8.0420001221e+02 8.0459997559e+02 8.0500000000e+02 8.0540002441e+02 8.0570001221e+02 8.0600000000e+02 8.0620001221e+02 8.0650000000e+02 8.0690002441e+02 8.0740002441e+02 8.0779998779e+02 8.0820001221e+02 8.0850000000e+02 8.0879998779e+02 8.0920001221e+02 8.0950000000e+02 8.0979998779e+02 8.1020001221e+02 8.1059997559e+02 8.1100000000e+02 8.1129998779e+02 8.1159997559e+02 8.1179998779e+02 8.1220001221e+02 8.1259997559e+02 8.1309997559e+02 8.1340002441e+02 8.1379998779e+02 8.1420001221e+02 8.1450000000e+02 8.1470001221e+02 8.1500000000e+02 8.1540002441e+02 8.1600000000e+02 8.1650000000e+02 8.1700000000e+02 8.1750000000e+02 8.1790002441e+02 8.1840002441e+02 8.1870001221e+02 8.1900000000e+02
