DGM_1M_UPPER_AUSTRIA/27/0.asc
NCOLS 100
NROWS 100
XLLCORNER 6.2850500000e+04
YLLCORNER 2.9528850000e+05
CELLSIZE 1.0000000000e+00
NODATA_VALUE -9.9990000000e+03
[rows 0 to 19 of 100, columns 0 to 45 of 100]
6.1420001221e+02 6.1440002441e+02 6.1450000000e+02 6.1500000000e+02 6.1570001221e+02 6.1640002441e+02 6.1709997559e+02 6.1750000000e+02 6.1790002441e+02 6.1820001221e+02 6.1859997559e+02 6.1900000000e+02 6.1940002441e+02 6.1979998779e+02 6.2029998779e+02 6.2070001221e+02 6.2100000000e+02 6.2129998779e+02 6.2170001221e+02 6.2200000000e+02 6.2229998779e+02 6.2270001221e+02 6.2300000000e+02 6.2329998779e+02 6.2359997559e+02 6.2400000000e+02 6.2440002441e+02 6.2479998779e+02 6.2509997559e+02 6.2529998779e+02 6.2570001221e+02 6.2600000000e+02 6.2629998779e+02 6.2670001221e+02 6.2700000000e+02 6.2740002441e+02 6.2770001221e+02 6.2800000000e+02 6.2829998779e+02 6.2859997559e+02 6.2879998779e+02 6.2909997559e+02 6.2940002441e+02 6.2970001221e+02 6.3009997559e+02 6.3029998779e+02
6.1420001221e+02 6.1440002441e+02 6.1490002441e+02 6.1550000000e+02 6.1629998779e+02 6.1700000000e+02 6.1750000000e+02 6.1800000000e+02 6.1829998779e+02 6.1859997559e+02 6.1890002441e+02 6.1920001221e+02 6.1970001221e+02 6.2009997559e+02 6.2050000000e+02 6.2090002441e+02 6.2120001221e+02 6.2159997559e+02 6.2179998779e+02 6.2209997559e+02 6.2250000000e+02 6.2290002441e+02 6.2320001221e+02 6.2359997559e+02 6.2390002441e+02 6.2420001221e+02 6.2470001221e+02 6.2500000000e+02 6.2529998779e+02 6.2559997559e+02 6.2590002441e+02 6.2629998779e+02 6.2659997559e+02 6.2700000000e+02 6.2729998779e+02 6.2759997559e+02 6.2790002441e+02 6.2829998779e+02 6.2859997559e+02 6.2890002441e+02 6.2909997559e+02 6.2940002441e+02 6.2979998779e+02 6.3020001221e+02 6.3050000000e+02 6.3079998779e+02
6.1429998779e+02 6.1479998779e+02 6.1550000000e+02 6.1629998779e+02 6.1700000000e+02 6.1750000000e+02 6.1790002441e+02 6.1829998779e+02 6.1859997559e+02 6.1900000000e+02 6.1929998779e+02 6.1959997559e+02 6.2000000000e+02 6.2040002441e+02 6.2079998779e+02 6.2120001221e+02 6.2150000000e+02 6.2179998779e+02 6.2209997559e+02 6.2240002441e+02 6.2270001221e+02 6.2309997559e+02 6.2350000000e+02 6.2379998779e+02 6.2420001221e+02 6.2450000000e+02 6.2490002441e+02 6.2520001221e+02 6.2559997559e+02 6.2590002441e+02 6.2620001221e+02 6.2659997559e+02 6.2690002441e+02 6.2729998779e+02 6.2759997559e+02 6.2790002441e+02 6.2829998779e+02 6.2870001221e+02 6.2900000000e+02 6.2929998779e+02 6.2950000000e+02 6.2990002441e+02 6.3020001221e+02 6.3059997559e+02 6.3090002441e+02 6.3120001221e+02
6.1479998779e+02 6.1540002441e+02 6.1620001221e+02 6.1690002441e+02 6.1740002441e+02 6.1790002441e+02 6.1820001221e+02 6.1859997559e+02 6.1890002441e+02 6.1920001221e+02 6.1959997559e+02 6.1990002441e+02 6.2020001221e+02 6.2070001221e+02 6.2100000000e+02 6.2140002441e+02 6.2179998779e+02 6.2209997559e+02 6.2240002441e+02 6.2270001221e+02 6.2300000000e+02 6.2329998779e+02 6.2370001221e+02 6.2400000000e+02 6.2440002441e+02 6.2479998779e+02 6.2509997559e+02 6.2550000000e+02 6.2590002441e+02 6.2629998779e+02 6.2659997559e+02 6.2690002441e+02 6.2720001221e+02 6.2759997559e+02 6.2790002441e+02 6.2829998779e+02 6.2859997559e+02 6.2900000000e+02 6.2929998779e+02 6.2959997559e+02 6.2990002441e+02 6.3020001221e+02 6.3059997559e+02 6.3090002441e+02 6.3129998779e+02 6.3159997559e+02
6.1540002441e+02 6.1600000000e+02 6.1670001221e+02 6.1729998779e+02 6.1770001221e+02 6.1809997559e+02 6.1850000000e+02 6.1879998779e+02 6.1909997559e+02 6.1950000000e+02 6.1979998779e+02 6.2020001221e+02 6.2050000000e+02 6.2090002441e+02 6.2120001221e+02 6.2170001221e+02 6.2200000000e+02 6.2229998779e+02 6.2259997559e+02 6.2290002441e+02 6.2329998779e+02 6.2359997559e+02 6.2400000000e+02 6.2429998779e+02 6.2470001221e+02 6.2509997559e+02 6.2540002441e+02 6.2579998779e+02 6.2620001221e+02 6.2659997559e+02 6.2690002441e+02 6.2709997559e+02 6.2750000000e+02 6.2790002441e+02 6.2820001221e+02 6.2859997559e+02 6.2890002441e+02 6.2929998779e+02 6.2959997559e+02 6.3000000000e+02 6.3040002441e+02 6.3070001221e+02 6.3100000000e+02 6.3129998779e+02 6.3170001221e+02 6.3200000000e+02
6.1600000000e+02 6.1650000000e+02 6.1709997559e+02 6.1750000000e+02 6.1790002441e+02 6.1829998779e+02 6.1870001221e+02 6.1900000000e+02 6.1929998779e+02 6.1970001221e+02 6.2000000000e+02 6.2040002441e+02 6.2079998779e+02 6.2120001221e+02 6.2159997559e+02 6.2200000000e+02 6.2240002441e+02 6.2259997559e+02 6.2290002441e+02 6.2329998779e+02 6.2359997559e+02 6.2390002441e+02 6.2420001221e+02 6.2459997559e+02 6.2500000000e+02 6.2540002441e+02 6.2570001221e+02 6.2620001221e+02 6.2650000000e+02 6.2690002441e+02 6.2709997559e+02 6.2740002441e+02 6.2779998779e+02 6.2820001221e+02 6.2859997559e+02 6.2890002441e+02 6.2920001221e+02 6.2959997559e+02 6.2990002441e+02 6.3029998779e+02 6.3070001221e+02 6.3109997559e+02 6.3140002441e+02 6.3170001221e+02 6.3209997559e+02 6.3240002441e+02
6.1650000000e+02 6.1690002441e+02 6.1729998779e+02 6.1770001221e+02 6.1809997559e+02 6.1840002441e+02 6.1890002441e+02 6.1920001221e+02 6.1959997559e+02 6.1990002441e+02 6.2029998779e+02 6.2070001221e+02 6.2100000000e+02 6.2140002441e+02 6.2190002441e+02 6.2229998779e+02 6.2259997559e+02 6.2290002441e+02 6.2320001221e+02 6.2359997559e+02 6.2390002441e+02 6.2420001221e+02 6.2459997559e+02 6.2490002441e+02 6.2529998779e+02 6.2570001221e+02 6.2609997559e+02 6.2650000000e+02 6.2690002441e+02 6.2720001221e+02 6.2740002441e+02 6.2779998779e+02 6.2820001221e+02 6.2859997559e+02 6.2900000000e+02 6.2929998779e+02 6.2959997559e+02 6.2990002441e+02 6.3020001221e+02 6.3070001221e+02 6.3109997559e+02 6.3140002441e+02 6.3170001221e+02 6.3209997559e+02 6.3250000000e+02 6.3290002441e+02
6.1690002441e+02 6.1729998779e+02 6.1770001221e+02 6.1800000000e+02 6.1840002441e+02 6.1870001221e+02 6.1909997559e+02 6.1940002441e+02 6.1979998779e+02 6.2009997559e+02 6.2050000000e+02 6.2090002441e+02 6.2129998779e+02 6.2159997559e+02 6.2209997559e+02 6.2240002441e+02 6.2279998779e+02 6.2309997559e+02 6.2340002441e+02 6.2370001221e+02 6.2409997559e+02 6.2450000000e+02 6.2490002441e+02 6.2529998779e+02 6.2570001221e+02 6.2609997559e+02 6.2640002441e+02 6.2670001221e+02 6.2709997559e+02 6.2750000000e+02 6.2790002441e+02 6.2820001221e+02 6.2859997559e+02 6.2900000000e+02 6.2940002441e+02 6.2959997559e+02 6.2990002441e+02 6.3020001221e+02 6.3059997559e+02 6.3100000000e+02 6.3140002441e+02 6.3170001221e+02 6.3209997559e+02 6.3240002441e+02 6.3279998779e+02 6.3320001221e+02
6.1720001221e+02 6.1770001221e+02 6.1800000000e+02 6.1840002441e+02 6.1870001221e+02 6.1900000000e+02 6.1940002441e+02 6.1970001221e+02 6.2009997559e+02 6.2040002441e+02 6.2070001221e+02 6.2109997559e+02 6.2150000000e+02 6.2190002441e+02 6.2220001221e+02 6.2270001221e+02 6.2300000000e+02 6.2329998779e+02 6.2370001221e+02 6.2400000000e+02 6.2440002441e+02 6.2479998779e+02 6.2520001221e+02 6.2559997559e+02 6.2590002441e+02 6.2629998779e+02 6.2670001221e+02 6.2709997559e+02 6.2740002441e+02 6.2779998779e+02 6.2820001221e+02 6.2859997559e+02 6.2890002441e+02 6.2929998779e+02 6.2970001221e+02 6.2990002441e+02 6.3020001221e+02 6.3050000000e+02 6.3090002441e+02 6.3129998779e+02 6.3170001221e+02 6.3209997559e+02 6.3240002441e+02 6.3279998779e+02 6.3320001221e+02 6.3350000000e+02
6.1750000000e+02 6.1790002441e+02 6.1829998779e+02 6.1859997559e+02 6.1890002441e+02 6.1920001221e+02 6.1959997559e+02 6.1990002441e+02 6.2029998779e+02 6.2059997559e+02 6.2100000000e+02 6.2140002441e+02 6.2170001221e+02 6.2209997559e+02 6.2250000000e+02 6.2290002441e+02 6.2329998779e+02 6.2359997559e+02 6.2390002441e+02 6.2429998779e+02 6.2459997559e+02 6.2500000000e+02 6.2550000000e+02 6.2590002441e+02 6.2620001221e+02 6.2650000000e+02 6.2690002441e+02 6.2729998779e+02 6.2779998779e+02 6.2820001221e+02 6.2850000000e+02 6.2890002441e+02 6.2920001221e+02 6.2959997559e+02 6.3000000000e+02 6.3029998779e+02 6.3059997559e+02 6.3090002441e+02 6.3120001221e+02 6.3159997559e+02 6.3200000000e+02 6.3240002441e+02 6.3270001221e+02 6.3309997559e+02 6.3350000000e+02 6.3390002441e+02
6.1779998779e+02 6.1820001221e+02 6.1850000000e+02 6.1879998779e+02 6.1909997559e+02 6.1940002441e+02 6.1979998779e+02 6.2020001221e+02 6.2050000000e+02 6.2090002441e+02 6.2129998779e+02 6.2179998779e+02 6.2209997559e+02 6.2250000000e+02 6.2279998779e+02 6.2320001221e+02 6.2359997559e+02 6.2390002441e+02 6.2420001221e+02 6.2459997559e+02 6.2490002441e+02 6.2529998779e+02 6.2579998779e+02 6.2609997559e+02 6.2640002441e+02 6.2670001221e+02 6.2709997559e+02 6.2759997559e+02 6.2809997559e+02 6.2850000000e+02 6.2879998779e+02 6.2909997559e+02 6.2950000000e+02 6.2990002441e+02 6.3029998779e+02 6.3070001221e+02 6.3100000000e+02 6.3129998779e+02 6.3159997559e+02 6.3200000000e+02 6.3240002441e+02 6.3270001221e+02 6.3309997559e+02 6.3350000000e+02 6.3379998779e+02 6.3420001221e+02
6.1800000000e+02 6.1840002441e+02 6.1870001221e+02 6.1909997559e+02 6.1929998779e+02 6.1970001221e+02 6.2009997559e+02 6.2050000000e+02 6.2090002441e+02 6.2120001221e+02 6.2159997559e+02 6.2209997559e+02 6.2250000000e+02 6.2290002441e+02 6.2320001221e+02 6.2359997559e+02 6.2390002441e+02 6.2420001221e+02 6.2459997559e+02 6.2490002441e+02 6.2520001221e+02 6.2559997559e+02 6.2600000000e+02 6.2640002441e+02 6.2670001221e+02 6.2700000000e+02 6.2750000000e+02 6.2790002441e+02 6.2829998779e+02 6.2870001221e+02 6.2909997559e+02 6.2940002441e+02 6.2979998779e+02 6.3020001221e+02 6.3070001221e+02 6.3100000000e+02 6.3140002441e+02 6.3170001221e+02 6.3200000000e+02 6.3240002441e+02 6.3270001221e+02 6.3300000000e+02 6.3350000000e+02 6.3390002441e+02 6.3429998779e+02 6.3459997559e+02
6.1829998779e+02 6.1859997559e+02 6.1890002441e+02 6.1920001221e+02 6.1959997559e+02 6.1990002441e+02 6.2029998779e+02 6.2079998779e+02 6.2120001221e+02 6.2159997559e+02 6.2190002441e+02 6.2240002441e+02 6.2290002441e+02 6.2329998779e+02 6.2359997559e+02 6.2390002441e+02 6.2429998779e+02 6.2459997559e+02 6.2490002441e+02 6.2520001221e+02 6.2559997559e+02 6.2590002441e+02 6.2629998779e+02 6.2659997559e+02 6.2700000000e+02 6.2740002441e+02 6.2779998779e+02 6.2820001221e+02 6.2870001221e+02 6.2900000000e+02 6.2940002441e+02 6.2979998779e+02 6.3020001221e+02 6.3059997559e+02 6.3109997559e+02 6.3140002441e+02 6.3179998779e+02 6.3209997559e+02 6.3240002441e+02 6.3270001221e+02 6.3300000000e+02 6.3340002441e+02 6.3379998779e+02 6.3420001221e+02 6.3470001221e+02 6.3500000000e+02
6.1859997559e+02 6.1879998779e+02 6.1909997559e+02 6.1940002441e+02 6.1979998779e+02 6.2020001221e+02 6.2070001221e+02 6.2109997559e+02 6.2159997559e+02 6.2200000000e+02 6.2229998779e+02 6.2279998779e+02 6.2329998779e+02 6.2370001221e+02 6.2390002441e+02 6.2420001221e+02 6.2459997559e+02 6.2490002441e+02 6.2520001221e+02 6.2559997559e+02 6.2600000000e+02 6.2640002441e+02 6.2670001221e+02 6.2700000000e+02 6.2729998779e+02 6.2770001221e+02 6.2820001221e+02 6.2850000000e+02 6.2900000000e+02 6.2940002441e+02 6.2979998779e+02 6.3020001221e+02 6.3059997559e+02 6.3100000000e+02 6.3150000000e+02 6.3179998779e+02 6.3220001221e+02 6.3250000000e+02 6.3279998779e+02 6.3309997559e+02 6.3340002441e+02 6.3379998779e+02 6.3420001221e+02 6.3459997559e+02 6.3500000000e+02 6.3540002441e+02
6.1890002441e+02 6.1909997559e+02 6.1940002441e+02 6.1970001221e+02 6.2009997559e+02 6.2050000000e+02 6.2100000000e+02 6.2150000000e+02 6.2190002441e+02 6.2229998779e+02 6.2270001221e+02 6.2329998779e+02 6.2370001221e+02 6.2409997559e+02 6.2429998779e+02 6.2459997559e+02 6.2500000000e+02 6.2529998779e+02 6.2559997559e+02 6.2600000000e+02 6.2640002441e+02 6.2679998779e+02 6.2720001221e+02 6.2740002441e+02 6.2770001221e+02 6.2809997559e+02 6.2850000000e+02 6.2890002441e+02 6.2940002441e+02 6.2979998779e+02 6.3020001221e+02 6.3050000000e+02 6.3100000000e+02 6.3140002441e+02 6.3179998779e+02 6.3209997559e+02 6.3250000000e+02 6.3290002441e+02 6.3320001221e+02 6.3359997559e+02 6.3390002441e+02 6.3420001221e+02 6.3459997559e+02 6.3500000000e+02 6.3540002441e+02 6.3579998779e+02
6.1929998779e+02 6.1959997559e+02 6.1990002441e+02 6.2020001221e+02 6.2050000000e+02 6.2090002441e+02 6.2129998779e+02 6.2170001221e+02 6.2220001221e+02 6.2270001221e+02 6.2309997559e+02 6.2359997559e+02 6.2400000000e+02 6.2440002441e+02 6.2470001221e+02 6.2500000000e+02 6.2540002441e+02 6.2559997559e+02 6.2600000000e+02 6.2640002441e+02 6.2679998779e+02 6.2720001221e+02 6.2759997559e+02 6.2790002441e+02 6.2820001221e+02 6.2850000000e+02 6.2890002441e+02 6.2929998779e+02 6.2970001221e+02 6.3009997559e+02 6.3040002441e+02 6.3079998779e+02 6.3129998779e+02 6.3170001221e+02 6.3209997559e+02 6.3250000000e+02 6.3290002441e+02 6.3320001221e+02 6.3359997559e+02 6.3400000000e+02 6.3429998779e+02 6.3470001221e+02 6.3500000000e+02 6.3540002441e+02 6.3579998779e+02 6.3620001221e+02
6.1959997559e+02 6.1990002441e+02 6.2020001221e+02 6.2050000000e+02 6.2090002441e+02 6.2120001221e+02 6.2159997559e+02 6.2209997559e+02 6.2259997559e+02 6.2300000000e+02 6.2350000000e+02 6.2400000000e+02 6.2440002441e+02 6.2470001221e+02 6.2509997559e+02 6.2540002441e+02 6.2570001221e+02 6.2609997559e+02 6.2640002441e+02 6.2679998779e+02 6.2720001221e+02 6.2770001221e+02 6.2800000000e+02 6.2829998779e+02 6.2859997559e+02 6.2890002441e+02 6.2929998779e+02 6.2970001221e+02 6.3009997559e+02 6.3050000000e+02 6.3079998779e+02 6.3120001221e+02 6.3159997559e+02 6.3200000000e+02 6.3250000000e+02 6.3300000000e+02 6.3340002441e+02 6.3370001221e+02 6.3409997559e+02 6.3440002441e+02 6.3470001221e+02 6.3509997559e+02 6.3550000000e+02 6.3590002441e+02 6.3629998779e+02 6.3659997559e+02
6.1990002441e+02 6.2020001221e+02 6.2059997559e+02 6.2100000000e+02 6.2129998779e+02 6.2170001221e+02 6.2200000000e+02 6.2240002441e+02 6.2290002441e+02 6.2340002441e+02 6.2390002441e+02 6.2440002441e+02 6.2479998779e+02 6.2509997559e+02 6.2550000000e+02 6.2590002441e+02 6.2629998779e+02 6.2659997559e+02 6.2700000000e+02 6.2740002441e+02 6.2770001221e+02 6.2800000000e+02 6.2840002441e+02 6.2870001221e+02 6.2909997559e+02 6.2940002441e+02 6.2979998779e+02 6.3020001221e+02 6.3050000000e+02 6.3079998779e+02 6.3120001221e+02 6.3150000000e+02 6.3200000000e+02 6.3250000000e+02 6.3300000000e+02 6.3350000000e+02 6.3390002441e+02 6.3420001221e+02 6.3450000000e+02 6.3479998779e+02 6.3509997559e+02 6.3550000000e+02 6.3590002441e+02 6.3620001221e+02 6.3659997559e+02 6.3700000000e+02
6.2029998779e+02 6.2059997559e+02 6.2100000000e+02 6.2140002441e+02 6.2170001221e+02 6.2209997559e+02 6.2240002441e+02 6.2279998779e+02 6.2329998779e+02 6.2379998779e+02 6.2429998779e+02 6.2479998779e+02 6.2520001221e+02 6.2559997559e+02 6.2600000000e+02 6.2640002441e+02 6.2679998779e+02 6.2720001221e+02 6.2759997559e+02 6.2790002441e+02 6.2820001221e+02 6.2850000000e+02 6.2879998779e+02 6.2920001221e+02 6.2950000000e+02 6.2979998779e+02 6.3009997559e+02 6.3050000000e+02 6.3079998779e+02 6.3109997559e+02 6.3140002441e+02 6.3179998779e+02 6.3229998779e+02 6.3290002441e+02 6.3340002441e+02 6.3379998779e+02 6.3420001221e+02 6.3459997559e+02 6.3490002441e+02 6.3520001221e+02 6.3559997559e+02 6.3590002441e+02 6.3620001221e+02 6.3659997559e+02 6.3700000000e+02 6.3740002441e+02
6.2079998779e+02 6.2109997559e+02 6.2140002441e+02 6.2170001221e+02 6.2209997559e+02 6.2250000000e+02 6.2290002441e+02 6.2329998779e+02 6.2379998779e+02 6.2429998779e+02 6.2479998779e+02 6.2520001221e+02 6.2559997559e+02 6.2600000000e+02 6.2650000000e+02 6.2690002441e+02 6.2729998779e+02 6.2770001221e+02 6.2809997559e+02 6.2829998779e+02 6.2859997559e+02 6.2890002441e+02 6.2920001221e+02 6.2950000000e+02 6.2990002441e+02 6.3009997559e+02 6.3040002441e+02 6.3079998779e+02 6.3109997559e+02 6.3140002441e+02 6.3170001221e+02 6.3220001221e+02 6.3279998779e+02 6.3329998779e+02 6.3370001221e+02 6.3420001221e+02 6.3450000000e+02 6.3490002441e+02 6.3529998779e+02 6.3579998779e+02 6.3609997559e+02 6.3640002441e+02 6.3670001221e+02 6.3700000000e+02 6.3750000000e+02 6.3790002441e+02
