DGM_1M_UPPER_AUSTRIA/27/15.asc
NCOLS 100
NROWS 100
XLLCORNER 6.2850500000e+04
YLLCORNER 2.9378850000e+05
CELLSIZE 1.0000000000e+00
NODATA_VALUE -9.9990000000e+03
[rows 0 to 19 of 100, columns 46 to 91 of 100]
4.9189999390e+02 4.9179998779e+02 4.9179998779e+02 4.9179998779e+02 4.9179998779e+02 4.9179998779e+02 4.9170001221e+02 4.9170001221e+02 4.9170001221e+02 4.9170001221e+02 4.9170001221e+02 4.9170001221e+02 4.9179998779e+02 4.9200000000e+02 4.9210000610e+02 4.9229998779e+02 4.9260000610e+02 4.9279998779e+02 4.9279998779e+02 4.9260000610e+02 4.9239999390e+02 4.9229998779e+02 4.9229998779e+02 4.9250000000e+02 4.9270001221e+02 4.9289999390e+02 4.9320001221e+02 4.9339999390e+02 4.9360000610e+02 4.9370001221e+02 4.9379998779e+02 4.9400000000e+02 4.9420001221e+02 4.9429998779e+02 4.9439999390e+02 4.9450000000e+02 4.9450000000e+02 4.9439999390e+02 4.9429998779e+02 4.9429998779e+02 4.9429998779e+02 4.9429998779e+02 4.9429998779e+02 4.9470001221e+02 4.9520001221e+02 4.9579998779e+02
4.9189999390e+02 4.9189999390e+02 4.9189999390e+02 4.9179998779e+02 4.9179998779e+02 4.9179998779e+02 4.9179998779e+02 4.9179998779e+02 4.9170001221e+02 4.9170001221e+02 4.9170001221e+02 4.9170001221e+02 4.9179998779e+02 4.9189999390e+02 4.9189999390e+02 4.9210000610e+02 4.9229998779e+02 4.9250000000e+02 4.9260000610e+02 4.9250000000e+02 4.9229998779e+02 4.9220001221e+02 4.9220001221e+02 4.9239999390e+02 4.9260000610e+02 4.9279998779e+02 4.9300000000e+02 4.9320001221e+02 4.9339999390e+02 4.9360000610e+02 4.9370001221e+02 4.9379998779e+02 4.9400000000e+02 4.9420001221e+02 4.9429998779e+02 4.9439999390e+02 4.9450000000e+02 4.9450000000e+02 4.9439999390e+02 4.9429998779e+02 4.9429998779e+02 4.9429998779e+02 4.9429998779e+02 4.9429998779e+02 4.9460000610e+02 4.9510000610e+02
4.9200000000e+02 4.9200000000e+02 4.9189999390e+02 4.9189999390e+02 4.9179998779e+02 4.9179998779e+02 4.9179998779e+02 4.9179998779e+02 4.9170001221e+02 4.9170001221e+02 4.9170001221e+02 4.9170001221e+02 4.9170001221e+02 4.9179998779e+02 4.9179998779e+02 4.9189999390e+02 4.9210000610e+02 4.9220001221e+02 4.9239999390e+02 4.9229998779e+02 4.9229998779e+02 4.9220001221e+02 4.9220001221e+02 4.9229998779e+02 4.9239999390e+02 4.9260000610e+02 4.9289999390e+02 4.9310000610e+02 4.9320001221e+02 4.9339999390e+02 4.9360000610e+02 4.9370001221e+02 4.9379998779e+02 4.9400000000e+02 4.9420001221e+02 4.9429998779e+02 4.9439999390e+02 4.9439999390e+02 4.9450000000e+02 4.9450000000e+02 4.9439999390e+02 4.9429998779e+02 4.9429998779e+02 4.9429998779e+02 4.9429998779e+02 4.9450000000e+02
4.9210000610e+02 4.9200000000e+02 4.9200000000e+02 4.9189999390e+02 4.9189999390e+02 4.9179998779e+02 4.9179998779e+02 4.9179998779e+02 4.9179998779e+02 4.9170001221e+02 4.9170001221e+02 4.9170001221e+02 4.9170001221e+02 4.9170001221e+02 4.9170001221e+02 4.9179998779e+02 4.9189999390e+02 4.9200000000e+02 4.9210000610e+02 4.9220001221e+02 4.9229998779e+02 4.9229998779e+02 4.9229998779e+02 4.9220001221e+02 4.9220001221e+02 4.9239999390e+02 4.9260000610e+02 4.9289999390e+02 4.9310000610e+02 4.9320001221e+02 4.9339999390e+02 4.9360000610e+02 4.9370001221e+02 4.9389999390e+02 4.9400000000e+02 4.9420001221e+02 4.9429998779e+02 4.9439999390e+02 4.9450000000e+02 4.9450000000e+02 4.9450000000e+02 4.9439999390e+02 4.9429998779e+02 4.9429998779e+02 4.9429998779e+02 4.9429998779e+02
4.9220001221e+02 4.9210000610e+02 4.9200000000e+02 4.9189999390e+02 4.9189999390e+02 4.9179998779e+02 4.9179998779e+02 4.9179998779e+02 4.9179998779e+02 4.9179998779e+02 4.9170001221e+02 4.9170001221e+02 4.9170001221e+02 4.9170001221e+02 4.9170001221e+02 4.9170001221e+02 4.9179998779e+02 4.9189999390e+02 4.9200000000e+02 4.9210000610e+02 4.9220001221e+02 4.9239999390e+02 4.9229998779e+02 4.9220001221e+02 4.9210000610e+02 4.9220001221e+02 4.9239999390e+02 4.9270001221e+02 4.9289999390e+02 4.9310000610e+02 4.9320001221e+02 4.9339999390e+02 4.9360000610e+02 4.9379998779e+02 4.9389999390e+02 4.9400000000e+02 4.9420001221e+02 4.9429998779e+02 4.9439999390e+02 4.9450000000e+02 4.9450000000e+02 4.9450000000e+02 4.9439999390e+02 4.9439999390e+02 4.9429998779e+02 4.9429998779e+02
4.9239999390e+02 4.9220001221e+02 4.9200000000e+02 4.9200000000e+02 4.9189999390e+02 4.9179998779e+02 4.9179998779e+02 4.9179998779e+02 4.9179998779e+02 4.9179998779e+02 4.9170001221e+02 4.9170001221e+02 4.9170001221e+02 4.9170001221e+02 4.9170001221e+02 4.9170001221e+02 4.9170001221e+02 4.9179998779e+02 4.9189999390e+02 4.9200000000e+02 4.9220001221e+02 4.9229998779e+02 4.9229998779e+02 4.9220001221e+02 4.9220001221e+02 4.9220001221e+02 4.9229998779e+02 4.9239999390e+02 4.9260000610e+02 4.9289999390e+02 4.9310000610e+02 4.9320001221e+02 4.9350000000e+02 4.9370001221e+02 4.9370001221e+02 4.9379998779e+02 4.9400000000e+02 4.9420001221e+02 4.9429998779e+02 4.9439999390e+02 4.9450000000e+02 4.9450000000e+02 4.9450000000e+02 4.9450000000e+02 4.9439999390e+02 4.9429998779e+02
4.9239999390e+02 4.9220001221e+02 4.9200000000e+02 4.9200000000e+02 4.9189999390e+02 4.9179998779e+02 4.9179998779e+02 4.9179998779e+02 4.9179998779e+02 4.9179998779e+02 4.9170001221e+02 4.9170001221e+02 4.9170001221e+02 4.9170001221e+02 4.9170001221e+02 4.9170001221e+02 4.9170001221e+02 4.9179998779e+02 4.9179998779e+02 4.9189999390e+02 4.9200000000e+02 4.9210000610e+02 4.9220001221e+02 4.9229998779e+02 4.9220001221e+02 4.9220001221e+02 4.9229998779e+02 4.9229998779e+02 4.9239999390e+02 4.9260000610e+02 4.9289999390e+02 4.9310000610e+02 4.9329998779e+02 4.9350000000e+02 4.9360000610e+02 4.9370001221e+02 4.9389999390e+02 4.9400000000e+02 4.9420001221e+02 4.9429998779e+02 4.9439999390e+02 4.9450000000e+02 4.9450000000e+02 4.9460000610e+02 4.9450000000e+02 4.9439999390e+02
4.9220001221e+02 4.9210000610e+02 4.9200000000e+02 4.9200000000e+02 4.9189999390e+02 4.9179998779e+02 4.9179998779e+02 4.9179998779e+02 4.9179998779e+02 4.9179998779e+02 4.9179998779e+02 4.9170001221e+02 4.9170001221e+02 4.9170001221e+02 4.9170001221e+02 4.9170001221e+02 4.9170001221e+02 4.9179998779e+02 4.9179998779e+02 4.9189999390e+02 4.9189999390e+02 4.9200000000e+02 4.9210000610e+02 4.9220001221e+02 4.9220001221e+02 4.9229998779e+02 4.9229998779e+02 4.9239999390e+02 4.9239999390e+02 4.9250000000e+02 4.9260000610e+02 4.9279998779e+02 4.9310000610e+02 4.9329998779e+02 4.9339999390e+02 4.9360000610e+02 4.9379998779e+02 4.9389999390e+02 4.9400000000e+02 4.9420001221e+02 4.9429998779e+02 4.9439999390e+02 4.9450000000e+02 4.9460000610e+02 4.9460000610e+02 4.9450000000e+02
4.9210000610e+02 4.9210000610e+02 4.9200000000e+02 4.9200000000e+02 4.9189999390e+02 4.9179998779e+02 4.9179998779e+02 4.9179998779e+02 4.9179998779e+02 4.9179998779e+02 4.9179998779e+02 4.9179998779e+02 4.9170001221e+02 4.9170001221e+02 4.9170001221e+02 4.9170001221e+02 4.9170001221e+02 4.9179998779e+02 4.9179998779e+02 4.9179998779e+02 4.9189999390e+02 4.9200000000e+02 4.9200000000e+02 4.9210000610e+02 4.9220001221e+02 4.9229998779e+02 4.9239999390e+02 4.9250000000e+02 4.9250000000e+02 4.9239999390e+02 4.9250000000e+02 4.9260000610e+02 4.9279998779e+02 4.9310000610e+02 4.9329998779e+02 4.9339999390e+02 4.9360000610e+02 4.9370001221e+02 4.9389999390e+02 4.9400000000e+02 4.9420001221e+02 4.9429998779e+02 4.9439999390e+02 4.9450000000e+02 4.9460000610e+02 4.9460000610e+02
4.9210000610e+02 4.9210000610e+02 4.9200000000e+02 4.9189999390e+02 4.9189999390e+02 4.9179998779e+02 4.9179998779e+02 4.9179998779e+02 4.9179998779e+02 4.9179998779e+02 4.9179998779e+02 4.9179998779e+02 4.9179998779e+02 4.9179998779e+02 4.9170001221e+02 4.9170001221e+02 4.9170001221e+02 4.9179998779e+02 4.9179998779e+02 4.9179998779e+02 4.9179998779e+02 4.9189999390e+02 4.9200000000e+02 4.9210000610e+02 4.9220001221e+02 4.9229998779e+02 4.9239999390e+02 4.9250000000e+02 4.9250000000e+02 4.9250000000e+02 4.9239999390e+02 4.9239999390e+02 4.9260000610e+02 4.9289999390e+02 4.9310000610e+02 4.9329998779e+02 4.9339999390e+02 4.9360000610e+02 4.9370001221e+02 4.9389999390e+02 4.9400000000e+02 4.9420001221e+02 4.9439999390e+02 4.9450000000e+02 4.9450000000e+02 4.9460000610e+02
4.9210000610e+02 4.9200000000e+02 4.9200000000e+02 4.9189999390e+02 4.9189999390e+02 4.9179998779e+02 4.9179998779e+02 4.9179998779e+02 4.9179998779e+02 4.9179998779e+02 4.9179998779e+02 4.9179998779e+02 4.9179998779e+02 4.9179998779e+02 4.9179998779e+02 4.9179998779e+02 4.9179998779e+02 4.9179998779e+02 4.9179998779e+02 4.9179998779e+02 4.9179998779e+02 4.9189999390e+02 4.9189999390e+02 4.9200000000e+02 4.9220001221e+02 4.9229998779e+02 4.9239999390e+02 4.9250000000e+02 4.9260000610e+02 4.9250000000e+02 4.9239999390e+02 4.9239999390e+02 4.9250000000e+02 4.9270001221e+02 4.9289999390e+02 4.9310000610e+02 4.9329998779e+02 4.9339999390e+02 4.9350000000e+02 4.9370001221e+02 4.9389999390e+02 4.9400000000e+02 4.9420001221e+02 4.9439999390e+02 4.9450000000e+02 4.9450000000e+02
4.9210000610e+02 4.9200000000e+02 4.9200000000e+02 4.9189999390e+02 4.9189999390e+02 4.9179998779e+02 4.9179998779e+02 4.9179998779e+02 4.9179998779e+02 4.9179998779e+02 4.9179998779e+02 4.9179998779e+02 4.9179998779e+02 4.9179998779e+02 4.9179998779e+02 4.9179998779e+02 4.9179998779e+02 4.9179998779e+02 4.9179998779e+02 4.9179998779e+02 4.9179998779e+02 4.9189999390e+02 4.9189999390e+02 4.9200000000e+02 4.9210000610e+02 4.9229998779e+02 4.9239999390e+02 4.9250000000e+02 4.9260000610e+02 4.9250000000e+02 4.9250000000e+02 4.9239999390e+02 4.9250000000e+02 4.9260000610e+02 4.9270001221e+02 4.9289999390e+02 4.9320001221e+02 4.9329998779e+02 4.9339999390e+02 4.9360000610e+02 4.9379998779e+02 4.9389999390e+02 4.9400000000e+02 4.9420001221e+02 4.9439999390e+02 4.9439999390e+02
4.9210000610e+02 4.9200000000e+02 4.9200000000e+02 4.9200000000e+02 4.9189999390e+02 4.9189999390e+02 4.9179998779e+02 4.9179998779e+02 4.9179998779e+02 4.9179998779e+02 4.9179998779e+02 4.9179998779e+02 4.9179998779e+02 4.9179998779e+02 4.9179998779e+02 4.9179998779e+02 4.9179998779e+02 4.9189999390e+02 4.9179998779e+02 4.9179998779e+02 4.9189999390e+02 4.9189999390e+02 4.9189999390e+02 4.9200000000e+02 4.9210000610e+02 4.9220001221e+02 4.9239999390e+02 4.9250000000e+02 4.9250000000e+02 4.9250000000e+02 4.9250000000e+02 4.9250000000e+02 4.9250000000e+02 4.9260000610e+02 4.9260000610e+02 4.9279998779e+02 4.9300000000e+02 4.9320001221e+02 4.9329998779e+02 4.9339999390e+02 4.9360000610e+02 4.9370001221e+02 4.9389999390e+02 4.9400000000e+02 4.9420001221e+02 4.9439999390e+02
4.9210000610e+02 4.9210000610e+02 4.9200000000e+02 4.9200000000e+02 4.9200000000e+02 4.9189999390e+02 4.9189999390e+02 4.9189999390e+02 4.9179998779e+02 4.9189999390e+02 4.9189999390e+02 4.9179998779e+02 4.9179998779e+02 4.9179998779e+02 4.9179998779e+02 4.9179998779e+02 4.9189999390e+02 4.9189999390e+02 4.9189999390e+02 4.9189999390e+02 4.9189999390e+02 4.9189999390e+02 4.9189999390e+02 4.9200000000e+02 4.9200000000e+02 4.9210000610e+02 4.9229998779e+02 4.9250000000e+02 4.9250000000e+02 4.9250000000e+02 4.9260000610e+02 4.9260000610e+02 4.9260000610e+02 4.9260000610e+02 4.9260000610e+02 4.9270001221e+02 4.9279998779e+02 4.9300000000e+02 4.9310000610e+02 4.9320001221e+02 4.9329998779e+02 4.9350000000e+02 4.9379998779e+02 4.9389999390e+02 4.9400000000e+02 4.9420001221e+02
4.9220001221e+02 4.9220001221e+02 4.9210000610e+02 4.9210000610e+02 4.9210000610e+02 4.9200000000e+02 4.9189999390e+02 4.9189999390e+02 4.9189999390e+02 4.9189999390e+02 4.9189999390e+02 4.9189999390e+02 4.9189999390e+02 4.9189999390e+02 4.9189999390e+02 4.9189999390e+02 4.9189999390e+02 4.9189999390e+02 4.9189999390e+02 4.9189999390e+02 4.9189999390e+02 4.9189999390e+02 4.9189999390e+02 4.9200000000e+02 4.9200000000e+02 4.9210000610e+02 4.9220001221e+02 4.9229998779e+02 4.9239999390e+02 4.9250000000e+02 4.9260000610e+02 4.9260000610e+02 4.9270001221e+02 4.9270001221e+02 4.9270001221e+02 4.9270001221e+02 4.9270001221e+02 4.9279998779e+02 4.9289999390e+02 4.9310000610e+02 4.9320001221e+02 4.9329998779e+02 4.9360000610e+02 4.9379998779e+02 4.9389999390e+02 4.9400000000e+02
4.9220001221e+02 4.9220001221e+02 4.9220001221e+02 4.9210000610e+02 4.9210000610e+02 4.9200000000e+02 4.9200000000e+02 4.9189999390e+02 4.9189999390e+02 4.9189999390e+02 4.9189999390e+02 4.9189999390e+02 4.9189999390e+02 4.9189999390e+02 4.9189999390e+02 4.9189999390e+02 4.9200000000e+02 4.9189999390e+02 4.9189999390e+02 4.9189999390e+02 4.9189999390e+02 4.9200000000e+02 4.9200000000e+02 4.9200000000e+02 4.9200000000e+02 4.9210000610e+02 4.9220001221e+02 4.9229998779e+02 4.9229998779e+02 4.9239999390e+02 4.9250000000e+02 4.9260000610e+02 4.9270001221e+02 4.9270001221e+02 4.9270001221e+02 4.9279998779e+02 4.9279998779e+02 4.9279998779e+02 4.9289999390e+02 4.9300000000e+02 4.9320001221e+02 4.9329998779e+02 4.9339999390e+02 4.9360000610e+02 4.9379998779e+02 4.9389999390e+02
4.9229998779e+02 4.9229998779e+02 4.9229998779e+02 4.9220001221e+02 4.9210000610e+02 4.9210000610e+02 4.9200000000e+02 4.9189999390e+02 4.9189999390e+02 4.9189999390e+02 4.9189999390e+02 4.9189999390e+02 4.9189999390e+02 4.9189999390e+02 4.9200000000e+02 4.9189999390e+02 4.9200000000e+02 4.9200000000e+02 4.9200000000e+02 4.9200000000e+02 4.9200000000e+02 4.9200000000e+02 4.9200000000e+02 4.9200000000e+02 4.9200000000e+02 4.9210000610e+02 4.9210000610e+02 4.9220001221e+02 4.9229998779e+02 4.9239999390e+02 4.9250000000e+02 4.9260000610e+02 4.9270001221e+02 4.9270001221e+02 4.9270001221e+02 4.9270001221e+02 4.9270001221e+02 4.9270001221e+02 4.9279998779e+02 4.9289999390e+02 4.9320001221e+02 4.9329998779e+02 4.9339999390e+02 4.9350000000e+02 4.9360000610e+02 4.9379998779e+02
4.9229998779e+02 4.9229998779e+02 4.9229998779e+02 4.9229998779e+02 4.9220001221e+02 4.9210000610e+02 4.9200000000e+02 4.9200000000e+02 4.9189999390e+02 4.9189999390e+02 4.9189999390e+02 4.9189999390e+02 4.9189999390e+02 4.9189999390e+02 4.9200000000e+02 4.9200000000e+02 4.9200000000e+02 4.9200000000e+02 4.9200000000e+02 4.9200000000e+02 4.9200000000e+02 4.9200000000e+02 4.9200000000e+02 4.9200000000e+02 4.9210000610e+02 4.9210000610e+02 4.9210000610e+02 4.9220001221e+02 4.9229998779e+02 4.9239999390e+02 4.9260000610e+02 4.9260000610e+02 4.9270001221e+02 4.9270001221e+02 4.9270001221e+02 4.9260000610e+02 4.9260000610e+02 4.9250000000e+02 4.9260000610e+02 4.9279998779e+02 4.9310000610e+02 4.9320001221e+02 4.9320001221e+02 4.9339999390e+02 4.9350000000e+02 4.9370001221e+02
4.9229998779e+02 4.9229998779e+02 4.9239999390e+02 4.9229998779e+02 4.9229998779e+02 4.9220001221e+02 4.9210000610e+02 4.9200000000e+02 4.9189999390e+02 4.9189999390e+02 4.9189999390e+02 4.9189999390e+02 4.9189999390e+02 4.9189999390e+02 4.9200000000e+02 4.9200000000e+02 4.9200000000e+02 4.9200000000e+02 4.9200000000e+02 4.9200000000e+02 4.9200000000e+02 4.9200000000e+02 4.9200000000e+02 4.9210000610e+02 4.9210000610e+02 4.9210000610e+02 4.9210000610e+02 4.9220001221e+02 4.9229998779e+02 4.9239999390e+02 4.9250000000e+02 4.9260000610e+02 4.9270001221e+02 4.9270001221e+02 4.9270001221e+02 4.9260000610e+02 4.9260000610e+02 4.9250000000e+02 4.9250000000e+02 4.9260000610e+02 4.9279998779e+02 4.9289999390e+02 4.9300000000e+02 4.9320001221e+02 4.9339999390e+02 4.9360000610e+02
4.9239999390e+02 4.9239999390e+02 4.9239999390e+02 4.9239999390e+02 4.9229998779e+02 4.9220001221e+02 4.9210000610e+02 4.9200000000e+02 4.9189999390e+02 4.9189999390e+02 4.9189999390e+02 4.9189999390e+02 4.9189999390e+02 4.9189999390e+02 4.9200000000e+02 4.9200000000e+02 4.9200000000e+02 4.9200000000e+02 4.9200000000e+02 4.9200000000e+02 4.9200000000e+02 4.9210000610e+02 4.9210000610e+02 4.9210000610e+02 4.9210000610e+02 4.9210000610e+02 4.9210000610e+02 4.9220001221e+02 4.9220001221e+02 4.9229998779e+02 4.9239999390e+02 4.9250000000e+02 4.9270001221e+02 4.9279998779e+02 4.9270001221e+02 4.9260000610e+02 4.9260000610e+02 4.9250000000e+02 4.9250000000e+02 4.9260000610e+02 4.9260000610e+02 4.9270001221e+02 4.9289999390e+02 4.9300000000e+02 4.9320001221e+02 4.9339999390e+02
