DGM_1M_UPPER_AUSTRIA/27/16.asc
NCOLS 100
NROWS 100
XLLCORNER 6.2850500000e+04
YLLCORNER 2.9368850000e+05
CELLSIZE 1.0000000000e+00
NODATA_VALUE -9.9990000000e+03
[rows 20 to 39 of 100, columns 0 to 45 of 100]
4.8920001221e+02 4.8929998779e+02 4.8929998779e+02 4.8929998779e+02 4.8929998779e+02 4.8929998779e+02 4.8929998779e+02 4.8929998779e+02 4.8929998779e+02 4.8929998779e+02 4.8929998779e+02 4.8939999390e+02 4.8939999390e+02 4.8929998779e+02 4.8939999390e+02 4.8939999390e+02 4.8939999390e+02 4.8939999390e+02 4.8929998779e+02 4.8929998779e+02 4.8929998779e+02 4.8929998779e+02 4.8929998779e+02 4.8929998779e+02 4.8929998779e+02 4.8939999390e+02 4.8950000000e+02 4.8970001221e+02 4.8989999390e+02 4.9029998779e+02 4.9060000610e+02 4.9100000000e+02 4.9129998779e+02 4.9170001221e+02 4.9189999390e+02 4.9220001221e+02 4.9250000000e+02 4.9270001221e+02 4.9279998779e+02 4.9279998779e+02 4.9279998779e+02 4.9279998779e+02 4.9279998779e+02 4.9279998779e+02 4.9279998779e+02 4.9270001221e+02
4.8929998779e+02 4.8929998779e+02 4.8939999390e+02 4.8939999390e+02 4.8939999390e+02 4.8929998779e+02 4.8929998779e+02 4.8929998779e+02 4.8929998779e+02 4.8939999390e+02 4.8939999390e+02 4.8939999390e+02 4.8939999390e+02 4.8939999390e+02 4.8939999390e+02 4.8939999390e+02 4.8939999390e+02 4.8939999390e+02 4.8939999390e+02 4.8929998779e+02 4.8929998779e+02 4.8929998779e+02 4.8929998779e+02 4.8929998779e+02 4.8929998779e+02 4.8939999390e+02 4.8950000000e+02 4.8970001221e+02 4.8989999390e+02 4.9020001221e+02 4.9050000000e+02 4.9079998779e+02 4.9110000610e+02 4.9150000000e+02 4.9179998779e+02 4.9210000610e+02 4.9239999390e+02 4.9260000610e+02 4.9270001221e+02 4.9279998779e+02 4.9279998779e+02 4.9279998779e+02 4.9279998779e+02 4.9279998779e+02 4.9279998779e+02 4.9270001221e+02
4.8939999390e+02 4.8929998779e+02 4.8939999390e+02 4.8939999390e+02 4.8929998779e+02 4.8929998779e+02 4.8929998779e+02 4.8929998779e+02 4.8929998779e+02 4.8929998779e+02 4.8939999390e+02 4.8950000000e+02 4.8950000000e+02 4.8939999390e+02 4.8939999390e+02 4.8950000000e+02 4.8939999390e+02 4.8939999390e+02 4.8939999390e+02 4.8939999390e+02 4.8929998779e+02 4.8929998779e+02 4.8929998779e+02 4.8929998779e+02 4.8929998779e+02 4.8929998779e+02 4.8950000000e+02 4.8960000610e+02 4.8989999390e+02 4.9010000610e+02 4.9039999390e+02 4.9060000610e+02 4.9089999390e+02 4.9129998779e+02 4.9160000610e+02 4.9189999390e+02 4.9220001221e+02 4.9250000000e+02 4.9270001221e+02 4.9270001221e+02 4.9270001221e+02 4.9279998779e+02 4.9279998779e+02 4.9279998779e+02 4.9279998779e+02 4.9270001221e+02
4.8939999390e+02 4.8939999390e+02 4.8939999390e+02 4.8939999390e+02 4.8939999390e+02 4.8929998779e+02 4.8939999390e+02 4.8929998779e+02 4.8929998779e+02 4.8929998779e+02 4.8929998779e+02 4.8929998779e+02 4.8939999390e+02 4.8939999390e+02 4.8939999390e+02 4.8950000000e+02 4.8939999390e+02 4.8939999390e+02 4.8939999390e+02 4.8939999390e+02 4.8929998779e+02 4.8929998779e+02 4.8929998779e+02 4.8929998779e+02 4.8929998779e+02 4.8939999390e+02 4.8950000000e+02 4.8960000610e+02 4.8979998779e+02 4.9000000000e+02 4.9020001221e+02 4.9050000000e+02 4.9079998779e+02 4.9110000610e+02 4.9150000000e+02 4.9179998779e+02 4.9220001221e+02 4.9250000000e+02 4.9260000610e+02 4.9270001221e+02 4.9270001221e+02 4.9279998779e+02 4.9279998779e+02 4.9279998779e+02 4.9279998779e+02 4.9279998779e+02
4.8950000000e+02 4.8939999390e+02 4.8939999390e+02 4.8950000000e+02 4.8939999390e+02 4.8939999390e+02 4.8939999390e+02 4.8929998779e+02 4.8929998779e+02 4.8929998779e+02 4.8929998779e+02 4.8929998779e+02 4.8939999390e+02 4.8939999390e+02 4.8939999390e+02 4.8939999390e+02 4.8939999390e+02 4.8929998779e+02 4.8939999390e+02 4.8939999390e+02 4.8939999390e+02 4.8929998779e+02 4.8929998779e+02 4.8929998779e+02 4.8929998779e+02 4.8929998779e+02 4.8939999390e+02 4.8960000610e+02 4.8970001221e+02 4.8989999390e+02 4.9010000610e+02 4.9039999390e+02 4.9070001221e+02 4.9100000000e+02 4.9139999390e+02 4.9170001221e+02 4.9210000610e+02 4.9239999390e+02 4.9260000610e+02 4.9270001221e+02 4.9270001221e+02 4.9270001221e+02 4.9279998779e+02 4.9279998779e+02 4.9279998779e+02 4.9279998779e+02
4.8950000000e+02 4.8950000000e+02 4.8939999390e+02 4.8950000000e+02 4.8950000000e+02 4.8939999390e+02 4.8929998779e+02 4.8929998779e+02 4.8929998779e+02 4.8929998779e+02 4.8929998779e+02 4.8929998779e+02 4.8929998779e+02 4.8939999390e+02 4.8939999390e+02 4.8929998779e+02 4.8929998779e+02 4.8929998779e+02 4.8929998779e+02 4.8939999390e+02 4.8939999390e+02 4.8939999390e+02 4.8929998779e+02 4.8929998779e+02 4.8929998779e+02 4.8929998779e+02 4.8939999390e+02 4.8950000000e+02 4.8960000610e+02 4.8979998779e+02 4.9000000000e+02 4.9029998779e+02 4.9060000610e+02 4.9089999390e+02 4.9129998779e+02 4.9170001221e+02 4.9210000610e+02 4.9239999390e+02 4.9260000610e+02 4.9260000610e+02 4.9270001221e+02 4.9270001221e+02 4.9279998779e+02 4.9279998779e+02 4.9279998779e+02 4.9270001221e+02
4.8960000610e+02 4.8950000000e+02 4.8950000000e+02 4.8960000610e+02 4.8950000000e+02 4.8939999390e+02 4.8939999390e+02 4.8929998779e+02 4.8929998779e+02 4.8929998779e+02 4.8929998779e+02 4.8929998779e+02 4.8929998779e+02 4.8929998779e+02 4.8939999390e+02 4.8939999390e+02 4.8929998779e+02 4.8929998779e+02 4.8929998779e+02 4.8939999390e+02 4.8939999390e+02 4.8939999390e+02 4.8929998779e+02 4.8929998779e+02 4.8929998779e+02 4.8929998779e+02 4.8929998779e+02 4.8939999390e+02 4.8950000000e+02 4.8970001221e+02 4.9000000000e+02 4.9020001221e+02 4.9050000000e+02 4.9079998779e+02 4.9120001221e+02 4.9160000610e+02 4.9200000000e+02 4.9229998779e+02 4.9250000000e+02 4.9260000610e+02 4.9270001221e+02 4.9270001221e+02 4.9279998779e+02 4.9279998779e+02 4.9279998779e+02 4.9270001221e+02
4.8970001221e+02 4.8960000610e+02 4.8960000610e+02 4.8970001221e+02 4.8960000610e+02 4.8950000000e+02 4.8939999390e+02 4.8939999390e+02 4.8939999390e+02 4.8929998779e+02 4.8929998779e+02 4.8929998779e+02 4.8939999390e+02 4.8939999390e+02 4.8939999390e+02 4.8939999390e+02 4.8929998779e+02 4.8929998779e+02 4.8939999390e+02 4.8939999390e+02 4.8950000000e+02 4.8939999390e+02 4.8939999390e+02 4.8929998779e+02 4.8929998779e+02 4.8929998779e+02 4.8929998779e+02 4.8939999390e+02 4.8950000000e+02 4.8970001221e+02 4.8989999390e+02 4.9020001221e+02 4.9039999390e+02 4.9060000610e+02 4.9100000000e+02 4.9150000000e+02 4.9189999390e+02 4.9220001221e+02 4.9239999390e+02 4.9250000000e+02 4.9270001221e+02 4.9270001221e+02 4.9279998779e+02 4.9279998779e+02 4.9279998779e+02 4.9270001221e+02
4.8970001221e+02 4.8970001221e+02 4.8979998779e+02 4.8979998779e+02 4.8970001221e+02 4.8960000610e+02 4.8950000000e+02 4.8950000000e+02 4.8939999390e+02 4.8939999390e+02 4.8939999390e+02 4.8939999390e+02 4.8939999390e+02 4.8939999390e+02 4.8939999390e+02 4.8939999390e+02 4.8929998779e+02 4.8929998779e+02 4.8929998779e+02 4.8939999390e+02 4.8950000000e+02 4.8939999390e+02 4.8939999390e+02 4.8939999390e+02 4.8939999390e+02 4.8929998779e+02 4.8929998779e+02 4.8939999390e+02 4.8939999390e+02 4.8960000610e+02 4.8979998779e+02 4.9010000610e+02 4.9029998779e+02 4.9060000610e+02 4.9089999390e+02 4.9129998779e+02 4.9170001221e+02 4.9200000000e+02 4.9229998779e+02 4.9250000000e+02 4.9270001221e+02 4.9270001221e+02 4.9279998779e+02 4.9279998779e+02 4.9279998779e+02 4.9279998779e+02
4.8979998779e+02 4.8979998779e+02 4.8989999390e+02 4.8979998779e+02 4.8970001221e+02 4.8960000610e+02 4.8950000000e+02 4.8950000000e+02 4.8950000000e+02 4.8950000000e+02 4.8939999390e+02 4.8939999390e+02 4.8939999390e+02 4.8939999390e+02 4.8939999390e+02 4.8939999390e+02 4.8929998779e+02 4.8929998779e+02 4.8929998779e+02 4.8939999390e+02 4.8950000000e+02 4.8939999390e+02 4.8939999390e+02 4.8939999390e+02 4.8929998779e+02 4.8929998779e+02 4.8929998779e+02 4.8939999390e+02 4.8939999390e+02 4.8960000610e+02 4.8979998779e+02 4.9000000000e+02 4.9020001221e+02 4.9050000000e+02 4.9079998779e+02 4.9120001221e+02 4.9150000000e+02 4.9189999390e+02 4.9220001221e+02 4.9250000000e+02 4.9270001221e+02 4.9270001221e+02 4.9279998779e+02 4.9279998779e+02 4.9279998779e+02 4.9279998779e+02
4.8989999390e+02 4.8989999390e+02 4.8989999390e+02 4.8979998779e+02 4.8979998779e+02 4.8970001221e+02 4.8960000610e+02 4.8960000610e+02 4.8950000000e+02 4.8950000000e+02 4.8950000000e+02 4.8950000000e+02 4.8939999390e+02 4.8939999390e+02 4.8939999390e+02 4.8939999390e+02 4.8929998779e+02 4.8929998779e+02 4.8929998779e+02 4.8929998779e+02 4.8939999390e+02 4.8929998779e+02 4.8929998779e+02 4.8929998779e+02 4.8939999390e+02 4.8929998779e+02 4.8929998779e+02 4.8939999390e+02 4.8939999390e+02 4.8950000000e+02 4.8970001221e+02 4.8979998779e+02 4.9000000000e+02 4.9029998779e+02 4.9070001221e+02 4.9100000000e+02 4.9139999390e+02 4.9179998779e+02 4.9210000610e+02 4.9239999390e+02 4.9270001221e+02 4.9270001221e+02 4.9270001221e+02 4.9279998779e+02 4.9279998779e+02 4.9270001221e+02
4.9000000000e+02 4.8989999390e+02 4.8989999390e+02 4.8989999390e+02 4.8979998779e+02 4.8979998779e+02 4.8970001221e+02 4.8970001221e+02 4.8960000610e+02 4.8960000610e+02 4.8950000000e+02 4.8950000000e+02 4.8950000000e+02 4.8939999390e+02 4.8939999390e+02 4.8929998779e+02 4.8929998779e+02 4.8939999390e+02 4.8939999390e+02 4.8929998779e+02 4.8929998779e+02 4.8920001221e+02 4.8920001221e+02 4.8929998779e+02 4.8929998779e+02 4.8929998779e+02 4.8929998779e+02 4.8939999390e+02 4.8939999390e+02 4.8950000000e+02 4.8960000610e+02 4.8970001221e+02 4.8989999390e+02 4.9020001221e+02 4.9050000000e+02 4.9089999390e+02 4.9129998779e+02 4.9160000610e+02 4.9200000000e+02 4.9229998779e+02 4.9260000610e+02 4.9270001221e+02 4.9270001221e+02 4.9270001221e+02 4.9270001221e+02 4.9270001221e+02
4.9000000000e+02 4.9000000000e+02 4.8989999390e+02 4.8989999390e+02 4.8979998779e+02 4.8979998779e+02 4.8979998779e+02 4.8970001221e+02 4.8970001221e+02 4.8960000610e+02 4.8960000610e+02 4.8950000000e+02 4.8950000000e+02 4.8939999390e+02 4.8939999390e+02 4.8939999390e+02 4.8939999390e+02 4.8939999390e+02 4.8939999390e+02 4.8929998779e+02 4.8920001221e+02 4.8920001221e+02 4.8920001221e+02 4.8920001221e+02 4.8920001221e+02 4.8929998779e+02 4.8929998779e+02 4.8939999390e+02 4.8939999390e+02 4.8950000000e+02 4.8950000000e+02 4.8960000610e+02 4.8979998779e+02 4.9010000610e+02 4.9039999390e+02 4.9079998779e+02 4.9120001221e+02 4.9150000000e+02 4.9179998779e+02 4.9220001221e+02 4.9250000000e+02 4.9260000610e+02 4.9270001221e+02 4.9270001221e+02 4.9270001221e+02 4.9270001221e+02
4.9000000000e+02 4.9000000000e+02 4.8989999390e+02 4.8989999390e+02 4.8979998779e+02 4.8979998779e+02 4.8979998779e+02 4.8979998779e+02 4.8979998779e+02 4.8970001221e+02 4.8960000610e+02 4.8950000000e+02 4.8950000000e+02 4.8950000000e+02 4.8950000000e+02 4.8950000000e+02 4.8939999390e+02 4.8939999390e+02 4.8939999390e+02 4.8939999390e+02 4.8929998779e+02 4.8929998779e+02 4.8920001221e+02 4.8920001221e+02 4.8920001221e+02 4.8929998779e+02 4.8939999390e+02 4.8939999390e+02 4.8950000000e+02 4.8950000000e+02 4.8950000000e+02 4.8960000610e+02 4.8970001221e+02 4.9000000000e+02 4.9029998779e+02 4.9070001221e+02 4.9100000000e+02 4.9139999390e+02 4.9170001221e+02 4.9200000000e+02 4.9239999390e+02 4.9260000610e+02 4.9270001221e+02 4.9270001221e+02 4.9270001221e+02 4.9270001221e+02
4.9010000610e+02 4.9000000000e+02 4.9000000000e+02 4.8989999390e+02 4.8989999390e+02 4.8979998779e+02 4.8989999390e+02 4.8989999390e+02 4.8979998779e+02 4.8970001221e+02 4.8970001221e+02 4.8960000610e+02 4.8950000000e+02 4.8950000000e+02 4.8950000000e+02 4.8950000000e+02 4.8950000000e+02 4.8939999390e+02 4.8939999390e+02 4.8939999390e+02 4.8929998779e+02 4.8929998779e+02 4.8929998779e+02 4.8920001221e+02 4.8920001221e+02 4.8929998779e+02 4.8939999390e+02 4.8939999390e+02 4.8950000000e+02 4.8950000000e+02 4.8960000610e+02 4.8970001221e+02 4.8979998779e+02 4.9000000000e+02 4.9029998779e+02 4.9060000610e+02 4.9089999390e+02 4.9120001221e+02 4.9160000610e+02 4.9189999390e+02 4.9229998779e+02 4.9260000610e+02 4.9270001221e+02 4.9270001221e+02 4.9270001221e+02 4.9270001221e+02
4.9010000610e+02 4.9010000610e+02 4.9000000000e+02 4.9000000000e+02 4.8989999390e+02 4.8989999390e+02 4.8989999390e+02 4.8989999390e+02 4.8989999390e+02 4.8979998779e+02 4.8970001221e+02 4.8970001221e+02 4.8960000610e+02 4.8960000610e+02 4.8960000610e+02 4.8950000000e+02 4.8950000000e+02 4.8950000000e+02 4.8939999390e+02 4.8939999390e+02 4.8929998779e+02 4.8929998779e+02 4.8929998779e+02 4.8920001221e+02 4.8920001221e+02 4.8929998779e+02 4.8939999390e+02 4.8939999390e+02 4.8950000000e+02 4.8960000610e+02 4.8960000610e+02 4.8970001221e+02 4.8979998779e+02 4.9000000000e+02 4.9020001221e+02 4.9050000000e+02 4.9079998779e+02 4.9110000610e+02 4.9150000000e+02 4.9179998779e+02 4.9220001221e+02 4.9250000000e+02 4.9260000610e+02 4.9270001221e+02 4.9270001221e+02 4.9279998779e+02
4.9010000610e+02 4.9010000610e+02 4.9000000000e+02 4.9000000000e+02 4.9000000000e+02 4.9000000000e+02 4.9000000000e+02 4.9000000000e+02 4.8989999390e+02 4.8989999390e+02 4.8979998779e+02 4.8970001221e+02 4.8970001221e+02 4.8960000610e+02 4.8960000610e+02 4.8950000000e+02 4.8950000000e+02 4.8950000000e+02 4.8939999390e+02 4.8939999390e+02 4.8929998779e+02 4.8929998779e+02 4.8929998779e+02 4.8929998779e+02 4.8920001221e+02 4.8920001221e+02 4.8939999390e+02 4.8950000000e+02 4.8960000610e+02 4.8960000610e+02 4.8960000610e+02 4.8970001221e+02 4.8979998779e+02 4.8989999390e+02 4.9010000610e+02 4.9039999390e+02 4.9070001221e+02 4.9100000000e+02 4.9139999390e+02 4.9170001221e+02 4.9210000610e+02 4.9239999390e+02 4.9260000610e+02 4.9270001221e+02 4.9270001221e+02 4.9279998779e+02
4.9010000610e+02 4.9010000610e+02 4.9010000610e+02 4.9000000000e+02 4.9000000000e+02 4.9000000000e+02 4.9010000610e+02 4.9000000000e+02 4.9000000000e+02 4.8989999390e+02 4.8979998779e+02 4.8979998779e+02 4.8970001221e+02 4.8970001221e+02 4.8960000610e+02 4.8950000000e+02 4.8950000000e+02 4.8950000000e+02 4.8950000000e+02 4.8939999390e+02 4.8939999390e+02 4.8929998779e+02 4.8929998779e+02 4.8920001221e+02 4.8920001221e+02 4.8920001221e+02 4.8929998779e+02 4.8939999390e+02 4.8950000000e+02 4.8960000610e+02 4.8960000610e+02 4.8970001221e+02 4.8970001221e+02 4.8979998779e+02 4.9000000000e+02 4.9029998779e+02 4.9060000610e+02 4.9089999390e+02 4.9129998779e+02 4.9170001221e+02 4.9200000000e+02 4.9220001221e+02 4.9250000000e+02 4.9260000610e+02 4.9270001221e+02 4.9279998779e+02
4.9020001221e+02 4.9020001221e+02 4.9020001221e+02 4.9010000610e+02 4.9010000610e+02 4.9010000610e+02 4.9010000610e+02 4.9010000610e+02 4.9000000000e+02 4.8989999390e+02 4.8989999390e+02 4.8979998779e+02 4.8979998779e+02 4.8970001221e+02 4.8960000610e+02 4.8950000000e+02 4.8950000000e+02 4.8950000000e+02 4.8950000000e+02 4.8950000000e+02 4.8939999390e+02 4.8939999390e+02 4.8929998779e+02 4.8920001221e+02 4.8920001221e+02 4.8920001221e+02 4.8929998779e+02 4.8939999390e+02 4.8939999390e+02 4.8960000610e+02 4.8970001221e+02 4.8970001221e+02 4.8970001221e+02 4.8970001221e+02 4.8989999390e+02 4.9020001221e+02 4.9050000000e+02 4.9089999390e+02 4.9120001221e+02 4.9160000610e+02 4.9189999390e+02 4.9210000610e+02 4.9239999390e+02 4.9260000610e+02 4.9270001221e+02 4.9279998779e+02
4.9020001221e+02 4.9020001221e+02 4.9020001221e+02 4.9020001221e+02 4.9010000610e+02 4.9010000610e+02 4.9010000610e+02 4.9010000610e+02 4.9000000000e+02 4.9000000000e+02 4.8989999390e+02 4.8989999390e+02 4.8979998779e+02 4.8979998779e+02 4.8970001221e+02 4.8960000610e+02 4.8950000000e+02 4.8950000000e+02 4.8950000000e+02 4.8950000000e+02 4.8939999390e+02 4.8939999390e+02 4.8929998779e+02 4.8920001221e+02 4.8920001221e+02 4.8920001221e+02 4.8929998779e+02 4.8929998779e+02 4.8939999390e+02 4.8950000000e+02 4.8960000610e+02 4.8960000610e+02 4.8960000610e+02 4.8970001221e+02 4.8989999390e+02 4.9010000610e+02 4.9039999390e+02 4.9079998779e+02 4.9110000610e+02 4.9150000000e+02 4.9179998779e+02 4.9200000000e+02 4.9229998779e+02 4.9260000610e+02 4.9270001221e+02 4.9279998779e+02
