DGM_1M_UPPER_AUSTRIA/48/11.asc
NCOLS 100
NROWS 100
XLLCORNER 6.4950500000e+04
YLLCORNER 2.9418850000e+05
CELLSIZE 1.0000000000e+00
NODATA_VALUE -9.9990000000e+03
[rows 40 to 59 of 100, columns 0 to 45 of 100]
5.3440002441e+02 5.3440002441e+02 5.3440002441e+02 5.3440002441e+02 5.3429998779e+02 5.3440002441e+02 5.3440002441e+02 5.3420001221e+02 5.3409997559e+02 5.3400000000e+02 5.3400000000e+02 5.3409997559e+02 5.3409997559e+02 5.3400000000e+02 5.3400000000e+02 5.3400000000e+02 5.3400000000e+02 5.3400000000e+02 5.3400000000e+02 5.3400000000e+02 5.3400000000e+02 5.3400000000e+02 5.3409997559e+02 5.3409997559e+02 5.3400000000e+02 5.3409997559e+02 5.3409997559e+02 5.3420001221e+02 5.3420001221e+02 5.3420001221e+02 5.3429998779e+02 5.3440002441e+02 5.3429998779e+02 5.3429998779e+02 5.3429998779e+02 5.3429998779e+02 5.3420001221e+02 5.3429998779e+02 5.3440002441e+02 5.3440002441e+02 5.3440002441e+02 5.3440002441e+02 5.3440002441e+02 5.3429998779e+02 5.3420001221e+02 5.3409997559e+02
5.3429998779e+02 5.3420001221e+02 5.3420001221e+02 5.3420001221e+02 5.3420001221e+02 5.3420001221e+02 5.3420001221e+02 5.3409997559e+02 5.3400000000e+02 5.3390002441e+02 5.3390002441e+02 5.3390002441e+02 5.3400000000e+02 5.3400000000e+02 5.3390002441e+02 5.3390002441e+02 5.3379998779e+02 5.3390002441e+02 5.3390002441e+02 5.3390002441e+02 5.3390002441e+02 5.3400000000e+02 5.3400000000e+02 5.3400000000e+02 5.3400000000e+02 5.3409997559e+02 5.3409997559e+02 5.3420001221e+02 5.3420001221e+02 5.3420001221e+02 5.3429998779e+02 5.3429998779e+02 5.3420001221e+02 5.3420001221e+02 5.3420001221e+02 5.3420001221e+02 5.3420001221e+02 5.3429998779e+02 5.3429998779e+02 5.3440002441e+02 5.3440002441e+02 5.3440002441e+02 5.3440002441e+02 5.3429998779e+02 5.3409997559e+02 5.3400000000e+02
5.3409997559e+02 5.3400000000e+02 5.3400000000e+02 5.3400000000e+02 5.3400000000e+02 5.3400000000e+02 5.3400000000e+02 5.3400000000e+02 5.3390002441e+02 5.3390002441e+02 5.3390002441e+02 5.3379998779e+02 5.3390002441e+02 5.3390002441e+02 5.3390002441e+02 5.3390002441e+02 5.3390002441e+02 5.3390002441e+02 5.3390002441e+02 5.3390002441e+02 5.3390002441e+02 5.3390002441e+02 5.3390002441e+02 5.3400000000e+02 5.3409997559e+02 5.3420001221e+02 5.3420001221e+02 5.3429998779e+02 5.3429998779e+02 5.3429998779e+02 5.3429998779e+02 5.3429998779e+02 5.3429998779e+02 5.3420001221e+02 5.3420001221e+02 5.3420001221e+02 5.3420001221e+02 5.3429998779e+02 5.3440002441e+02 5.3440002441e+02 5.3450000000e+02 5.3440002441e+02 5.3440002441e+02 5.3440002441e+02 5.3420001221e+02 5.3400000000e+02
5.3390002441e+02 5.3390002441e+02 5.3390002441e+02 5.3379998779e+02 5.3379998779e+02 5.3390002441e+02 5.3390002441e+02 5.3400000000e+02 5.3390002441e+02 5.3390002441e+02 5.3390002441e+02 5.3390002441e+02 5.3390002441e+02 5.3390002441e+02 5.3400000000e+02 5.3400000000e+02 5.3400000000e+02 5.3400000000e+02 5.3400000000e+02 5.3400000000e+02 5.3400000000e+02 5.3409997559e+02 5.3409997559e+02 5.3409997559e+02 5.3420001221e+02 5.3429998779e+02 5.3440002441e+02 5.3450000000e+02 5.3450000000e+02 5.3450000000e+02 5.3440002441e+02 5.3450000000e+02 5.3440002441e+02 5.3429998779e+02 5.3429998779e+02 5.3429998779e+02 5.3429998779e+02 5.3440002441e+02 5.3450000000e+02 5.3450000000e+02 5.3450000000e+02 5.3450000000e+02 5.3450000000e+02 5.3450000000e+02 5.3429998779e+02 5.3409997559e+02
5.3370001221e+02 5.3379998779e+02 5.3379998779e+02 5.3370001221e+02 5.3379998779e+02 5.3390002441e+02 5.3400000000e+02 5.3390002441e+02 5.3390002441e+02 5.3390002441e+02 5.3390002441e+02 5.3390002441e+02 5.3400000000e+02 5.3400000000e+02 5.3400000000e+02 5.3400000000e+02 5.3409997559e+02 5.3420001221e+02 5.3409997559e+02 5.3409997559e+02 5.3409997559e+02 5.3420001221e+02 5.3420001221e+02 5.3420001221e+02 5.3440002441e+02 5.3450000000e+02 5.3459997559e+02 5.3459997559e+02 5.3459997559e+02 5.3459997559e+02 5.3470001221e+02 5.3470001221e+02 5.3459997559e+02 5.3450000000e+02 5.3440002441e+02 5.3440002441e+02 5.3440002441e+02 5.3450000000e+02 5.3459997559e+02 5.3470001221e+02 5.3470001221e+02 5.3459997559e+02 5.3459997559e+02 5.3459997559e+02 5.3440002441e+02 5.3420001221e+02
5.3370001221e+02 5.3370001221e+02 5.3379998779e+02 5.3370001221e+02 5.3379998779e+02 5.3400000000e+02 5.3400000000e+02 5.3400000000e+02 5.3400000000e+02 5.3400000000e+02 5.3400000000e+02 5.3400000000e+02 5.3400000000e+02 5.3409997559e+02 5.3409997559e+02 5.3409997559e+02 5.3420001221e+02 5.3429998779e+02 5.3420001221e+02 5.3420001221e+02 5.3420001221e+02 5.3420001221e+02 5.3420001221e+02 5.3429998779e+02 5.3450000000e+02 5.3459997559e+02 5.3470001221e+02 5.3479998779e+02 5.3470001221e+02 5.3470001221e+02 5.3470001221e+02 5.3479998779e+02 5.3479998779e+02 5.3459997559e+02 5.3450000000e+02 5.3450000000e+02 5.3450000000e+02 5.3470001221e+02 5.3479998779e+02 5.3479998779e+02 5.3479998779e+02 5.3470001221e+02 5.3470001221e+02 5.3459997559e+02 5.3450000000e+02 5.3429998779e+02
5.3370001221e+02 5.3379998779e+02 5.3379998779e+02 5.3379998779e+02 5.3390002441e+02 5.3400000000e+02 5.3400000000e+02 5.3400000000e+02 5.3400000000e+02 5.3409997559e+02 5.3409997559e+02 5.3420001221e+02 5.3409997559e+02 5.3420001221e+02 5.3420001221e+02 5.3429998779e+02 5.3429998779e+02 5.3440002441e+02 5.3429998779e+02 5.3429998779e+02 5.3429998779e+02 5.3429998779e+02 5.3429998779e+02 5.3440002441e+02 5.3450000000e+02 5.3459997559e+02 5.3470001221e+02 5.3479998779e+02 5.3479998779e+02 5.3479998779e+02 5.3479998779e+02 5.3479998779e+02 5.3479998779e+02 5.3470001221e+02 5.3459997559e+02 5.3450000000e+02 5.3459997559e+02 5.3470001221e+02 5.3479998779e+02 5.3490002441e+02 5.3500000000e+02 5.3479998779e+02 5.3470001221e+02 5.3459997559e+02 5.3450000000e+02 5.3440002441e+02
5.3379998779e+02 5.3390002441e+02 5.3390002441e+02 5.3400000000e+02 5.3400000000e+02 5.3409997559e+02 5.3409997559e+02 5.3409997559e+02 5.3409997559e+02 5.3420001221e+02 5.3420001221e+02 5.3420001221e+02 5.3420001221e+02 5.3420001221e+02 5.3429998779e+02 5.3450000000e+02 5.3450000000e+02 5.3450000000e+02 5.3450000000e+02 5.3450000000e+02 5.3440002441e+02 5.3440002441e+02 5.3429998779e+02 5.3440002441e+02 5.3450000000e+02 5.3459997559e+02 5.3470001221e+02 5.3479998779e+02 5.3479998779e+02 5.3479998779e+02 5.3470001221e+02 5.3470001221e+02 5.3470001221e+02 5.3459997559e+02 5.3450000000e+02 5.3459997559e+02 5.3459997559e+02 5.3470001221e+02 5.3479998779e+02 5.3490002441e+02 5.3500000000e+02 5.3479998779e+02 5.3470001221e+02 5.3450000000e+02 5.3440002441e+02 5.3429998779e+02
5.3400000000e+02 5.3400000000e+02 5.3400000000e+02 5.3409997559e+02 5.3409997559e+02 5.3409997559e+02 5.3409997559e+02 5.3409997559e+02 5.3420001221e+02 5.3420001221e+02 5.3429998779e+02 5.3429998779e+02 5.3429998779e+02 5.3429998779e+02 5.3440002441e+02 5.3459997559e+02 5.3459997559e+02 5.3459997559e+02 5.3459997559e+02 5.3459997559e+02 5.3459997559e+02 5.3450000000e+02 5.3440002441e+02 5.3429998779e+02 5.3440002441e+02 5.3450000000e+02 5.3459997559e+02 5.3459997559e+02 5.3470001221e+02 5.3470001221e+02 5.3470001221e+02 5.3459997559e+02 5.3450000000e+02 5.3440002441e+02 5.3440002441e+02 5.3440002441e+02 5.3459997559e+02 5.3459997559e+02 5.3470001221e+02 5.3479998779e+02 5.3479998779e+02 5.3470001221e+02 5.3450000000e+02 5.3440002441e+02 5.3429998779e+02 5.3420001221e+02
5.3409997559e+02 5.3420001221e+02 5.3409997559e+02 5.3420001221e+02 5.3420001221e+02 5.3429998779e+02 5.3429998779e+02 5.3429998779e+02 5.3429998779e+02 5.3420001221e+02 5.3429998779e+02 5.3429998779e+02 5.3429998779e+02 5.3429998779e+02 5.3440002441e+02 5.3450000000e+02 5.3450000000e+02 5.3459997559e+02 5.3470001221e+02 5.3470001221e+02 5.3470001221e+02 5.3459997559e+02 5.3440002441e+02 5.3420001221e+02 5.3429998779e+02 5.3450000000e+02 5.3450000000e+02 5.3450000000e+02 5.3450000000e+02 5.3459997559e+02 5.3450000000e+02 5.3450000000e+02 5.3440002441e+02 5.3429998779e+02 5.3420001221e+02 5.3429998779e+02 5.3450000000e+02 5.3459997559e+02 5.3459997559e+02 5.3459997559e+02 5.3459997559e+02 5.3450000000e+02 5.3440002441e+02 5.3429998779e+02 5.3420001221e+02 5.3409997559e+02
5.3429998779e+02 5.3429998779e+02 5.3420001221e+02 5.3420001221e+02 5.3429998779e+02 5.3440002441e+02 5.3440002441e+02 5.3440002441e+02 5.3429998779e+02 5.3429998779e+02 5.3420001221e+02 5.3429998779e+02 5.3429998779e+02 5.3429998779e+02 5.3440002441e+02 5.3450000000e+02 5.3450000000e+02 5.3459997559e+02 5.3470001221e+02 5.3470001221e+02 5.3470001221e+02 5.3459997559e+02 5.3429998779e+02 5.3420001221e+02 5.3429998779e+02 5.3440002441e+02 5.3450000000e+02 5.3450000000e+02 5.3440002441e+02 5.3450000000e+02 5.3440002441e+02 5.3440002441e+02 5.3429998779e+02 5.3429998779e+02 5.3420001221e+02 5.3429998779e+02 5.3440002441e+02 5.3450000000e+02 5.3450000000e+02 5.3450000000e+02 5.3450000000e+02 5.3450000000e+02 5.3450000000e+02 5.3429998779e+02 5.3409997559e+02 5.3390002441e+02
5.3429998779e+02 5.3429998779e+02 5.3420001221e+02 5.3420001221e+02 5.3429998779e+02 5.3429998779e+02 5.3440002441e+02 5.3440002441e+02 5.3440002441e+02 5.3440002441e+02 5.3429998779e+02 5.3429998779e+02 5.3429998779e+02 5.3420001221e+02 5.3440002441e+02 5.3450000000e+02 5.3450000000e+02 5.3450000000e+02 5.3459997559e+02 5.3470001221e+02 5.3459997559e+02 5.3440002441e+02 5.3429998779e+02 5.3420001221e+02 5.3429998779e+02 5.3440002441e+02 5.3450000000e+02 5.3450000000e+02 5.3440002441e+02 5.3440002441e+02 5.3429998779e+02 5.3420001221e+02 5.3420001221e+02 5.3420001221e+02 5.3420001221e+02 5.3420001221e+02 5.3429998779e+02 5.3429998779e+02 5.3440002441e+02 5.3450000000e+02 5.3450000000e+02 5.3450000000e+02 5.3440002441e+02 5.3409997559e+02 5.3379998779e+02 5.3350000000e+02
5.3429998779e+02 5.3429998779e+02 5.3429998779e+02 5.3429998779e+02 5.3429998779e+02 5.3429998779e+02 5.3429998779e+02 5.3440002441e+02 5.3440002441e+02 5.3440002441e+02 5.3429998779e+02 5.3429998779e+02 5.3420001221e+02 5.3409997559e+02 5.3429998779e+02 5.3440002441e+02 5.3440002441e+02 5.3450000000e+02 5.3450000000e+02 5.3450000000e+02 5.3450000000e+02 5.3429998779e+02 5.3429998779e+02 5.3429998779e+02 5.3440002441e+02 5.3450000000e+02 5.3450000000e+02 5.3440002441e+02 5.3429998779e+02 5.3420001221e+02 5.3420001221e+02 5.3420001221e+02 5.3420001221e+02 5.3420001221e+02 5.3420001221e+02 5.3420001221e+02 5.3420001221e+02 5.3420001221e+02 5.3429998779e+02 5.3450000000e+02 5.3440002441e+02 5.3429998779e+02 5.3409997559e+02 5.3379998779e+02 5.3340002441e+02 5.3300000000e+02
5.3429998779e+02 5.3429998779e+02 5.3440002441e+02 5.3429998779e+02 5.3429998779e+02 5.3429998779e+02 5.3429998779e+02 5.3440002441e+02 5.3440002441e+02 5.3429998779e+02 5.3429998779e+02 5.3429998779e+02 5.3409997559e+02 5.3409997559e+02 5.3429998779e+02 5.3440002441e+02 5.3440002441e+02 5.3440002441e+02 5.3450000000e+02 5.3440002441e+02 5.3440002441e+02 5.3429998779e+02 5.3429998779e+02 5.3440002441e+02 5.3450000000e+02 5.3450000000e+02 5.3440002441e+02 5.3429998779e+02 5.3429998779e+02 5.3420001221e+02 5.3420001221e+02 5.3420001221e+02 5.3420001221e+02 5.3420001221e+02 5.3409997559e+02 5.3409997559e+02 5.3409997559e+02 5.3409997559e+02 5.3409997559e+02 5.3420001221e+02 5.3409997559e+02 5.3400000000e+02 5.3379998779e+02 5.3340002441e+02 5.3300000000e+02 5.3250000000e+02
5.3420001221e+02 5.3429998779e+02 5.3429998779e+02 5.3429998779e+02 5.3429998779e+02 5.3429998779e+02 5.3420001221e+02 5.3429998779e+02 5.3429998779e+02 5.3429998779e+02 5.3429998779e+02 5.3429998779e+02 5.3420001221e+02 5.3409997559e+02 5.3420001221e+02 5.3429998779e+02 5.3440002441e+02 5.3440002441e+02 5.3440002441e+02 5.3429998779e+02 5.3429998779e+02 5.3440002441e+02 5.3440002441e+02 5.3440002441e+02 5.3450000000e+02 5.3450000000e+02 5.3440002441e+02 5.3420001221e+02 5.3420001221e+02 5.3409997559e+02 5.3420001221e+02 5.3420001221e+02 5.3420001221e+02 5.3409997559e+02 5.3400000000e+02 5.3390002441e+02 5.3379998779e+02 5.3370001221e+02 5.3359997559e+02 5.3359997559e+02 5.3359997559e+02 5.3350000000e+02 5.3329998779e+02 5.3290002441e+02 5.3240002441e+02 5.3200000000e+02
5.3409997559e+02 5.3429998779e+02 5.3429998779e+02 5.3420001221e+02 5.3420001221e+02 5.3420001221e+02 5.3420001221e+02 5.3420001221e+02 5.3409997559e+02 5.3420001221e+02 5.3429998779e+02 5.3429998779e+02 5.3420001221e+02 5.3409997559e+02 5.3409997559e+02 5.3420001221e+02 5.3429998779e+02 5.3429998779e+02 5.3429998779e+02 5.3429998779e+02 5.3429998779e+02 5.3440002441e+02 5.3440002441e+02 5.3440002441e+02 5.3440002441e+02 5.3440002441e+02 5.3420001221e+02 5.3420001221e+02 5.3409997559e+02 5.3409997559e+02 5.3420001221e+02 5.3420001221e+02 5.3409997559e+02 5.3390002441e+02 5.3379998779e+02 5.3350000000e+02 5.3329998779e+02 5.3309997559e+02 5.3290002441e+02 5.3279998779e+02 5.3279998779e+02 5.3279998779e+02 5.3259997559e+02 5.3220001221e+02 5.3170001221e+02 5.3129998779e+02
5.3400000000e+02 5.3420001221e+02 5.3420001221e+02 5.3409997559e+02 5.3409997559e+02 5.3420001221e+02 5.3420001221e+02 5.3420001221e+02 5.3409997559e+02 5.3420001221e+02 5.3420001221e+02 5.3420001221e+02 5.3420001221e+02 5.3409997559e+02 5.3409997559e+02 5.3409997559e+02 5.3420001221e+02 5.3420001221e+02 5.3429998779e+02 5.3429998779e+02 5.3440002441e+02 5.3450000000e+02 5.3450000000e+02 5.3450000000e+02 5.3440002441e+02 5.3429998779e+02 5.3420001221e+02 5.3409997559e+02 5.3409997559e+02 5.3409997559e+02 5.3409997559e+02 5.3390002441e+02 5.3370001221e+02 5.3340002441e+02 5.3320001221e+02 5.3279998779e+02 5.3259997559e+02 5.3229998779e+02 5.3209997559e+02 5.3200000000e+02 5.3200000000e+02 5.3190002441e+02 5.3170001221e+02 5.3120001221e+02 5.3079998779e+02 5.3029998779e+02
5.3400000000e+02 5.3400000000e+02 5.3409997559e+02 5.3409997559e+02 5.3400000000e+02 5.3409997559e+02 5.3409997559e+02 5.3400000000e+02 5.3400000000e+02 5.3409997559e+02 5.3409997559e+02 5.3409997559e+02 5.3409997559e+02 5.3409997559e+02 5.3400000000e+02 5.3400000000e+02 5.3400000000e+02 5.3409997559e+02 5.3420001221e+02 5.3429998779e+02 5.3429998779e+02 5.3440002441e+02 5.3440002441e+02 5.3450000000e+02 5.3440002441e+02 5.3420001221e+02 5.3409997559e+02 5.3400000000e+02 5.3409997559e+02 5.3400000000e+02 5.3370001221e+02 5.3340002441e+02 5.3309997559e+02 5.3270001221e+02 5.3229998779e+02 5.3200000000e+02 5.3170001221e+02 5.3150000000e+02 5.3129998779e+02 5.3120001221e+02 5.3109997559e+02 5.3090002441e+02 5.3050000000e+02 5.2990002441e+02 5.2950000000e+02 5.2920001221e+02
5.3390002441e+02 5.3400000000e+02 5.3409997559e+02 5.3409997559e+02 5.3400000000e+02 5.3400000000e+02 5.3400000000e+02 5.3400000000e+02 5.3400000000e+02 5.3400000000e+02 5.3400000000e+02 5.3400000000e+02 5.3400000000e+02 5.3400000000e+02 5.3390002441e+02 5.3390002441e+02 5.3390002441e+02 5.3400000000e+02 5.3400000000e+02 5.3409997559e+02 5.3409997559e+02 5.3390002441e+02 5.3370001221e+02 5.3370001221e+02 5.3359997559e+02 5.3340002441e+02 5.3340002441e+02 5.3350000000e+02 5.3340002441e+02 5.3290002441e+02 5.3229998779e+02 5.3190002441e+02 5.3170001221e+02 5.3140002441e+02 5.3109997559e+02 5.3100000000e+02 5.3079998779e+02 5.3059997559e+02 5.3050000000e+02 5.3040002441e+02 5.3020001221e+02 5.2979998779e+02 5.2929998779e+02 5.2870001221e+02 5.2829998779e+02 5.2800000000e+02
5.3400000000e+02 5.3400000000e+02 5.3400000000e+02 5.3400000000e+02 5.3390002441e+02 5.3390002441e+02 5.3390002441e+02 5.3400000000e+02 5.3400000000e+02 5.3390002441e+02 5.3390002441e+02 5.3390002441e+02 5.3390002441e+02 5.3390002441e+02 5.3370001221e+02 5.3370001221e+02 5.3370001221e+02 5.3379998779e+02 5.3329998779e+02 5.3279998779e+02 5.3259997559e+02 5.3200000000e+02 5.3140002441e+02 5.3120001221e+02 5.3120001221e+02 5.3109997559e+02 5.3140002441e+02 5.3209997559e+02 5.3190002441e+02 5.3090002441e+02 5.3020001221e+02 5.2979998779e+02 5.2979998779e+02 5.2979998779e+02 5.2970001221e+02 5.2990002441e+02 5.2990002441e+02 5.2970001221e+02 5.2959997559e+02 5.2950000000e+02 5.2920001221e+02 5.2870001221e+02 5.2800000000e+02 5.2740002441e+02 5.2690002441e+02 5.2670001221e+02
