DGM_1M_UPPER_AUSTRIA/48/11.asc
NCOLS 100
NROWS 100
XLLCORNER 6.4950500000e+04
YLLCORNER 2.9418850000e+05
CELLSIZE 1.0000000000e+00
NODATA_VALUE -9.9990000000e+03
[rows 80 to 99 of 100, columns 0 to 45 of 100]
5.2050000000e+02 5.2059997559e+02 5.2059997559e+02 5.2079998779e+02 5.2150000000e+02 5.2209997559e+02 5.2250000000e+02 5.2300000000e+02 5.2329998779e+02 5.2370001221e+02 5.2400000000e+02 5.2409997559e+02 5.2420001221e+02 5.2420001221e+02 5.2429998779e+02 5.2429998779e+02 5.2429998779e+02 5.2429998779e+02 5.2420001221e+02 5.2429998779e+02 5.2429998779e+02 5.2429998779e+02 5.2420001221e+02 5.2429998779e+02 5.2450000000e+02 5.2479998779e+02 5.2509997559e+02 5.2509997559e+02 5.2509997559e+02 5.2490002441e+02 5.2490002441e+02 5.2500000000e+02 5.2509997559e+02 5.2529998779e+02 5.2579998779e+02 5.2679998779e+02 5.2759997559e+02 5.2790002441e+02 5.2809997559e+02 5.2790002441e+02 5.2750000000e+02 5.2720001221e+02 5.2690002441e+02 5.2670001221e+02 5.2650000000e+02 5.2640002441e+02
5.2059997559e+02 5.2070001221e+02 5.2079998779e+02 5.2120001221e+02 5.2220001221e+02 5.2300000000e+02 5.2329998779e+02 5.2359997559e+02 5.2390002441e+02 5.2420001221e+02 5.2450000000e+02 5.2470001221e+02 5.2490002441e+02 5.2500000000e+02 5.2500000000e+02 5.2520001221e+02 5.2529998779e+02 5.2550000000e+02 5.2540002441e+02 5.2559997559e+02 5.2550000000e+02 5.2550000000e+02 5.2540002441e+02 5.2570001221e+02 5.2609997559e+02 5.2640002441e+02 5.2670001221e+02 5.2679998779e+02 5.2659997559e+02 5.2629998779e+02 5.2620001221e+02 5.2629998779e+02 5.2650000000e+02 5.2700000000e+02 5.2770001221e+02 5.2850000000e+02 5.2900000000e+02 5.2940002441e+02 5.2950000000e+02 5.2929998779e+02 5.2890002441e+02 5.2850000000e+02 5.2820001221e+02 5.2790002441e+02 5.2779998779e+02 5.2779998779e+02
5.2090002441e+02 5.2109997559e+02 5.2140002441e+02 5.2190002441e+02 5.2300000000e+02 5.2379998779e+02 5.2409997559e+02 5.2420001221e+02 5.2450000000e+02 5.2490002441e+02 5.2509997559e+02 5.2540002441e+02 5.2579998779e+02 5.2600000000e+02 5.2600000000e+02 5.2609997559e+02 5.2629998779e+02 5.2659997559e+02 5.2679998779e+02 5.2690002441e+02 5.2709997559e+02 5.2690002441e+02 5.2690002441e+02 5.2720001221e+02 5.2750000000e+02 5.2770001221e+02 5.2779998779e+02 5.2800000000e+02 5.2779998779e+02 5.2750000000e+02 5.2750000000e+02 5.2759997559e+02 5.2800000000e+02 5.2859997559e+02 5.2909997559e+02 5.2959997559e+02 5.3009997559e+02 5.3050000000e+02 5.3059997559e+02 5.3040002441e+02 5.3000000000e+02 5.2959997559e+02 5.2929998779e+02 5.2900000000e+02 5.2900000000e+02 5.2900000000e+02
5.2150000000e+02 5.2209997559e+02 5.2259997559e+02 5.2309997559e+02 5.2390002441e+02 5.2450000000e+02 5.2479998779e+02 5.2500000000e+02 5.2550000000e+02 5.2590002441e+02 5.2609997559e+02 5.2629998779e+02 5.2679998779e+02 5.2700000000e+02 5.2709997559e+02 5.2709997559e+02 5.2709997559e+02 5.2740002441e+02 5.2759997559e+02 5.2779998779e+02 5.2800000000e+02 5.2790002441e+02 5.2790002441e+02 5.2809997559e+02 5.2829998779e+02 5.2829998779e+02 5.2829998779e+02 5.2840002441e+02 5.2840002441e+02 5.2840002441e+02 5.2859997559e+02 5.2879998779e+02 5.2920001221e+02 5.2959997559e+02 5.3000000000e+02 5.3040002441e+02 5.3090002441e+02 5.3129998779e+02 5.3150000000e+02 5.3140002441e+02 5.3109997559e+02 5.3059997559e+02 5.3029998779e+02 5.3009997559e+02 5.3009997559e+02 5.3009997559e+02
5.2240002441e+02 5.2309997559e+02 5.2370001221e+02 5.2429998779e+02 5.2479998779e+02 5.2529998779e+02 5.2570001221e+02 5.2600000000e+02 5.2650000000e+02 5.2690002441e+02 5.2709997559e+02 5.2720001221e+02 5.2750000000e+02 5.2770001221e+02 5.2770001221e+02 5.2770001221e+02 5.2770001221e+02 5.2779998779e+02 5.2800000000e+02 5.2820001221e+02 5.2829998779e+02 5.2829998779e+02 5.2829998779e+02 5.2840002441e+02 5.2850000000e+02 5.2850000000e+02 5.2850000000e+02 5.2850000000e+02 5.2870001221e+02 5.2890002441e+02 5.2929998779e+02 5.2959997559e+02 5.2990002441e+02 5.3029998779e+02 5.3070001221e+02 5.3100000000e+02 5.3150000000e+02 5.3200000000e+02 5.3220001221e+02 5.3220001221e+02 5.3209997559e+02 5.3170001221e+02 5.3140002441e+02 5.3120001221e+02 5.3100000000e+02 5.3120001221e+02
5.2350000000e+02 5.2429998779e+02 5.2500000000e+02 5.2540002441e+02 5.2579998779e+02 5.2629998779e+02 5.2659997559e+02 5.2690002441e+02 5.2729998779e+02 5.2750000000e+02 5.2759997559e+02 5.2770001221e+02 5.2779998779e+02 5.2790002441e+02 5.2790002441e+02 5.2800000000e+02 5.2800000000e+02 5.2800000000e+02 5.2820001221e+02 5.2829998779e+02 5.2840002441e+02 5.2840002441e+02 5.2840002441e+02 5.2840002441e+02 5.2850000000e+02 5.2850000000e+02 5.2859997559e+02 5.2879998779e+02 5.2909997559e+02 5.2950000000e+02 5.2979998779e+02 5.3020001221e+02 5.3050000000e+02 5.3090002441e+02 5.3120001221e+02 5.3159997559e+02 5.3200000000e+02 5.3240002441e+02 5.3270001221e+02 5.3279998779e+02 5.3279998779e+02 5.3259997559e+02 5.3240002441e+02 5.3209997559e+02 5.3209997559e+02 5.3220001221e+02
5.2490002441e+02 5.2570001221e+02 5.2629998779e+02 5.2659997559e+02 5.2679998779e+02 5.2709997559e+02 5.2720001221e+02 5.2740002441e+02 5.2759997559e+02 5.2770001221e+02 5.2779998779e+02 5.2779998779e+02 5.2790002441e+02 5.2800000000e+02 5.2809997559e+02 5.2809997559e+02 5.2809997559e+02 5.2809997559e+02 5.2809997559e+02 5.2829998779e+02 5.2840002441e+02 5.2840002441e+02 5.2840002441e+02 5.2850000000e+02 5.2859997559e+02 5.2859997559e+02 5.2879998779e+02 5.2909997559e+02 5.2950000000e+02 5.3000000000e+02 5.3040002441e+02 5.3090002441e+02 5.3120001221e+02 5.3159997559e+02 5.3179998779e+02 5.3209997559e+02 5.3240002441e+02 5.3279998779e+02 5.3309997559e+02 5.3320001221e+02 5.3309997559e+02 5.3300000000e+02 5.3290002441e+02 5.3279998779e+02 5.3290002441e+02 5.3309997559e+02
5.2620001221e+02 5.2670001221e+02 5.2709997559e+02 5.2729998779e+02 5.2740002441e+02 5.2740002441e+02 5.2750000000e+02 5.2759997559e+02 5.2770001221e+02 5.2779998779e+02 5.2790002441e+02 5.2790002441e+02 5.2800000000e+02 5.2809997559e+02 5.2820001221e+02 5.2820001221e+02 5.2820001221e+02 5.2809997559e+02 5.2820001221e+02 5.2829998779e+02 5.2840002441e+02 5.2840002441e+02 5.2850000000e+02 5.2870001221e+02 5.2879998779e+02 5.2900000000e+02 5.2920001221e+02 5.2959997559e+02 5.3009997559e+02 5.3059997559e+02 5.3100000000e+02 5.3150000000e+02 5.3190002441e+02 5.3220001221e+02 5.3240002441e+02 5.3259997559e+02 5.3279998779e+02 5.3300000000e+02 5.3320001221e+02 5.3320001221e+02 5.3320001221e+02 5.3309997559e+02 5.3309997559e+02 5.3309997559e+02 5.3329998779e+02 5.3340002441e+02
5.2690002441e+02 5.2709997559e+02 5.2729998779e+02 5.2750000000e+02 5.2759997559e+02 5.2759997559e+02 5.2759997559e+02 5.2770001221e+02 5.2770001221e+02 5.2779998779e+02 5.2790002441e+02 5.2790002441e+02 5.2800000000e+02 5.2820001221e+02 5.2829998779e+02 5.2820001221e+02 5.2820001221e+02 5.2820001221e+02 5.2829998779e+02 5.2840002441e+02 5.2850000000e+02 5.2859997559e+02 5.2879998779e+02 5.2900000000e+02 5.2920001221e+02 5.2940002441e+02 5.2970001221e+02 5.3020001221e+02 5.3070001221e+02 5.3120001221e+02 5.3159997559e+02 5.3209997559e+02 5.3250000000e+02 5.3279998779e+02 5.3290002441e+02 5.3300000000e+02 5.3309997559e+02 5.3309997559e+02 5.3320001221e+02 5.3320001221e+02 5.3320001221e+02 5.3320001221e+02 5.3320001221e+02 5.3320001221e+02 5.3340002441e+02 5.3340002441e+02
5.2720001221e+02 5.2729998779e+02 5.2740002441e+02 5.2750000000e+02 5.2759997559e+02 5.2759997559e+02 5.2770001221e+02 5.2770001221e+02 5.2779998779e+02 5.2790002441e+02 5.2790002441e+02 5.2800000000e+02 5.2809997559e+02 5.2820001221e+02 5.2829998779e+02 5.2829998779e+02 5.2829998779e+02 5.2829998779e+02 5.2850000000e+02 5.2870001221e+02 5.2879998779e+02 5.2890002441e+02 5.2909997559e+02 5.2940002441e+02 5.2959997559e+02 5.2979998779e+02 5.3020001221e+02 5.3079998779e+02 5.3129998779e+02 5.3179998779e+02 5.3220001221e+02 5.3259997559e+02 5.3290002441e+02 5.3309997559e+02 5.3320001221e+02 5.3320001221e+02 5.3320001221e+02 5.3320001221e+02 5.3309997559e+02 5.3309997559e+02 5.3309997559e+02 5.3320001221e+02 5.3329998779e+02 5.3329998779e+02 5.3340002441e+02 5.3340002441e+02
5.2729998779e+02 5.2740002441e+02 5.2750000000e+02 5.2759997559e+02 5.2759997559e+02 5.2759997559e+02 5.2770001221e+02 5.2770001221e+02 5.2790002441e+02 5.2790002441e+02 5.2790002441e+02 5.2800000000e+02 5.2800000000e+02 5.2820001221e+02 5.2829998779e+02 5.2829998779e+02 5.2840002441e+02 5.2850000000e+02 5.2879998779e+02 5.2909997559e+02 5.2920001221e+02 5.2940002441e+02 5.2959997559e+02 5.2990002441e+02 5.3020001221e+02 5.3050000000e+02 5.3090002441e+02 5.3140002441e+02 5.3190002441e+02 5.3240002441e+02 5.3270001221e+02 5.3300000000e+02 5.3309997559e+02 5.3320001221e+02 5.3329998779e+02 5.3320001221e+02 5.3320001221e+02 5.3309997559e+02 5.3309997559e+02 5.3300000000e+02 5.3300000000e+02 5.3309997559e+02 5.3329998779e+02 5.3329998779e+02 5.3340002441e+02 5.3329998779e+02
5.2740002441e+02 5.2750000000e+02 5.2759997559e+02 5.2759997559e+02 5.2759997559e+02 5.2759997559e+02 5.2759997559e+02 5.2770001221e+02 5.2790002441e+02 5.2790002441e+02 5.2790002441e+02 5.2790002441e+02 5.2800000000e+02 5.2809997559e+02 5.2829998779e+02 5.2840002441e+02 5.2859997559e+02 5.2879998779e+02 5.2909997559e+02 5.2940002441e+02 5.2970001221e+02 5.2990002441e+02 5.3020001221e+02 5.3040002441e+02 5.3079998779e+02 5.3109997559e+02 5.3140002441e+02 5.3179998779e+02 5.3240002441e+02 5.3279998779e+02 5.3300000000e+02 5.3309997559e+02 5.3320001221e+02 5.3320001221e+02 5.3320001221e+02 5.3309997559e+02 5.3309997559e+02 5.3309997559e+02 5.3300000000e+02 5.3300000000e+02 5.3300000000e+02 5.3309997559e+02 5.3329998779e+02 5.3329998779e+02 5.3329998779e+02 5.3329998779e+02
5.2740002441e+02 5.2750000000e+02 5.2759997559e+02 5.2759997559e+02 5.2759997559e+02 5.2759997559e+02 5.2759997559e+02 5.2770001221e+02 5.2790002441e+02 5.2790002441e+02 5.2800000000e+02 5.2800000000e+02 5.2809997559e+02 5.2820001221e+02 5.2850000000e+02 5.2870001221e+02 5.2890002441e+02 5.2920001221e+02 5.2950000000e+02 5.2979998779e+02 5.3009997559e+02 5.3040002441e+02 5.3070001221e+02 5.3090002441e+02 5.3129998779e+02 5.3159997559e+02 5.3190002441e+02 5.3229998779e+02 5.3270001221e+02 5.3300000000e+02 5.3309997559e+02 5.3309997559e+02 5.3320001221e+02 5.3320001221e+02 5.3309997559e+02 5.3300000000e+02 5.3300000000e+02 5.3300000000e+02 5.3300000000e+02 5.3300000000e+02 5.3300000000e+02 5.3320001221e+02 5.3320001221e+02 5.3329998779e+02 5.3329998779e+02 5.3329998779e+02
5.2740002441e+02 5.2750000000e+02 5.2759997559e+02 5.2759997559e+02 5.2759997559e+02 5.2759997559e+02 5.2770001221e+02 5.2779998779e+02 5.2790002441e+02 5.2800000000e+02 5.2809997559e+02 5.2809997559e+02 5.2820001221e+02 5.2840002441e+02 5.2870001221e+02 5.2909997559e+02 5.2940002441e+02 5.2970001221e+02 5.3000000000e+02 5.3029998779e+02 5.3070001221e+02 5.3100000000e+02 5.3120001221e+02 5.3150000000e+02 5.3179998779e+02 5.3209997559e+02 5.3240002441e+02 5.3270001221e+02 5.3300000000e+02 5.3320001221e+02 5.3320001221e+02 5.3309997559e+02 5.3309997559e+02 5.3309997559e+02 5.3300000000e+02 5.3300000000e+02 5.3290002441e+02 5.3290002441e+02 5.3290002441e+02 5.3290002441e+02 5.3300000000e+02 5.3320001221e+02 5.3320001221e+02 5.3320001221e+02 5.3320001221e+02 5.3320001221e+02
5.2740002441e+02 5.2750000000e+02 5.2759997559e+02 5.2759997559e+02 5.2770001221e+02 5.2779998779e+02 5.2790002441e+02 5.2800000000e+02 5.2809997559e+02 5.2820001221e+02 5.2820001221e+02 5.2829998779e+02 5.2850000000e+02 5.2879998779e+02 5.2909997559e+02 5.2959997559e+02 5.3000000000e+02 5.3040002441e+02 5.3070001221e+02 5.3100000000e+02 5.3140002441e+02 5.3159997559e+02 5.3179998779e+02 5.3209997559e+02 5.3229998779e+02 5.3259997559e+02 5.3279998779e+02 5.3300000000e+02 5.3320001221e+02 5.3320001221e+02 5.3320001221e+02 5.3309997559e+02 5.3309997559e+02 5.3309997559e+02 5.3300000000e+02 5.3300000000e+02 5.3290002441e+02 5.3290002441e+02 5.3290002441e+02 5.3290002441e+02 5.3300000000e+02 5.3309997559e+02 5.3320001221e+02 5.3320001221e+02 5.3309997559e+02 5.3309997559e+02
5.2750000000e+02 5.2750000000e+02 5.2759997559e+02 5.2770001221e+02 5.2779998779e+02 5.2800000000e+02 5.2809997559e+02 5.2820001221e+02 5.2820001221e+02 5.2840002441e+02 5.2859997559e+02 5.2870001221e+02 5.2900000000e+02 5.2929998779e+02 5.2959997559e+02 5.3009997559e+02 5.3070001221e+02 5.3120001221e+02 5.3159997559e+02 5.3179998779e+02 5.3200000000e+02 5.3209997559e+02 5.3229998779e+02 5.3259997559e+02 5.3279998779e+02 5.3290002441e+02 5.3300000000e+02 5.3320001221e+02 5.3320001221e+02 5.3320001221e+02 5.3309997559e+02 5.3309997559e+02 5.3300000000e+02 5.3300000000e+02 5.3300000000e+02 5.3300000000e+02 5.3300000000e+02 5.3290002441e+02 5.3290002441e+02 5.3290002441e+02 5.3300000000e+02 5.3309997559e+02 5.3320001221e+02 5.3320001221e+02 5.3320001221e+02 5.3309997559e+02
5.2750000000e+02 5.2759997559e+02 5.2770001221e+02 5.2790002441e+02 5.2809997559e+02 5.2829998779e+02 5.2840002441e+02 5.2850000000e+02 5.2859997559e+02 5.2879998779e+02 5.2909997559e+02 5.2940002441e+02 5.2970001221e+02 5.2979998779e+02 5.3009997559e+02 5.3059997559e+02 5.3140002441e+02 5.3190002441e+02 5.3229998779e+02 5.3240002441e+02 5.3250000000e+02 5.3250000000e+02 5.3270001221e+02 5.3290002441e+02 5.3300000000e+02 5.3300000000e+02 5.3309997559e+02 5.3309997559e+02 5.3309997559e+02 5.3309997559e+02 5.3309997559e+02 5.3300000000e+02 5.3290002441e+02 5.3300000000e+02 5.3300000000e+02 5.3300000000e+02 5.3300000000e+02 5.3300000000e+02 5.3290002441e+02 5.3279998779e+02 5.3290002441e+02 5.3300000000e+02 5.3309997559e+02 5.3309997559e+02 5.3309997559e+02 5.3309997559e+02
5.2759997559e+02 5.2770001221e+02 5.2800000000e+02 5.2820001221e+02 5.2850000000e+02 5.2859997559e+02 5.2870001221e+02 5.2890002441e+02 5.2920001221e+02 5.2940002441e+02 5.2970001221e+02 5.3009997559e+02 5.3029998779e+02 5.3040002441e+02 5.3059997559e+02 5.3120001221e+02 5.3190002441e+02 5.3240002441e+02 5.3259997559e+02 5.3279998779e+02 5.3279998779e+02 5.3279998779e+02 5.3290002441e+02 5.3309997559e+02 5.3309997559e+02 5.3309997559e+02 5.3309997559e+02 5.3309997559e+02 5.3309997559e+02 5.3309997559e+02 5.3300000000e+02 5.3300000000e+02 5.3300000000e+02 5.3300000000e+02 5.3300000000e+02 5.3290002441e+02 5.3290002441e+02 5.3300000000e+02 5.3300000000e+02 5.3290002441e+02 5.3290002441e+02 5.3300000000e+02 5.3300000000e+02 5.3309997559e+02 5.3309997559e+02 5.3309997559e+02
5.2779998779e+02 5.2790002441e+02 5.2809997559e+02 5.2840002441e+02 5.2870001221e+02 5.2890002441e+02 5.2909997559e+02 5.2940002441e+02 5.2979998779e+02 5.3009997559e+02 5.3040002441e+02 5.3059997559e+02 5.3079998779e+02 5.3100000000e+02 5.3129998779e+02 5.3179998779e+02 5.3229998779e+02 5.3270001221e+02 5.3279998779e+02 5.3290002441e+02 5.3290002441e+02 5.3300000000e+02 5.3309997559e+02 5.3320001221e+02 5.3320001221e+02 5.3320001221e+02 5.3320001221e+02 5.3309997559e+02 5.3309997559e+02 5.3300000000e+02 5.3300000000e+02 5.3290002441e+02 5.3300000000e+02 5.3300000000e+02 5.3300000000e+02 5.3300000000e+02 5.3290002441e+02 5.3290002441e+02 5.3290002441e+02 5.3290002441e+02 5.3290002441e+02 5.3290002441e+02 5.3300000000e+02 5.3300000000e+02 5.3309997559e+02 5.3309997559e+02
5.2800000000e+02 5.2809997559e+02 5.2829998779e+02 5.2850000000e+02 5.2879998779e+02 5.2909997559e+02 5.2940002441e+02 5.2990002441e+02 5.3029998779e+02 5.3079998779e+02 5.3109997559e+02 5.3129998779e+02 5.3150000000e+02 5.3170001221e+02 5.3200000000e+02 5.3229998779e+02 5.3270001221e+02 5.3279998779e+02 5.3279998779e+02 5.3290002441e+02 5.3300000000e+02 5.3309997559e+02 5.3320001221e+02 5.3320001221e+02 5.3329998779e+02 5.3320001221e+02 5.3309997559e+02 5.3309997559e+02 5.3309997559e+02 5.3300000000e+02 5.3300000000e+02 5.3290002441e+02 5.3300000000e+02 5.3309997559e+02 5.3309997559e+02 5.3300000000e+02 5.3300000000e+02 5.3290002441e+02 5.3279998779e+02 5.3290002441e+02 5.3290002441e+02 5.3290002441e+02 5.3290002441e+02 5.3300000000e+02 5.3300000000e+02 5.3309997559e+02
