DGM_1M_UPPER_AUSTRIA/47/15.asc
NCOLS 100
NROWS 100
XLLCORNER 6.4850500000e+04
YLLCORNER 2.9378850000e+05
CELLSIZE 1.0000000000e+00
NODATA_VALUE -9.9990000000e+03
[rows 60 to 79 of 100, columns 0 to 45 of 100]
5.8770001221e+02 5.8800000000e+02 5.8820001221e+02 5.8840002441e+02 5.8870001221e+02 5.8900000000e+02 5.8920001221e+02 5.8959997559e+02 5.8979998779e+02 5.9020001221e+02 5.9059997559e+02 5.9100000000e+02 5.9150000000e+02 5.9190002441e+02 5.9220001221e+02 5.9250000000e+02 5.9290002441e+02 5.9340002441e+02 5.9390002441e+02 5.9440002441e+02 5.9490002441e+02 5.9540002441e+02 5.9579998779e+02 5.9609997559e+02 5.9659997559e+02 5.9709997559e+02 5.9770001221e+02 5.9820001221e+02 5.9870001221e+02 5.9920001221e+02 5.9959997559e+02 6.0009997559e+02 6.0070001221e+02 6.0129998779e+02 6.0170001221e+02 6.0220001221e+02 6.0279998779e+02 6.0340002441e+02 6.0390002441e+02 6.0429998779e+02 6.0459997559e+02 6.0509997559e+02 6.0559997559e+02 6.0629998779e+02 6.0690002441e+02 6.0740002441e+02
5.8820001221e+02 5.8840002441e+02 5.8859997559e+02 5.8870001221e+02 5.8890002441e+02 5.8909997559e+02 5.8940002441e+02 5.8970001221e+02 5.8990002441e+02 5.9020001221e+02 5.9059997559e+02 5.9090002441e+02 5.9140002441e+02 5.9179998779e+02 5.9209997559e+02 5.9250000000e+02 5.9279998779e+02 5.9320001221e+02 5.9370001221e+02 5.9420001221e+02 5.9459997559e+02 5.9509997559e+02 5.9550000000e+02 5.9600000000e+02 5.9629998779e+02 5.9679998779e+02 5.9729998779e+02 5.9779998779e+02 5.9820001221e+02 5.9870001221e+02 5.9920001221e+02 5.9979998779e+02 6.0040002441e+02 6.0100000000e+02 6.0140002441e+02 6.0179998779e+02 6.0240002441e+02 6.0309997559e+02 6.0359997559e+02 6.0409997559e+02 6.0450000000e+02 6.0500000000e+02 6.0540002441e+02 6.0600000000e+02 6.0650000000e+02 6.0709997559e+02
5.8859997559e+02 5.8879998779e+02 5.8890002441e+02 5.8900000000e+02 5.8909997559e+02 5.8940002441e+02 5.8959997559e+02 5.8990002441e+02 5.9009997559e+02 5.9040002441e+02 5.9059997559e+02 5.9100000000e+02 5.9140002441e+02 5.9179998779e+02 5.9209997559e+02 5.9250000000e+02 5.9279998779e+02 5.9309997559e+02 5.9350000000e+02 5.9400000000e+02 5.9440002441e+02 5.9490002441e+02 5.9529998779e+02 5.9579998779e+02 5.9620001221e+02 5.9659997559e+02 5.9700000000e+02 5.9750000000e+02 5.9800000000e+02 5.9840002441e+02 5.9890002441e+02 5.9950000000e+02 6.0009997559e+02 6.0059997559e+02 6.0100000000e+02 6.0150000000e+02 6.0200000000e+02 6.0270001221e+02 6.0340002441e+02 6.0390002441e+02 6.0440002441e+02 6.0479998779e+02 6.0520001221e+02 6.0570001221e+02 6.0620001221e+02 6.0670001221e+02
5.8909997559e+02 5.8920001221e+02 5.8929998779e+02 5.8940002441e+02 5.8950000000e+02 5.8959997559e+02 5.8990002441e+02 5.9009997559e+02 5.9029998779e+02 5.9059997559e+02 5.9090002441e+02 5.9120001221e+02 5.9150000000e+02 5.9190002441e+02 5.9229998779e+02 5.9259997559e+02 5.9290002441e+02 5.9309997559e+02 5.9350000000e+02 5.9379998779e+02 5.9420001221e+02 5.9470001221e+02 5.9520001221e+02 5.9559997559e+02 5.9600000000e+02 5.9640002441e+02 5.9690002441e+02 5.9740002441e+02 5.9779998779e+02 5.9820001221e+02 5.9859997559e+02 5.9909997559e+02 5.9959997559e+02 6.0020001221e+02 6.0070001221e+02 6.0109997559e+02 6.0170001221e+02 6.0240002441e+02 6.0300000000e+02 6.0350000000e+02 6.0400000000e+02 6.0440002441e+02 6.0490002441e+02 6.0529998779e+02 6.0579998779e+02 6.0629998779e+02
5.8970001221e+02 5.8970001221e+02 5.8970001221e+02 5.8979998779e+02 5.8990002441e+02 5.9000000000e+02 5.9020001221e+02 5.9040002441e+02 5.9059997559e+02 5.9090002441e+02 5.9109997559e+02 5.9150000000e+02 5.9179998779e+02 5.9220001221e+02 5.9250000000e+02 5.9279998779e+02 5.9309997559e+02 5.9340002441e+02 5.9359997559e+02 5.9390002441e+02 5.9420001221e+02 5.9459997559e+02 5.9509997559e+02 5.9550000000e+02 5.9600000000e+02 5.9629998779e+02 5.9670001221e+02 5.9709997559e+02 5.9750000000e+02 5.9790002441e+02 5.9829998779e+02 5.9879998779e+02 5.9920001221e+02 5.9979998779e+02 6.0029998779e+02 6.0079998779e+02 6.0129998779e+02 6.0190002441e+02 6.0250000000e+02 6.0300000000e+02 6.0350000000e+02 6.0400000000e+02 6.0440002441e+02 6.0490002441e+02 6.0540002441e+02 6.0600000000e+02
5.9020001221e+02 5.9020001221e+02 5.9020001221e+02 5.9020001221e+02 5.9020001221e+02 5.9040002441e+02 5.9050000000e+02 5.9059997559e+02 5.9079998779e+02 5.9109997559e+02 5.9140002441e+02 5.9170001221e+02 5.9209997559e+02 5.9250000000e+02 5.9279998779e+02 5.9300000000e+02 5.9329998779e+02 5.9359997559e+02 5.9400000000e+02 5.9429998779e+02 5.9450000000e+02 5.9479998779e+02 5.9509997559e+02 5.9550000000e+02 5.9600000000e+02 5.9629998779e+02 5.9659997559e+02 5.9700000000e+02 5.9729998779e+02 5.9759997559e+02 5.9800000000e+02 5.9850000000e+02 5.9890002441e+02 5.9950000000e+02 6.0000000000e+02 6.0050000000e+02 6.0100000000e+02 6.0150000000e+02 6.0200000000e+02 6.0250000000e+02 6.0300000000e+02 6.0350000000e+02 6.0400000000e+02 6.0459997559e+02 6.0509997559e+02 6.0570001221e+02
5.9070001221e+02 5.9070001221e+02 5.9070001221e+02 5.9070001221e+02 5.9070001221e+02 5.9090002441e+02 5.9100000000e+02 5.9100000000e+02 5.9100000000e+02 5.9120001221e+02 5.9159997559e+02 5.9200000000e+02 5.9240002441e+02 5.9279998779e+02 5.9300000000e+02 5.9320001221e+02 5.9350000000e+02 5.9390002441e+02 5.9429998779e+02 5.9459997559e+02 5.9479998779e+02 5.9509997559e+02 5.9529998779e+02 5.9559997559e+02 5.9600000000e+02 5.9629998779e+02 5.9659997559e+02 5.9700000000e+02 5.9729998779e+02 5.9759997559e+02 5.9790002441e+02 5.9820001221e+02 5.9870001221e+02 5.9920001221e+02 5.9970001221e+02 6.0020001221e+02 6.0070001221e+02 6.0120001221e+02 6.0170001221e+02 6.0209997559e+02 6.0259997559e+02 6.0309997559e+02 6.0370001221e+02 6.0420001221e+02 6.0479998779e+02 6.0529998779e+02
5.9140002441e+02 5.9129998779e+02 5.9129998779e+02 5.9129998779e+02 5.9140002441e+02 5.9150000000e+02 5.9150000000e+02 5.9140002441e+02 5.9140002441e+02 5.9159997559e+02 5.9190002441e+02 5.9229998779e+02 5.9270001221e+02 5.9300000000e+02 5.9320001221e+02 5.9340002441e+02 5.9379998779e+02 5.9409997559e+02 5.9450000000e+02 5.9479998779e+02 5.9509997559e+02 5.9540002441e+02 5.9559997559e+02 5.9579998779e+02 5.9609997559e+02 5.9640002441e+02 5.9670001221e+02 5.9700000000e+02 5.9729998779e+02 5.9759997559e+02 5.9779998779e+02 5.9809997559e+02 5.9850000000e+02 5.9890002441e+02 5.9950000000e+02 6.0000000000e+02 6.0040002441e+02 6.0079998779e+02 6.0129998779e+02 6.0179998779e+02 6.0229998779e+02 6.0290002441e+02 6.0340002441e+02 6.0390002441e+02 6.0450000000e+02 6.0500000000e+02
5.9200000000e+02 5.9200000000e+02 5.9200000000e+02 5.9200000000e+02 5.9200000000e+02 5.9200000000e+02 5.9200000000e+02 5.9200000000e+02 5.9190002441e+02 5.9200000000e+02 5.9229998779e+02 5.9270001221e+02 5.9300000000e+02 5.9329998779e+02 5.9350000000e+02 5.9370001221e+02 5.9409997559e+02 5.9450000000e+02 5.9470001221e+02 5.9500000000e+02 5.9540002441e+02 5.9559997559e+02 5.9590002441e+02 5.9609997559e+02 5.9629998779e+02 5.9650000000e+02 5.9679998779e+02 5.9709997559e+02 5.9740002441e+02 5.9770001221e+02 5.9790002441e+02 5.9809997559e+02 5.9840002441e+02 5.9870001221e+02 5.9909997559e+02 5.9959997559e+02 6.0009997559e+02 6.0050000000e+02 6.0100000000e+02 6.0150000000e+02 6.0209997559e+02 6.0259997559e+02 6.0309997559e+02 6.0359997559e+02 6.0420001221e+02 6.0479998779e+02
5.9270001221e+02 5.9270001221e+02 5.9270001221e+02 5.9259997559e+02 5.9259997559e+02 5.9250000000e+02 5.9250000000e+02 5.9250000000e+02 5.9250000000e+02 5.9259997559e+02 5.9279998779e+02 5.9309997559e+02 5.9340002441e+02 5.9359997559e+02 5.9379998779e+02 5.9409997559e+02 5.9450000000e+02 5.9479998779e+02 5.9490002441e+02 5.9520001221e+02 5.9559997559e+02 5.9600000000e+02 5.9620001221e+02 5.9640002441e+02 5.9659997559e+02 5.9690002441e+02 5.9709997559e+02 5.9740002441e+02 5.9759997559e+02 5.9790002441e+02 5.9809997559e+02 5.9829998779e+02 5.9850000000e+02 5.9870001221e+02 5.9900000000e+02 5.9940002441e+02 5.9979998779e+02 6.0040002441e+02 6.0090002441e+02 6.0140002441e+02 6.0190002441e+02 6.0240002441e+02 6.0290002441e+02 6.0329998779e+02 6.0390002441e+02 6.0450000000e+02
5.9340002441e+02 5.9340002441e+02 5.9340002441e+02 5.9329998779e+02 5.9320001221e+02 5.9309997559e+02 5.9309997559e+02 5.9309997559e+02 5.9309997559e+02 5.9320001221e+02 5.9340002441e+02 5.9359997559e+02 5.9379998779e+02 5.9400000000e+02 5.9420001221e+02 5.9450000000e+02 5.9479998779e+02 5.9509997559e+02 5.9520001221e+02 5.9550000000e+02 5.9590002441e+02 5.9620001221e+02 5.9650000000e+02 5.9670001221e+02 5.9700000000e+02 5.9720001221e+02 5.9750000000e+02 5.9770001221e+02 5.9800000000e+02 5.9829998779e+02 5.9850000000e+02 5.9879998779e+02 5.9890002441e+02 5.9909997559e+02 5.9920001221e+02 5.9940002441e+02 5.9979998779e+02 6.0020001221e+02 6.0070001221e+02 6.0129998779e+02 6.0179998779e+02 6.0220001221e+02 6.0259997559e+02 6.0309997559e+02 6.0350000000e+02 6.0409997559e+02
5.9409997559e+02 5.9420001221e+02 5.9409997559e+02 5.9409997559e+02 5.9390002441e+02 5.9370001221e+02 5.9370001221e+02 5.9370001221e+02 5.9379998779e+02 5.9390002441e+02 5.9400000000e+02 5.9409997559e+02 5.9429998779e+02 5.9440002441e+02 5.9459997559e+02 5.9479998779e+02 5.9509997559e+02 5.9540002441e+02 5.9559997559e+02 5.9579998779e+02 5.9620001221e+02 5.9650000000e+02 5.9690002441e+02 5.9709997559e+02 5.9740002441e+02 5.9770001221e+02 5.9790002441e+02 5.9809997559e+02 5.9840002441e+02 5.9870001221e+02 5.9900000000e+02 5.9920001221e+02 5.9940002441e+02 5.9959997559e+02 5.9959997559e+02 5.9979998779e+02 6.0000000000e+02 6.0020001221e+02 6.0070001221e+02 6.0120001221e+02 6.0170001221e+02 6.0209997559e+02 6.0250000000e+02 6.0290002441e+02 6.0340002441e+02 6.0390002441e+02
5.9470001221e+02 5.9479998779e+02 5.9490002441e+02 5.9479998779e+02 5.9470001221e+02 5.9450000000e+02 5.9440002441e+02 5.9450000000e+02 5.9450000000e+02 5.9459997559e+02 5.9470001221e+02 5.9470001221e+02 5.9479998779e+02 5.9490002441e+02 5.9500000000e+02 5.9520001221e+02 5.9550000000e+02 5.9579998779e+02 5.9600000000e+02 5.9620001221e+02 5.9659997559e+02 5.9690002441e+02 5.9720001221e+02 5.9750000000e+02 5.9779998779e+02 5.9809997559e+02 5.9829998779e+02 5.9859997559e+02 5.9879998779e+02 5.9909997559e+02 5.9929998779e+02 5.9950000000e+02 5.9979998779e+02 6.0000000000e+02 6.0009997559e+02 6.0029998779e+02 6.0040002441e+02 6.0059997559e+02 6.0079998779e+02 6.0120001221e+02 6.0170001221e+02 6.0200000000e+02 6.0240002441e+02 6.0279998779e+02 6.0320001221e+02 6.0370001221e+02
5.9520001221e+02 5.9540002441e+02 5.9550000000e+02 5.9550000000e+02 5.9540002441e+02 5.9520001221e+02 5.9509997559e+02 5.9509997559e+02 5.9509997559e+02 5.9520001221e+02 5.9520001221e+02 5.9529998779e+02 5.9540002441e+02 5.9550000000e+02 5.9559997559e+02 5.9570001221e+02 5.9590002441e+02 5.9620001221e+02 5.9629998779e+02 5.9659997559e+02 5.9690002441e+02 5.9729998779e+02 5.9750000000e+02 5.9790002441e+02 5.9820001221e+02 5.9850000000e+02 5.9870001221e+02 5.9900000000e+02 5.9920001221e+02 5.9950000000e+02 5.9970001221e+02 5.9990002441e+02 6.0020001221e+02 6.0040002441e+02 6.0059997559e+02 6.0079998779e+02 6.0100000000e+02 6.0109997559e+02 6.0120001221e+02 6.0150000000e+02 6.0179998779e+02 6.0209997559e+02 6.0240002441e+02 6.0259997559e+02 6.0300000000e+02 6.0350000000e+02
5.9579998779e+02 5.9590002441e+02 5.9590002441e+02 5.9600000000e+02 5.9590002441e+02 5.9590002441e+02 5.9579998779e+02 5.9570001221e+02 5.9570001221e+02 5.9570001221e+02 5.9570001221e+02 5.9579998779e+02 5.9600000000e+02 5.9609997559e+02 5.9620001221e+02 5.9620001221e+02 5.9629998779e+02 5.9650000000e+02 5.9659997559e+02 5.9679998779e+02 5.9720001221e+02 5.9759997559e+02 5.9790002441e+02 5.9820001221e+02 5.9850000000e+02 5.9879998779e+02 5.9909997559e+02 5.9929998779e+02 5.9959997559e+02 5.9979998779e+02 6.0000000000e+02 6.0029998779e+02 6.0050000000e+02 6.0079998779e+02 6.0109997559e+02 6.0129998779e+02 6.0140002441e+02 6.0159997559e+02 6.0170001221e+02 6.0190002441e+02 6.0209997559e+02 6.0229998779e+02 6.0250000000e+02 6.0270001221e+02 6.0300000000e+02 6.0340002441e+02
5.9640002441e+02 5.9640002441e+02 5.9640002441e+02 5.9650000000e+02 5.9650000000e+02 5.9640002441e+02 5.9640002441e+02 5.9640002441e+02 5.9629998779e+02 5.9620001221e+02 5.9629998779e+02 5.9650000000e+02 5.9659997559e+02 5.9670001221e+02 5.9670001221e+02 5.9670001221e+02 5.9679998779e+02 5.9679998779e+02 5.9700000000e+02 5.9709997559e+02 5.9750000000e+02 5.9790002441e+02 5.9820001221e+02 5.9850000000e+02 5.9890002441e+02 5.9920001221e+02 5.9950000000e+02 5.9970001221e+02 6.0000000000e+02 6.0009997559e+02 6.0040002441e+02 6.0059997559e+02 6.0090002441e+02 6.0120001221e+02 6.0150000000e+02 6.0170001221e+02 6.0190002441e+02 6.0200000000e+02 6.0209997559e+02 6.0240002441e+02 6.0250000000e+02 6.0270001221e+02 6.0279998779e+02 6.0300000000e+02 6.0320001221e+02 6.0350000000e+02
5.9700000000e+02 5.9709997559e+02 5.9709997559e+02 5.9709997559e+02 5.9700000000e+02 5.9700000000e+02 5.9700000000e+02 5.9700000000e+02 5.9690002441e+02 5.9690002441e+02 5.9700000000e+02 5.9709997559e+02 5.9720001221e+02 5.9720001221e+02 5.9720001221e+02 5.9720001221e+02 5.9729998779e+02 5.9740002441e+02 5.9750000000e+02 5.9759997559e+02 5.9790002441e+02 5.9820001221e+02 5.9850000000e+02 5.9879998779e+02 5.9920001221e+02 5.9950000000e+02 5.9979998779e+02 6.0000000000e+02 6.0029998779e+02 6.0050000000e+02 6.0079998779e+02 6.0100000000e+02 6.0129998779e+02 6.0159997559e+02 6.0200000000e+02 6.0220001221e+02 6.0240002441e+02 6.0250000000e+02 6.0259997559e+02 6.0290002441e+02 6.0300000000e+02 6.0320001221e+02 6.0329998779e+02 6.0340002441e+02 6.0359997559e+02 6.0390002441e+02
5.9759997559e+02 5.9759997559e+02 5.9770001221e+02 5.9759997559e+02 5.9759997559e+02 5.9759997559e+02 5.9759997559e+02 5.9750000000e+02 5.9750000000e+02 5.9759997559e+02 5.9759997559e+02 5.9770001221e+02 5.9779998779e+02 5.9779998779e+02 5.9779998779e+02 5.9779998779e+02 5.9779998779e+02 5.9790002441e+02 5.9800000000e+02 5.9809997559e+02 5.9829998779e+02 5.9850000000e+02 5.9879998779e+02 5.9920001221e+02 5.9959997559e+02 5.9990002441e+02 6.0020001221e+02 6.0050000000e+02 6.0070001221e+02 6.0090002441e+02 6.0109997559e+02 6.0140002441e+02 6.0170001221e+02 6.0209997559e+02 6.0240002441e+02 6.0270001221e+02 6.0290002441e+02 6.0300000000e+02 6.0309997559e+02 6.0329998779e+02 6.0350000000e+02 6.0359997559e+02 6.0379998779e+02 6.0390002441e+02 6.0400000000e+02 6.0420001221e+02
5.9820001221e+02 5.9820001221e+02 5.9820001221e+02 5.9820001221e+02 5.9820001221e+02 5.9820001221e+02 5.9820001221e+02 5.9809997559e+02 5.9809997559e+02 5.9820001221e+02 5.9829998779e+02 5.9829998779e+02 5.9840002441e+02 5.9850000000e+02 5.9840002441e+02 5.9840002441e+02 5.9840002441e+02 5.9840002441e+02 5.9850000000e+02 5.9859997559e+02 5.9870001221e+02 5.9890002441e+02 5.9920001221e+02 5.9950000000e+02 5.9990002441e+02 6.0029998779e+02 6.0050000000e+02 6.0079998779e+02 6.0109997559e+02 6.0129998779e+02 6.0150000000e+02 6.0179998779e+02 6.0209997559e+02 6.0250000000e+02 6.0290002441e+02 6.0320001221e+02 6.0329998779e+02 6.0350000000e+02 6.0359997559e+02 6.0379998779e+02 6.0400000000e+02 6.0409997559e+02 6.0429998779e+02 6.0440002441e+02 6.0450000000e+02 6.0470001221e+02
5.9879998779e+02 5.9890002441e+02 5.9879998779e+02 5.9879998779e+02 5.9890002441e+02 5.9890002441e+02 5.9890002441e+02 5.9879998779e+02 5.9879998779e+02 5.9890002441e+02 5.9900000000e+02 5.9900000000e+02 5.9909997559e+02 5.9909997559e+02 5.9909997559e+02 5.9900000000e+02 5.9900000000e+02 5.9890002441e+02 5.9900000000e+02 5.9900000000e+02 5.9909997559e+02 5.9940002441e+02 5.9959997559e+02 5.9990002441e+02 6.0020001221e+02 6.0050000000e+02 6.0079998779e+02 6.0109997559e+02 6.0150000000e+02 6.0170001221e+02 6.0200000000e+02 6.0220001221e+02 6.0250000000e+02 6.0290002441e+02 6.0329998779e+02 6.0350000000e+02 6.0370001221e+02 6.0379998779e+02 6.0400000000e+02 6.0420001221e+02 6.0440002441e+02 6.0450000000e+02 6.0470001221e+02 6.0490002441e+02 6.0500000000e+02 6.0520001221e+02
