DGM_1M_UPPER_AUSTRIA/47/15.asc
NCOLS 100
NROWS 100
XLLCORNER 6.4850500000e+04
YLLCORNER 2.9378850000e+05
CELLSIZE 1.0000000000e+00
NODATA_VALUE -9.9990000000e+03
[rows 60 to 79 of 100, columns 46 to 91 of 100]
6.0779998779e+02 6.0829998779e+02 6.0890002441e+02 6.0959997559e+02 6.1009997559e+02 6.1070001221e+02 6.1120001221e+02 6.1179998779e+02 6.1240002441e+02 6.1279998779e+02 6.1320001221e+02 6.1379998779e+02 6.1429998779e+02 6.1470001221e+02 6.1520001221e+02 6.1579998779e+02 6.1629998779e+02 6.1679998779e+02 6.1729998779e+02 6.1779998779e+02 6.1829998779e+02 6.1879998779e+02 6.1940002441e+02 6.2000000000e+02 6.2059997559e+02 6.2109997559e+02 6.2159997559e+02 6.2200000000e+02 6.2240002441e+02 6.2290002441e+02 6.2329998779e+02 6.2359997559e+02 6.2409997559e+02 6.2450000000e+02 6.2490002441e+02 6.2520001221e+02 6.2550000000e+02 6.2590002441e+02 6.2629998779e+02 6.2659997559e+02 6.2700000000e+02 6.2729998779e+02 6.2770001221e+02 6.2820001221e+02 6.2859997559e+02 6.2900000000e+02
6.0750000000e+02 6.0800000000e+02 6.0850000000e+02 6.0909997559e+02 6.0970001221e+02 6.1029998779e+02 6.1090002441e+02 6.1150000000e+02 6.1200000000e+02 6.1240002441e+02 6.1290002441e+02 6.1329998779e+02 6.1379998779e+02 6.1429998779e+02 6.1479998779e+02 6.1540002441e+02 6.1600000000e+02 6.1650000000e+02 6.1690002441e+02 6.1750000000e+02 6.1800000000e+02 6.1850000000e+02 6.1900000000e+02 6.1959997559e+02 6.2009997559e+02 6.2070001221e+02 6.2120001221e+02 6.2170001221e+02 6.2209997559e+02 6.2250000000e+02 6.2290002441e+02 6.2329998779e+02 6.2370001221e+02 6.2420001221e+02 6.2459997559e+02 6.2500000000e+02 6.2529998779e+02 6.2570001221e+02 6.2600000000e+02 6.2640002441e+02 6.2690002441e+02 6.2709997559e+02 6.2740002441e+02 6.2790002441e+02 6.2840002441e+02 6.2879998779e+02
6.0709997559e+02 6.0759997559e+02 6.0820001221e+02 6.0870001221e+02 6.0929998779e+02 6.0990002441e+02 6.1050000000e+02 6.1109997559e+02 6.1159997559e+02 6.1209997559e+02 6.1259997559e+02 6.1300000000e+02 6.1340002441e+02 6.1390002441e+02 6.1450000000e+02 6.1509997559e+02 6.1559997559e+02 6.1609997559e+02 6.1659997559e+02 6.1720001221e+02 6.1770001221e+02 6.1820001221e+02 6.1870001221e+02 6.1920001221e+02 6.1970001221e+02 6.2029998779e+02 6.2079998779e+02 6.2129998779e+02 6.2170001221e+02 6.2209997559e+02 6.2259997559e+02 6.2300000000e+02 6.2340002441e+02 6.2390002441e+02 6.2429998779e+02 6.2470001221e+02 6.2509997559e+02 6.2550000000e+02 6.2590002441e+02 6.2629998779e+02 6.2670001221e+02 6.2700000000e+02 6.2720001221e+02 6.2770001221e+02 6.2809997559e+02 6.2850000000e+02
6.0679998779e+02 6.0729998779e+02 6.0779998779e+02 6.0829998779e+02 6.0890002441e+02 6.0940002441e+02 6.1009997559e+02 6.1070001221e+02 6.1120001221e+02 6.1179998779e+02 6.1229998779e+02 6.1270001221e+02 6.1309997559e+02 6.1359997559e+02 6.1420001221e+02 6.1479998779e+02 6.1529998779e+02 6.1579998779e+02 6.1629998779e+02 6.1690002441e+02 6.1740002441e+02 6.1790002441e+02 6.1840002441e+02 6.1890002441e+02 6.1940002441e+02 6.1990002441e+02 6.2040002441e+02 6.2090002441e+02 6.2129998779e+02 6.2179998779e+02 6.2229998779e+02 6.2279998779e+02 6.2320001221e+02 6.2359997559e+02 6.2409997559e+02 6.2450000000e+02 6.2490002441e+02 6.2540002441e+02 6.2570001221e+02 6.2609997559e+02 6.2650000000e+02 6.2690002441e+02 6.2709997559e+02 6.2750000000e+02 6.2790002441e+02 6.2829998779e+02
6.0650000000e+02 6.0690002441e+02 6.0740002441e+02 6.0779998779e+02 6.0840002441e+02 6.0900000000e+02 6.0970001221e+02 6.1029998779e+02 6.1079998779e+02 6.1129998779e+02 6.1190002441e+02 6.1229998779e+02 6.1279998779e+02 6.1340002441e+02 6.1390002441e+02 6.1440002441e+02 6.1500000000e+02 6.1550000000e+02 6.1600000000e+02 6.1659997559e+02 6.1709997559e+02 6.1759997559e+02 6.1809997559e+02 6.1859997559e+02 6.1920001221e+02 6.1959997559e+02 6.2000000000e+02 6.2050000000e+02 6.2100000000e+02 6.2150000000e+02 6.2209997559e+02 6.2259997559e+02 6.2300000000e+02 6.2340002441e+02 6.2379998779e+02 6.2429998779e+02 6.2479998779e+02 6.2529998779e+02 6.2559997559e+02 6.2590002441e+02 6.2629998779e+02 6.2659997559e+02 6.2700000000e+02 6.2740002441e+02 6.2770001221e+02 6.2809997559e+02
6.0609997559e+02 6.0659997559e+02 6.0700000000e+02 6.0750000000e+02 6.0809997559e+02 6.0870001221e+02 6.0929998779e+02 6.0979998779e+02 6.1029998779e+02 6.1079998779e+02 6.1140002441e+02 6.1200000000e+02 6.1259997559e+02 6.1309997559e+02 6.1359997559e+02 6.1409997559e+02 6.1470001221e+02 6.1520001221e+02 6.1579998779e+02 6.1629998779e+02 6.1679998779e+02 6.1729998779e+02 6.1779998779e+02 6.1829998779e+02 6.1890002441e+02 6.1940002441e+02 6.1970001221e+02 6.2020001221e+02 6.2079998779e+02 6.2129998779e+02 6.2179998779e+02 6.2229998779e+02 6.2279998779e+02 6.2320001221e+02 6.2359997559e+02 6.2409997559e+02 6.2459997559e+02 6.2509997559e+02 6.2540002441e+02 6.2570001221e+02 6.2609997559e+02 6.2650000000e+02 6.2690002441e+02 6.2720001221e+02 6.2759997559e+02 6.2800000000e+02
6.0590002441e+02 6.0640002441e+02 6.0690002441e+02 6.0740002441e+02 6.0800000000e+02 6.0850000000e+02 6.0900000000e+02 6.0950000000e+02 6.0990002441e+02 6.1040002441e+02 6.1109997559e+02 6.1170001221e+02 6.1229998779e+02 6.1290002441e+02 6.1329998779e+02 6.1379998779e+02 6.1429998779e+02 6.1490002441e+02 6.1550000000e+02 6.1600000000e+02 6.1650000000e+02 6.1700000000e+02 6.1750000000e+02 6.1800000000e+02 6.1859997559e+02 6.1900000000e+02 6.1940002441e+02 6.1990002441e+02 6.2040002441e+02 6.2100000000e+02 6.2150000000e+02 6.2200000000e+02 6.2250000000e+02 6.2300000000e+02 6.2350000000e+02 6.2390002441e+02 6.2429998779e+02 6.2479998779e+02 6.2509997559e+02 6.2550000000e+02 6.2600000000e+02 6.2640002441e+02 6.2670001221e+02 6.2700000000e+02 6.2740002441e+02 6.2779998779e+02
6.0559997559e+02 6.0620001221e+02 6.0679998779e+02 6.0720001221e+02 6.0779998779e+02 6.0829998779e+02 6.0879998779e+02 6.0920001221e+02 6.0950000000e+02 6.1009997559e+02 6.1079998779e+02 6.1140002441e+02 6.1200000000e+02 6.1250000000e+02 6.1290002441e+02 6.1340002441e+02 6.1390002441e+02 6.1450000000e+02 6.1520001221e+02 6.1570001221e+02 6.1620001221e+02 6.1670001221e+02 6.1720001221e+02 6.1770001221e+02 6.1820001221e+02 6.1859997559e+02 6.1900000000e+02 6.1950000000e+02 6.2020001221e+02 6.2079998779e+02 6.2129998779e+02 6.2170001221e+02 6.2229998779e+02 6.2290002441e+02 6.2329998779e+02 6.2359997559e+02 6.2409997559e+02 6.2450000000e+02 6.2490002441e+02 6.2540002441e+02 6.2579998779e+02 6.2620001221e+02 6.2650000000e+02 6.2690002441e+02 6.2720001221e+02 6.2770001221e+02
6.0529998779e+02 6.0590002441e+02 6.0640002441e+02 6.0700000000e+02 6.0750000000e+02 6.0800000000e+02 6.0850000000e+02 6.0890002441e+02 6.0929998779e+02 6.0979998779e+02 6.1040002441e+02 6.1109997559e+02 6.1170001221e+02 6.1209997559e+02 6.1250000000e+02 6.1309997559e+02 6.1359997559e+02 6.1420001221e+02 6.1479998779e+02 6.1540002441e+02 6.1590002441e+02 6.1629998779e+02 6.1679998779e+02 6.1740002441e+02 6.1790002441e+02 6.1829998779e+02 6.1870001221e+02 6.1929998779e+02 6.2000000000e+02 6.2059997559e+02 6.2100000000e+02 6.2150000000e+02 6.2209997559e+02 6.2259997559e+02 6.2300000000e+02 6.2340002441e+02 6.2379998779e+02 6.2420001221e+02 6.2459997559e+02 6.2509997559e+02 6.2550000000e+02 6.2590002441e+02 6.2629998779e+02 6.2659997559e+02 6.2700000000e+02 6.2750000000e+02
6.0500000000e+02 6.0550000000e+02 6.0609997559e+02 6.0659997559e+02 6.0720001221e+02 6.0770001221e+02 6.0820001221e+02 6.0859997559e+02 6.0909997559e+02 6.0959997559e+02 6.1020001221e+02 6.1070001221e+02 6.1129998779e+02 6.1170001221e+02 6.1229998779e+02 6.1279998779e+02 6.1329998779e+02 6.1390002441e+02 6.1450000000e+02 6.1520001221e+02 6.1570001221e+02 6.1609997559e+02 6.1659997559e+02 6.1700000000e+02 6.1750000000e+02 6.1800000000e+02 6.1850000000e+02 6.1920001221e+02 6.1979998779e+02 6.2029998779e+02 6.2070001221e+02 6.2129998779e+02 6.2179998779e+02 6.2229998779e+02 6.2270001221e+02 6.2309997559e+02 6.2350000000e+02 6.2390002441e+02 6.2440002441e+02 6.2479998779e+02 6.2529998779e+02 6.2570001221e+02 6.2609997559e+02 6.2650000000e+02 6.2690002441e+02 6.2729998779e+02
6.0459997559e+02 6.0520001221e+02 6.0570001221e+02 6.0620001221e+02 6.0679998779e+02 6.0740002441e+02 6.0779998779e+02 6.0829998779e+02 6.0890002441e+02 6.0940002441e+02 6.0990002441e+02 6.1040002441e+02 6.1090002441e+02 6.1140002441e+02 6.1200000000e+02 6.1259997559e+02 6.1309997559e+02 6.1350000000e+02 6.1420001221e+02 6.1479998779e+02 6.1540002441e+02 6.1590002441e+02 6.1640002441e+02 6.1679998779e+02 6.1720001221e+02 6.1770001221e+02 6.1829998779e+02 6.1890002441e+02 6.1959997559e+02 6.2000000000e+02 6.2040002441e+02 6.2090002441e+02 6.2150000000e+02 6.2200000000e+02 6.2250000000e+02 6.2290002441e+02 6.2320001221e+02 6.2370001221e+02 6.2420001221e+02 6.2459997559e+02 6.2500000000e+02 6.2550000000e+02 6.2590002441e+02 6.2629998779e+02 6.2670001221e+02 6.2709997559e+02
6.0440002441e+02 6.0490002441e+02 6.0540002441e+02 6.0590002441e+02 6.0640002441e+02 6.0700000000e+02 6.0750000000e+02 6.0800000000e+02 6.0859997559e+02 6.0909997559e+02 6.0959997559e+02 6.1000000000e+02 6.1050000000e+02 6.1100000000e+02 6.1170001221e+02 6.1220001221e+02 6.1270001221e+02 6.1320001221e+02 6.1379998779e+02 6.1450000000e+02 6.1509997559e+02 6.1570001221e+02 6.1620001221e+02 6.1659997559e+02 6.1690002441e+02 6.1740002441e+02 6.1809997559e+02 6.1870001221e+02 6.1929998779e+02 6.1970001221e+02 6.2009997559e+02 6.2059997559e+02 6.2120001221e+02 6.2179998779e+02 6.2220001221e+02 6.2259997559e+02 6.2300000000e+02 6.2340002441e+02 6.2390002441e+02 6.2440002441e+02 6.2479998779e+02 6.2529998779e+02 6.2579998779e+02 6.2629998779e+02 6.2659997559e+02 6.2700000000e+02
6.0420001221e+02 6.0470001221e+02 6.0509997559e+02 6.0559997559e+02 6.0609997559e+02 6.0670001221e+02 6.0729998779e+02 6.0779998779e+02 6.0829998779e+02 6.0890002441e+02 6.0940002441e+02 6.0970001221e+02 6.1020001221e+02 6.1070001221e+02 6.1129998779e+02 6.1190002441e+02 6.1240002441e+02 6.1290002441e+02 6.1350000000e+02 6.1409997559e+02 6.1479998779e+02 6.1529998779e+02 6.1579998779e+02 6.1620001221e+02 6.1659997559e+02 6.1709997559e+02 6.1779998779e+02 6.1840002441e+02 6.1900000000e+02 6.1950000000e+02 6.1990002441e+02 6.2040002441e+02 6.2090002441e+02 6.2150000000e+02 6.2200000000e+02 6.2240002441e+02 6.2270001221e+02 6.2320001221e+02 6.2370001221e+02 6.2420001221e+02 6.2459997559e+02 6.2520001221e+02 6.2570001221e+02 6.2620001221e+02 6.2650000000e+02 6.2690002441e+02
6.0400000000e+02 6.0450000000e+02 6.0490002441e+02 6.0529998779e+02 6.0590002441e+02 6.0640002441e+02 6.0709997559e+02 6.0759997559e+02 6.0809997559e+02 6.0859997559e+02 6.0909997559e+02 6.0950000000e+02 6.0990002441e+02 6.1050000000e+02 6.1109997559e+02 6.1159997559e+02 6.1200000000e+02 6.1259997559e+02 6.1320001221e+02 6.1379998779e+02 6.1450000000e+02 6.1509997559e+02 6.1550000000e+02 6.1590002441e+02 6.1629998779e+02 6.1690002441e+02 6.1750000000e+02 6.1809997559e+02 6.1870001221e+02 6.1920001221e+02 6.1970001221e+02 6.2020001221e+02 6.2070001221e+02 6.2120001221e+02 6.2159997559e+02 6.2209997559e+02 6.2259997559e+02 6.2300000000e+02 6.2340002441e+02 6.2390002441e+02 6.2440002441e+02 6.2500000000e+02 6.2550000000e+02 6.2600000000e+02 6.2640002441e+02 6.2679998779e+02
6.0390002441e+02 6.0440002441e+02 6.0479998779e+02 6.0520001221e+02 6.0570001221e+02 6.0620001221e+02 6.0679998779e+02 6.0740002441e+02 6.0790002441e+02 6.0840002441e+02 6.0890002441e+02 6.0920001221e+02 6.0970001221e+02 6.1020001221e+02 6.1079998779e+02 6.1140002441e+02 6.1190002441e+02 6.1240002441e+02 6.1309997559e+02 6.1370001221e+02 6.1429998779e+02 6.1479998779e+02 6.1529998779e+02 6.1570001221e+02 6.1609997559e+02 6.1670001221e+02 6.1729998779e+02 6.1779998779e+02 6.1840002441e+02 6.1890002441e+02 6.1950000000e+02 6.2000000000e+02 6.2040002441e+02 6.2079998779e+02 6.2129998779e+02 6.2179998779e+02 6.2229998779e+02 6.2279998779e+02 6.2320001221e+02 6.2370001221e+02 6.2420001221e+02 6.2479998779e+02 6.2529998779e+02 6.2579998779e+02 6.2620001221e+02 6.2659997559e+02
6.0400000000e+02 6.0440002441e+02 6.0479998779e+02 6.0520001221e+02 6.0559997559e+02 6.0609997559e+02 6.0659997559e+02 6.0720001221e+02 6.0770001221e+02 6.0809997559e+02 6.0859997559e+02 6.0900000000e+02 6.0940002441e+02 6.0990002441e+02 6.1059997559e+02 6.1120001221e+02 6.1170001221e+02 6.1229998779e+02 6.1300000000e+02 6.1359997559e+02 6.1409997559e+02 6.1459997559e+02 6.1509997559e+02 6.1550000000e+02 6.1590002441e+02 6.1640002441e+02 6.1700000000e+02 6.1759997559e+02 6.1809997559e+02 6.1859997559e+02 6.1920001221e+02 6.1970001221e+02 6.2009997559e+02 6.2059997559e+02 6.2109997559e+02 6.2159997559e+02 6.2209997559e+02 6.2259997559e+02 6.2300000000e+02 6.2350000000e+02 6.2400000000e+02 6.2450000000e+02 6.2509997559e+02 6.2550000000e+02 6.2600000000e+02 6.2640002441e+02
6.0420001221e+02 6.0459997559e+02 6.0490002441e+02 6.0520001221e+02 6.0559997559e+02 6.0600000000e+02 6.0650000000e+02 6.0690002441e+02 6.0750000000e+02 6.0790002441e+02 6.0840002441e+02 6.0879998779e+02 6.0920001221e+02 6.0970001221e+02 6.1029998779e+02 6.1090002441e+02 6.1150000000e+02 6.1220001221e+02 6.1279998779e+02 6.1340002441e+02 6.1390002441e+02 6.1440002441e+02 6.1490002441e+02 6.1529998779e+02 6.1579998779e+02 6.1629998779e+02 6.1679998779e+02 6.1729998779e+02 6.1779998779e+02 6.1829998779e+02 6.1890002441e+02 6.1950000000e+02 6.1990002441e+02 6.2040002441e+02 6.2090002441e+02 6.2140002441e+02 6.2190002441e+02 6.2240002441e+02 6.2290002441e+02 6.2340002441e+02 6.2390002441e+02 6.2440002441e+02 6.2479998779e+02 6.2529998779e+02 6.2579998779e+02 6.2629998779e+02
6.0450000000e+02 6.0470001221e+02 6.0500000000e+02 6.0540002441e+02 6.0570001221e+02 6.0600000000e+02 6.0640002441e+02 6.0690002441e+02 6.0740002441e+02 6.0779998779e+02 6.0829998779e+02 6.0870001221e+02 6.0909997559e+02 6.0959997559e+02 6.1009997559e+02 6.1070001221e+02 6.1129998779e+02 6.1190002441e+02 6.1259997559e+02 6.1320001221e+02 6.1379998779e+02 6.1429998779e+02 6.1470001221e+02 6.1520001221e+02 6.1570001221e+02 6.1609997559e+02 6.1650000000e+02 6.1709997559e+02 6.1759997559e+02 6.1809997559e+02 6.1859997559e+02 6.1920001221e+02 6.1970001221e+02 6.2029998779e+02 6.2079998779e+02 6.2129998779e+02 6.2179998779e+02 6.2229998779e+02 6.2270001221e+02 6.2329998779e+02 6.2379998779e+02 6.2420001221e+02 6.2470001221e+02 6.2520001221e+02 6.2570001221e+02 6.2609997559e+02
6.0479998779e+02 6.0500000000e+02 6.0529998779e+02 6.0559997559e+02 6.0590002441e+02 6.0620001221e+02 6.0650000000e+02 6.0690002441e+02 6.0729998779e+02 6.0779998779e+02 6.0820001221e+02 6.0859997559e+02 6.0909997559e+02 6.0950000000e+02 6.1000000000e+02 6.1050000000e+02 6.1109997559e+02 6.1170001221e+02 6.1229998779e+02 6.1300000000e+02 6.1350000000e+02 6.1400000000e+02 6.1450000000e+02 6.1500000000e+02 6.1540002441e+02 6.1579998779e+02 6.1629998779e+02 6.1690002441e+02 6.1740002441e+02 6.1790002441e+02 6.1840002441e+02 6.1900000000e+02 6.1950000000e+02 6.2009997559e+02 6.2070001221e+02 6.2120001221e+02 6.2170001221e+02 6.2220001221e+02 6.2259997559e+02 6.2320001221e+02 6.2370001221e+02 6.2409997559e+02 6.2450000000e+02 6.2500000000e+02 6.2550000000e+02 6.2590002441e+02
6.0529998779e+02 6.0540002441e+02 6.0570001221e+02 6.0600000000e+02 6.0629998779e+02 6.0650000000e+02 6.0679998779e+02 6.0709997559e+02 6.0740002441e+02 6.0779998779e+02 6.0820001221e+02 6.0859997559e+02 6.0900000000e+02 6.0940002441e+02 6.0990002441e+02 6.1040002441e+02 6.1090002441e+02 6.1159997559e+02 6.1220001221e+02 6.1279998779e+02 6.1329998779e+02 6.1379998779e+02 6.1429998779e+02 6.1479998779e+02 6.1520001221e+02 6.1570001221e+02 6.1620001221e+02 6.1679998779e+02 6.1729998779e+02 6.1770001221e+02 6.1820001221e+02 6.1879998779e+02 6.1929998779e+02 6.1990002441e+02 6.2050000000e+02 6.2109997559e+02 6.2159997559e+02 6.2200000000e+02 6.2250000000e+02 6.2309997559e+02 6.2370001221e+02 6.2409997559e+02 6.2440002441e+02 6.2479998779e+02 6.2529998779e+02 6.2579998779e+02
