DGM_1M_UPPER_AUSTRIA/1/34.asc
NCOLS 100
NROWS 100
XLLCORNER 6.0250500000e+04
YLLCORNER 2.9188850000e+05
CELLSIZE 1.0000000000e+00
NODATA_VALUE -9.9990000000e+03
[rows 60 to 79 of 100, columns 0 to 45 of 100]
9.4490002441e+02 9.4479998779e+02 9.4470001221e+02 9.4440002441e+02 9.4409997559e+02 9.4379998779e+02 9.4340002441e+02 9.4309997559e+02 9.4270001221e+02 9.4229998779e+02 9.4190002441e+02 9.4159997559e+02 9.4129998779e+02 9.4090002441e+02 9.4050000000e+02 9.4000000000e+02 9.3959997559e+02 9.3909997559e+02 9.3859997559e+02 9.3820001221e+02 9.3779998779e+02 9.3750000000e+02 9.3720001221e+02 9.3679998779e+02 9.3620001221e+02 9.3540002441e+02 9.3459997559e+02 9.3370001221e+02 9.3279998779e+02 9.3190002441e+02 9.3109997559e+02 9.3020001221e+02 9.2940002441e+02 9.2820001221e+02 9.2679998779e+02 9.2579998779e+02 9.2529998779e+02 9.2520001221e+02 9.2520001221e+02 9.2509997559e+02 9.2470001221e+02 9.2390002441e+02 9.2290002441e+02 9.2159997559e+02 9.2020001221e+02 9.1859997559e+02
9.4550000000e+02 9.4540002441e+02 9.4529998779e+02 9.4500000000e+02 9.4470001221e+02 9.4440002441e+02 9.4420001221e+02 9.4390002441e+02 9.4350000000e+02 9.4309997559e+02 9.4270001221e+02 9.4240002441e+02 9.4200000000e+02 9.4170001221e+02 9.4129998779e+02 9.4079998779e+02 9.4029998779e+02 9.3979998779e+02 9.3929998779e+02 9.3890002441e+02 9.3850000000e+02 9.3820001221e+02 9.3790002441e+02 9.3740002441e+02 9.3670001221e+02 9.3579998779e+02 9.3490002441e+02 9.3390002441e+02 9.3300000000e+02 9.3209997559e+02 9.3129998779e+02 9.3040002441e+02 9.2959997559e+02 9.2840002441e+02 9.2690002441e+02 9.2570001221e+02 9.2529998779e+02 9.2520001221e+02 9.2509997559e+02 9.2500000000e+02 9.2470001221e+02 9.2390002441e+02 9.2290002441e+02 9.2179998779e+02 9.2050000000e+02 9.1900000000e+02
9.4609997559e+02 9.4590002441e+02 9.4579998779e+02 9.4550000000e+02 9.4529998779e+02 9.4509997559e+02 9.4479998779e+02 9.4459997559e+02 9.4429998779e+02 9.4390002441e+02 9.4359997559e+02 9.4320001221e+02 9.4279998779e+02 9.4240002441e+02 9.4200000000e+02 9.4150000000e+02 9.4109997559e+02 9.4050000000e+02 9.4009997559e+02 9.3959997559e+02 9.3920001221e+02 9.3890002441e+02 9.3840002441e+02 9.3790002441e+02 9.3709997559e+02 9.3629998779e+02 9.3529998779e+02 9.3429998779e+02 9.3329998779e+02 9.3250000000e+02 9.3159997559e+02 9.3059997559e+02 9.2970001221e+02 9.2850000000e+02 9.2690002441e+02 9.2570001221e+02 9.2529998779e+02 9.2520001221e+02 9.2509997559e+02 9.2500000000e+02 9.2470001221e+02 9.2379998779e+02 9.2279998779e+02 9.2170001221e+02 9.2050000000e+02 9.1900000000e+02
9.4659997559e+02 9.4640002441e+02 9.4620001221e+02 9.4600000000e+02 9.4579998779e+02 9.4559997559e+02 9.4540002441e+02 9.4509997559e+02 9.4500000000e+02 9.4470001221e+02 9.4429998779e+02 9.4379998779e+02 9.4350000000e+02 9.4320001221e+02 9.4290002441e+02 9.4240002441e+02 9.4190002441e+02 9.4140002441e+02 9.4079998779e+02 9.4029998779e+02 9.3990002441e+02 9.3950000000e+02 9.3900000000e+02 9.3829998779e+02 9.3750000000e+02 9.3650000000e+02 9.3559997559e+02 9.3459997559e+02 9.3370001221e+02 9.3279998779e+02 9.3179998779e+02 9.3079998779e+02 9.2979998779e+02 9.2859997559e+02 9.2690002441e+02 9.2570001221e+02 9.2529998779e+02 9.2509997559e+02 9.2509997559e+02 9.2500000000e+02 9.2459997559e+02 9.2379998779e+02 9.2259997559e+02 9.2150000000e+02 9.2029998779e+02 9.1900000000e+02
9.4709997559e+02 9.4690002441e+02 9.4670001221e+02 9.4650000000e+02 9.4629998779e+02 9.4620001221e+02 9.4600000000e+02 9.4579998779e+02 9.4559997559e+02 9.4540002441e+02 9.4500000000e+02 9.4459997559e+02 9.4420001221e+02 9.4400000000e+02 9.4370001221e+02 9.4329998779e+02 9.4270001221e+02 9.4220001221e+02 9.4159997559e+02 9.4100000000e+02 9.4059997559e+02 9.4009997559e+02 9.3950000000e+02 9.3879998779e+02 9.3770001221e+02 9.3670001221e+02 9.3579998779e+02 9.3479998779e+02 9.3390002441e+02 9.3290002441e+02 9.3200000000e+02 9.3100000000e+02 9.2990002441e+02 9.2859997559e+02 9.2690002441e+02 9.2570001221e+02 9.2520001221e+02 9.2509997559e+02 9.2509997559e+02 9.2490002441e+02 9.2450000000e+02 9.2370001221e+02 9.2259997559e+02 9.2150000000e+02 9.2029998779e+02 9.1900000000e+02
9.4770001221e+02 9.4750000000e+02 9.4720001221e+02 9.4700000000e+02 9.4679998779e+02 9.4670001221e+02 9.4650000000e+02 9.4640002441e+02 9.4629998779e+02 9.4600000000e+02 9.4570001221e+02 9.4529998779e+02 9.4500000000e+02 9.4470001221e+02 9.4440002441e+02 9.4400000000e+02 9.4340002441e+02 9.4279998779e+02 9.4220001221e+02 9.4159997559e+02 9.4109997559e+02 9.4050000000e+02 9.4000000000e+02 9.3920001221e+02 9.3800000000e+02 9.3690002441e+02 9.3590002441e+02 9.3490002441e+02 9.3400000000e+02 9.3309997559e+02 9.3209997559e+02 9.3109997559e+02 9.2990002441e+02 9.2850000000e+02 9.2690002441e+02 9.2570001221e+02 9.2520001221e+02 9.2509997559e+02 9.2500000000e+02 9.2490002441e+02 9.2450000000e+02 9.2370001221e+02 9.2270001221e+02 9.2170001221e+02 9.2059997559e+02 9.1920001221e+02
9.4850000000e+02 9.4820001221e+02 9.4790002441e+02 9.4759997559e+02 9.4740002441e+02 9.4720001221e+02 9.4709997559e+02 9.4700000000e+02 9.4690002441e+02 9.4670001221e+02 9.4629998779e+02 9.4590002441e+02 9.4559997559e+02 9.4529998779e+02 9.4490002441e+02 9.4440002441e+02 9.4379998779e+02 9.4309997559e+02 9.4259997559e+02 9.4190002441e+02 9.4129998779e+02 9.4079998779e+02 9.4020001221e+02 9.3940002441e+02 9.3829998779e+02 9.3700000000e+02 9.3590002441e+02 9.3500000000e+02 9.3409997559e+02 9.3320001221e+02 9.3220001221e+02 9.3109997559e+02 9.2990002441e+02 9.2850000000e+02 9.2690002441e+02 9.2570001221e+02 9.2520001221e+02 9.2509997559e+02 9.2500000000e+02 9.2490002441e+02 9.2450000000e+02 9.2379998779e+02 9.2279998779e+02 9.2179998779e+02 9.2090002441e+02 9.1959997559e+02
9.4940002441e+02 9.4900000000e+02 9.4870001221e+02 9.4840002441e+02 9.4809997559e+02 9.4790002441e+02 9.4779998779e+02 9.4759997559e+02 9.4740002441e+02 9.4720001221e+02 9.4690002441e+02 9.4640002441e+02 9.4590002441e+02 9.4550000000e+02 9.4509997559e+02 9.4450000000e+02 9.4390002441e+02 9.4320001221e+02 9.4270001221e+02 9.4209997559e+02 9.4150000000e+02 9.4079998779e+02 9.4009997559e+02 9.3920001221e+02 9.3820001221e+02 9.3709997559e+02 9.3600000000e+02 9.3509997559e+02 9.3420001221e+02 9.3329998779e+02 9.3240002441e+02 9.3109997559e+02 9.2979998779e+02 9.2840002441e+02 9.2690002441e+02 9.2579998779e+02 9.2529998779e+02 9.2509997559e+02 9.2500000000e+02 9.2490002441e+02 9.2450000000e+02 9.2379998779e+02 9.2290002441e+02 9.2190002441e+02 9.2100000000e+02 9.1979998779e+02
9.5020001221e+02 9.4979998779e+02 9.4950000000e+02 9.4920001221e+02 9.4890002441e+02 9.4859997559e+02 9.4840002441e+02 9.4820001221e+02 9.4790002441e+02 9.4759997559e+02 9.4729998779e+02 9.4679998779e+02 9.4620001221e+02 9.4570001221e+02 9.4520001221e+02 9.4450000000e+02 9.4390002441e+02 9.4329998779e+02 9.4270001221e+02 9.4209997559e+02 9.4150000000e+02 9.4079998779e+02 9.3990002441e+02 9.3900000000e+02 9.3800000000e+02 9.3700000000e+02 9.3600000000e+02 9.3520001221e+02 9.3429998779e+02 9.3340002441e+02 9.3250000000e+02 9.3129998779e+02 9.2979998779e+02 9.2820001221e+02 9.2690002441e+02 9.2590002441e+02 9.2529998779e+02 9.2509997559e+02 9.2509997559e+02 9.2490002441e+02 9.2459997559e+02 9.2379998779e+02 9.2279998779e+02 9.2179998779e+02 9.2100000000e+02 9.1990002441e+02
9.5079998779e+02 9.5050000000e+02 9.5029998779e+02 9.5000000000e+02 9.4970001221e+02 9.4929998779e+02 9.4900000000e+02 9.4870001221e+02 9.4840002441e+02 9.4800000000e+02 9.4750000000e+02 9.4700000000e+02 9.4650000000e+02 9.4590002441e+02 9.4520001221e+02 9.4459997559e+02 9.4390002441e+02 9.4320001221e+02 9.4259997559e+02 9.4200000000e+02 9.4140002441e+02 9.4070001221e+02 9.3979998779e+02 9.3879998779e+02 9.3779998779e+02 9.3690002441e+02 9.3600000000e+02 9.3520001221e+02 9.3440002441e+02 9.3359997559e+02 9.3259997559e+02 9.3150000000e+02 9.3000000000e+02 9.2829998779e+02 9.2700000000e+02 9.2609997559e+02 9.2550000000e+02 9.2520001221e+02 9.2509997559e+02 9.2500000000e+02 9.2459997559e+02 9.2370001221e+02 9.2270001221e+02 9.2170001221e+02 9.2090002441e+02 9.1990002441e+02
9.5140002441e+02 9.5120001221e+02 9.5090002441e+02 9.5070001221e+02 9.5040002441e+02 9.4990002441e+02 9.4950000000e+02 9.4920001221e+02 9.4879998779e+02 9.4829998779e+02 9.4779998779e+02 9.4729998779e+02 9.4670001221e+02 9.4609997559e+02 9.4550000000e+02 9.4470001221e+02 9.4400000000e+02 9.4329998779e+02 9.4259997559e+02 9.4200000000e+02 9.4129998779e+02 9.4059997559e+02 9.3970001221e+02 9.3879998779e+02 9.3779998779e+02 9.3690002441e+02 9.3609997559e+02 9.3520001221e+02 9.3440002441e+02 9.3359997559e+02 9.3270001221e+02 9.3170001221e+02 9.3040002441e+02 9.2879998779e+02 9.2729998779e+02 9.2629998779e+02 9.2559997559e+02 9.2520001221e+02 9.2509997559e+02 9.2500000000e+02 9.2470001221e+02 9.2390002441e+02 9.2279998779e+02 9.2179998779e+02 9.2090002441e+02 9.2000000000e+02
9.5190002441e+02 9.5170001221e+02 9.5150000000e+02 9.5129998779e+02 9.5100000000e+02 9.5050000000e+02 9.5000000000e+02 9.4959997559e+02 9.4920001221e+02 9.4870001221e+02 9.4809997559e+02 9.4759997559e+02 9.4700000000e+02 9.4629998779e+02 9.4570001221e+02 9.4490002441e+02 9.4409997559e+02 9.4340002441e+02 9.4270001221e+02 9.4200000000e+02 9.4129998779e+02 9.4050000000e+02 9.3970001221e+02 9.3890002441e+02 9.3800000000e+02 9.3709997559e+02 9.3629998779e+02 9.3540002441e+02 9.3450000000e+02 9.3370001221e+02 9.3290002441e+02 9.3209997559e+02 9.3100000000e+02 9.2940002441e+02 9.2750000000e+02 9.2629998779e+02 9.2559997559e+02 9.2520001221e+02 9.2509997559e+02 9.2500000000e+02 9.2479998779e+02 9.2420001221e+02 9.2300000000e+02 9.2190002441e+02 9.2100000000e+02 9.2020001221e+02
9.5240002441e+02 9.5220001221e+02 9.5200000000e+02 9.5179998779e+02 9.5150000000e+02 9.5109997559e+02 9.5070001221e+02 9.5020001221e+02 9.4959997559e+02 9.4900000000e+02 9.4840002441e+02 9.4779998779e+02 9.4720001221e+02 9.4650000000e+02 9.4579998779e+02 9.4500000000e+02 9.4429998779e+02 9.4359997559e+02 9.4290002441e+02 9.4209997559e+02 9.4129998779e+02 9.4059997559e+02 9.3979998779e+02 9.3900000000e+02 9.3820001221e+02 9.3729998779e+02 9.3650000000e+02 9.3570001221e+02 9.3490002441e+02 9.3409997559e+02 9.3329998779e+02 9.3259997559e+02 9.3170001221e+02 9.3020001221e+02 9.2809997559e+02 9.2640002441e+02 9.2550000000e+02 9.2520001221e+02 9.2509997559e+02 9.2500000000e+02 9.2479998779e+02 9.2420001221e+02 9.2320001221e+02 9.2209997559e+02 9.2120001221e+02 9.2029998779e+02
9.5300000000e+02 9.5279998779e+02 9.5259997559e+02 9.5229998779e+02 9.5200000000e+02 9.5170001221e+02 9.5120001221e+02 9.5070001221e+02 9.5000000000e+02 9.4940002441e+02 9.4870001221e+02 9.4809997559e+02 9.4740002441e+02 9.4670001221e+02 9.4600000000e+02 9.4520001221e+02 9.4450000000e+02 9.4379998779e+02 9.4300000000e+02 9.4209997559e+02 9.4140002441e+02 9.4079998779e+02 9.4009997559e+02 9.3929998779e+02 9.3840002441e+02 9.3759997559e+02 9.3670001221e+02 9.3600000000e+02 9.3540002441e+02 9.3470001221e+02 9.3390002441e+02 9.3320001221e+02 9.3229998779e+02 9.3100000000e+02 9.2890002441e+02 9.2670001221e+02 9.2550000000e+02 9.2509997559e+02 9.2500000000e+02 9.2500000000e+02 9.2479998779e+02 9.2420001221e+02 9.2329998779e+02 9.2229998779e+02 9.2140002441e+02 9.2040002441e+02
9.5350000000e+02 9.5329998779e+02 9.5309997559e+02 9.5279998779e+02 9.5259997559e+02 9.5229998779e+02 9.5179998779e+02 9.5109997559e+02 9.5040002441e+02 9.4970001221e+02 9.4900000000e+02 9.4829998779e+02 9.4770001221e+02 9.4690002441e+02 9.4620001221e+02 9.4550000000e+02 9.4470001221e+02 9.4400000000e+02 9.4320001221e+02 9.4220001221e+02 9.4150000000e+02 9.4090002441e+02 9.4050000000e+02 9.3970001221e+02 9.3879998779e+02 9.3800000000e+02 9.3720001221e+02 9.3650000000e+02 9.3600000000e+02 9.3540002441e+02 9.3459997559e+02 9.3379998779e+02 9.3290002441e+02 9.3150000000e+02 9.2950000000e+02 9.2709997559e+02 9.2559997559e+02 9.2509997559e+02 9.2500000000e+02 9.2490002441e+02 9.2470001221e+02 9.2429998779e+02 9.2350000000e+02 9.2270001221e+02 9.2170001221e+02 9.2059997559e+02
9.5400000000e+02 9.5379998779e+02 9.5350000000e+02 9.5329998779e+02 9.5309997559e+02 9.5279998779e+02 9.5229998779e+02 9.5159997559e+02 9.5079998779e+02 9.5009997559e+02 9.4929998779e+02 9.4859997559e+02 9.4800000000e+02 9.4720001221e+02 9.4640002441e+02 9.4570001221e+02 9.4500000000e+02 9.4429998779e+02 9.4340002441e+02 9.4250000000e+02 9.4179998779e+02 9.4109997559e+02 9.4059997559e+02 9.3990002441e+02 9.3909997559e+02 9.3840002441e+02 9.3770001221e+02 9.3709997559e+02 9.3659997559e+02 9.3609997559e+02 9.3540002441e+02 9.3459997559e+02 9.3359997559e+02 9.3200000000e+02 9.3000000000e+02 9.2740002441e+02 9.2570001221e+02 9.2509997559e+02 9.2490002441e+02 9.2490002441e+02 9.2479998779e+02 9.2440002441e+02 9.2370001221e+02 9.2300000000e+02 9.2209997559e+02 9.2090002441e+02
9.5459997559e+02 9.5440002441e+02 9.5420001221e+02 9.5390002441e+02 9.5370001221e+02 9.5340002441e+02 9.5279998779e+02 9.5200000000e+02 9.5120001221e+02 9.5040002441e+02 9.4970001221e+02 9.4900000000e+02 9.4820001221e+02 9.4750000000e+02 9.4670001221e+02 9.4590002441e+02 9.4520001221e+02 9.4450000000e+02 9.4379998779e+02 9.4290002441e+02 9.4200000000e+02 9.4140002441e+02 9.4079998779e+02 9.4009997559e+02 9.3940002441e+02 9.3879998779e+02 9.3820001221e+02 9.3759997559e+02 9.3720001221e+02 9.3679998779e+02 9.3629998779e+02 9.3550000000e+02 9.3440002441e+02 9.3270001221e+02 9.3040002441e+02 9.2750000000e+02 9.2570001221e+02 9.2509997559e+02 9.2490002441e+02 9.2490002441e+02 9.2479998779e+02 9.2450000000e+02 9.2390002441e+02 9.2320001221e+02 9.2229998779e+02 9.2120001221e+02
9.5520001221e+02 9.5509997559e+02 9.5490002441e+02 9.5459997559e+02 9.5429998779e+02 9.5390002441e+02 9.5340002441e+02 9.5259997559e+02 9.5170001221e+02 9.5100000000e+02 9.5020001221e+02 9.4940002441e+02 9.4850000000e+02 9.4770001221e+02 9.4690002441e+02 9.4609997559e+02 9.4540002441e+02 9.4470001221e+02 9.4409997559e+02 9.4320001221e+02 9.4240002441e+02 9.4159997559e+02 9.4109997559e+02 9.4040002441e+02 9.3979998779e+02 9.3929998779e+02 9.3879998779e+02 9.3829998779e+02 9.3800000000e+02 9.3770001221e+02 9.3720001221e+02 9.3640002441e+02 9.3520001221e+02 9.3359997559e+02 9.3109997559e+02 9.2779998779e+02 9.2570001221e+02 9.2509997559e+02 9.2490002441e+02 9.2490002441e+02 9.2479998779e+02 9.2450000000e+02 9.2390002441e+02 9.2320001221e+02 9.2229998779e+02 9.2140002441e+02
9.5590002441e+02 9.5579998779e+02 9.5559997559e+02 9.5529998779e+02 9.5490002441e+02 9.5450000000e+02 9.5390002441e+02 9.5309997559e+02 9.5229998779e+02 9.5159997559e+02 9.5079998779e+02 9.4979998779e+02 9.4890002441e+02 9.4800000000e+02 9.4720001221e+02 9.4640002441e+02 9.4570001221e+02 9.4500000000e+02 9.4429998779e+02 9.4359997559e+02 9.4279998779e+02 9.4209997559e+02 9.4150000000e+02 9.4090002441e+02 9.4029998779e+02 9.3979998779e+02 9.3950000000e+02 9.3920001221e+02 9.3890002441e+02 9.3859997559e+02 9.3800000000e+02 9.3720001221e+02 9.3590002441e+02 9.3429998779e+02 9.3170001221e+02 9.2800000000e+02 9.2570001221e+02 9.2500000000e+02 9.2490002441e+02 9.2490002441e+02 9.2479998779e+02 9.2440002441e+02 9.2379998779e+02 9.2309997559e+02 9.2229998779e+02 9.2150000000e+02
9.5650000000e+02 9.5650000000e+02 9.5629998779e+02 9.5600000000e+02 9.5559997559e+02 9.5500000000e+02 9.5440002441e+02 9.5359997559e+02 9.5279998779e+02 9.5200000000e+02 9.5120001221e+02 9.5020001221e+02 9.4920001221e+02 9.4840002441e+02 9.4750000000e+02 9.4670001221e+02 9.4600000000e+02 9.4529998779e+02 9.4470001221e+02 9.4400000000e+02 9.4320001221e+02 9.4259997559e+02 9.4209997559e+02 9.4150000000e+02 9.4100000000e+02 9.4050000000e+02 9.4020001221e+02 9.4000000000e+02 9.3970001221e+02 9.3929998779e+02 9.3870001221e+02 9.3770001221e+02 9.3629998779e+02 9.3470001221e+02 9.3240002441e+02 9.2890002441e+02 9.2629998779e+02 9.2520001221e+02 9.2490002441e+02 9.2490002441e+02 9.2479998779e+02 9.2440002441e+02 9.2370001221e+02 9.2290002441e+02 9.2209997559e+02 9.2129998779e+02
