DGM_1M_UPPER_AUSTRIA/1/34.asc
NCOLS 100
NROWS 100
XLLCORNER 6.0250500000e+04
YLLCORNER 2.9188850000e+05
CELLSIZE 1.0000000000e+00
NODATA_VALUE -9.9990000000e+03
[rows 20 to 39 of 100, columns 46 to 91 of 100]
9.0650000000e+02 9.0570001221e+02 9.0470001221e+02 9.0350000000e+02 9.0190002441e+02 9.0009997559e+02 8.9859997559e+02 8.9779998779e+02 8.9720001221e+02 8.9670001221e+02 8.9650000000e+02 8.9579998779e+02 8.9259997559e+02 8.8829998779e+02 8.8550000000e+02 8.8420001221e+02 8.8309997559e+02 8.8220001221e+02 8.8140002441e+02 8.8050000000e+02 8.7970001221e+02 8.7879998779e+02 8.7800000000e+02 8.7720001221e+02 8.7640002441e+02 8.7550000000e+02 8.7470001221e+02 8.7379998779e+02 8.7290002441e+02 8.7190002441e+02 8.7100000000e+02 8.7009997559e+02 8.6920001221e+02 8.6829998779e+02 8.6740002441e+02 8.6659997559e+02 8.6579998779e+02 8.6479998779e+02 8.6400000000e+02 8.6320001221e+02 8.6250000000e+02 8.6159997559e+02 8.6079998779e+02 8.6000000000e+02 8.5920001221e+02 8.5850000000e+02
9.0759997559e+02 9.0690002441e+02 9.0609997559e+02 9.0520001221e+02 9.0409997559e+02 9.0270001221e+02 9.0129998779e+02 9.0029998779e+02 8.9990002441e+02 8.9970001221e+02 8.9990002441e+02 8.9959997559e+02 8.9709997559e+02 8.9229998779e+02 8.8829998779e+02 8.8579998779e+02 8.8390002441e+02 8.8270001221e+02 8.8190002441e+02 8.8100000000e+02 8.8009997559e+02 8.7920001221e+02 8.7840002441e+02 8.7759997559e+02 8.7670001221e+02 8.7579998779e+02 8.7490002441e+02 8.7409997559e+02 8.7309997559e+02 8.7220001221e+02 8.7129998779e+02 8.7029998779e+02 8.6940002441e+02 8.6850000000e+02 8.6759997559e+02 8.6679998779e+02 8.6590002441e+02 8.6500000000e+02 8.6409997559e+02 8.6329998779e+02 8.6240002441e+02 8.6159997559e+02 8.6079998779e+02 8.6000000000e+02 8.5929998779e+02 8.5850000000e+02
9.0870001221e+02 9.0809997559e+02 9.0740002441e+02 9.0670001221e+02 9.0579998779e+02 9.0459997559e+02 9.0359997559e+02 9.0290002441e+02 9.0259997559e+02 9.0229998779e+02 9.0209997559e+02 9.0159997559e+02 8.9979998779e+02 8.9640002441e+02 8.9240002441e+02 8.8850000000e+02 8.8520001221e+02 8.8340002441e+02 8.8250000000e+02 8.8179998779e+02 8.8079998779e+02 8.8000000000e+02 8.7950000000e+02 8.7859997559e+02 8.7729998779e+02 8.7609997559e+02 8.7520001221e+02 8.7440002441e+02 8.7350000000e+02 8.7259997559e+02 8.7159997559e+02 8.7070001221e+02 8.6970001221e+02 8.6890002441e+02 8.6800000000e+02 8.6700000000e+02 8.6609997559e+02 8.6520001221e+02 8.6420001221e+02 8.6329998779e+02 8.6250000000e+02 8.6159997559e+02 8.6079998779e+02 8.6000000000e+02 8.5929998779e+02 8.5859997559e+02
9.0990002441e+02 9.0929998779e+02 9.0870001221e+02 9.0800000000e+02 9.0720001221e+02 9.0640002441e+02 9.0579998779e+02 9.0529998779e+02 9.0470001221e+02 9.0420001221e+02 9.0370001221e+02 9.0290002441e+02 9.0159997559e+02 8.9970001221e+02 8.9620001221e+02 8.9140002441e+02 8.8659997559e+02 8.8450000000e+02 8.8420001221e+02 8.8409997559e+02 8.8309997559e+02 8.8240002441e+02 8.8170001221e+02 8.8040002441e+02 8.7829998779e+02 8.7659997559e+02 8.7559997559e+02 8.7479998779e+02 8.7400000000e+02 8.7309997559e+02 8.7209997559e+02 8.7120001221e+02 8.7029998779e+02 8.6929998779e+02 8.6840002441e+02 8.6750000000e+02 8.6650000000e+02 8.6550000000e+02 8.6450000000e+02 8.6359997559e+02 8.6270001221e+02 8.6179998779e+02 8.6090002441e+02 8.6020001221e+02 8.5940002441e+02 8.5870001221e+02
9.1109997559e+02 9.1050000000e+02 9.0990002441e+02 9.0909997559e+02 9.0850000000e+02 9.0790002441e+02 9.0750000000e+02 9.0690002441e+02 9.0629998779e+02 9.0559997559e+02 9.0490002441e+02 9.0409997559e+02 9.0300000000e+02 9.0159997559e+02 8.9929998779e+02 8.9520001221e+02 8.8990002441e+02 8.8709997559e+02 8.8690002441e+02 8.8690002441e+02 8.8609997559e+02 8.8540002441e+02 8.8429998779e+02 8.8270001221e+02 8.8040002441e+02 8.7790002441e+02 8.7620001221e+02 8.7540002441e+02 8.7450000000e+02 8.7350000000e+02 8.7259997559e+02 8.7179998779e+02 8.7090002441e+02 8.7000000000e+02 8.6900000000e+02 8.6800000000e+02 8.6700000000e+02 8.6590002441e+02 8.6479998779e+02 8.6390002441e+02 8.6300000000e+02 8.6209997559e+02 8.6120001221e+02 8.6040002441e+02 8.5970001221e+02 8.5900000000e+02
9.1209997559e+02 9.1150000000e+02 9.1090002441e+02 9.1020001221e+02 9.0959997559e+02 9.0909997559e+02 9.0859997559e+02 9.0809997559e+02 9.0740002441e+02 9.0679998779e+02 9.0609997559e+02 9.0529998779e+02 9.0420001221e+02 9.0300000000e+02 9.0150000000e+02 8.9909997559e+02 8.9490002441e+02 8.9120001221e+02 8.8959997559e+02 8.8909997559e+02 8.8840002441e+02 8.8770001221e+02 8.8640002441e+02 8.8450000000e+02 8.8229998779e+02 8.7929998779e+02 8.7709997559e+02 8.7620001221e+02 8.7529998779e+02 8.7429998779e+02 8.7340002441e+02 8.7250000000e+02 8.7170001221e+02 8.7070001221e+02 8.6959997559e+02 8.6859997559e+02 8.6750000000e+02 8.6640002441e+02 8.6520001221e+02 8.6420001221e+02 8.6329998779e+02 8.6240002441e+02 8.6159997559e+02 8.6079998779e+02 8.6009997559e+02 8.5929998779e+02
9.1309997559e+02 9.1250000000e+02 9.1190002441e+02 9.1129998779e+02 9.1070001221e+02 9.1020001221e+02 9.0970001221e+02 9.0909997559e+02 9.0850000000e+02 9.0790002441e+02 9.0720001221e+02 9.0640002441e+02 9.0529998779e+02 9.0409997559e+02 9.0270001221e+02 9.0109997559e+02 8.9829998779e+02 8.9450000000e+02 8.9179998779e+02 8.9090002441e+02 8.9020001221e+02 8.8959997559e+02 8.8809997559e+02 8.8570001221e+02 8.8320001221e+02 8.8020001221e+02 8.7800000000e+02 8.7700000000e+02 8.7620001221e+02 8.7529998779e+02 8.7440002441e+02 8.7350000000e+02 8.7250000000e+02 8.7150000000e+02 8.7040002441e+02 8.6929998779e+02 8.6820001221e+02 8.6700000000e+02 8.6590002441e+02 8.6470001221e+02 8.6370001221e+02 8.6270001221e+02 8.6190002441e+02 8.6109997559e+02 8.6040002441e+02 8.5970001221e+02
9.1409997559e+02 9.1359997559e+02 9.1300000000e+02 9.1240002441e+02 9.1179998779e+02 9.1129998779e+02 9.1079998779e+02 9.1020001221e+02 9.0959997559e+02 9.0900000000e+02 9.0820001221e+02 9.0750000000e+02 9.0629998779e+02 9.0500000000e+02 9.0370001221e+02 9.0209997559e+02 8.9990002441e+02 8.9640002441e+02 8.9340002441e+02 8.9229998779e+02 8.9170001221e+02 8.9120001221e+02 8.8979998779e+02 8.8720001221e+02 8.8440002441e+02 8.8170001221e+02 8.7959997559e+02 8.7809997559e+02 8.7709997559e+02 8.7629998779e+02 8.7540002441e+02 8.7450000000e+02 8.7350000000e+02 8.7240002441e+02 8.7140002441e+02 8.7020001221e+02 8.6890002441e+02 8.6759997559e+02 8.6650000000e+02 8.6540002441e+02 8.6420001221e+02 8.6309997559e+02 8.6220001221e+02 8.6140002441e+02 8.6079998779e+02 8.6009997559e+02
9.1509997559e+02 9.1459997559e+02 9.1400000000e+02 9.1350000000e+02 9.1279998779e+02 9.1220001221e+02 9.1170001221e+02 9.1109997559e+02 9.1059997559e+02 9.0990002441e+02 9.0909997559e+02 9.0829998779e+02 9.0720001221e+02 9.0590002441e+02 9.0470001221e+02 9.0309997559e+02 9.0100000000e+02 8.9790002441e+02 8.9509997559e+02 8.9359997559e+02 8.9290002441e+02 8.9229998779e+02 8.9129998779e+02 8.8909997559e+02 8.8620001221e+02 8.8359997559e+02 8.8120001221e+02 8.7920001221e+02 8.7800000000e+02 8.7709997559e+02 8.7620001221e+02 8.7520001221e+02 8.7409997559e+02 8.7300000000e+02 8.7190002441e+02 8.7070001221e+02 8.6929998779e+02 8.6800000000e+02 8.6690002441e+02 8.6579998779e+02 8.6450000000e+02 8.6329998779e+02 8.6240002441e+02 8.6170001221e+02 8.6109997559e+02 8.6040002441e+02
9.1620001221e+02 9.1579998779e+02 9.1520001221e+02 9.1459997559e+02 9.1400000000e+02 9.1340002441e+02 9.1259997559e+02 9.1200000000e+02 9.1150000000e+02 9.1079998779e+02 9.1000000000e+02 9.0909997559e+02 9.0809997559e+02 9.0690002441e+02 9.0559997559e+02 9.0409997559e+02 9.0209997559e+02 8.9970001221e+02 8.9690002441e+02 8.9490002441e+02 8.9400000000e+02 8.9329998779e+02 8.9250000000e+02 8.9040002441e+02 8.8779998779e+02 8.8509997559e+02 8.8229998779e+02 8.8000000000e+02 8.7859997559e+02 8.7759997559e+02 8.7650000000e+02 8.7540002441e+02 8.7429998779e+02 8.7329998779e+02 8.7209997559e+02 8.7090002441e+02 8.6950000000e+02 8.6820001221e+02 8.6729998779e+02 8.6609997559e+02 8.6479998779e+02 8.6359997559e+02 8.6270001221e+02 8.6200000000e+02 8.6140002441e+02 8.6079998779e+02
9.1720001221e+02 9.1690002441e+02 9.1629998779e+02 9.1559997559e+02 9.1490002441e+02 9.1429998779e+02 9.1359997559e+02 9.1279998779e+02 9.1220001221e+02 9.1159997559e+02 9.1079998779e+02 9.0990002441e+02 9.0900000000e+02 9.0779998779e+02 9.0650000000e+02 9.0509997559e+02 9.0329998779e+02 9.0120001221e+02 8.9840002441e+02 8.9609997559e+02 8.9500000000e+02 8.9409997559e+02 8.9290002441e+02 8.9090002441e+02 8.8870001221e+02 8.8640002441e+02 8.8370001221e+02 8.8090002441e+02 8.7900000000e+02 8.7770001221e+02 8.7650000000e+02 8.7529998779e+02 8.7429998779e+02 8.7320001221e+02 8.7209997559e+02 8.7090002441e+02 8.6959997559e+02 8.6850000000e+02 8.6759997559e+02 8.6650000000e+02 8.6520001221e+02 8.6400000000e+02 8.6309997559e+02 8.6240002441e+02 8.6179998779e+02 8.6120001221e+02
9.1779998779e+02 9.1740002441e+02 9.1690002441e+02 9.1629998779e+02 9.1550000000e+02 9.1479998779e+02 9.1420001221e+02 9.1350000000e+02 9.1279998779e+02 9.1220001221e+02 9.1150000000e+02 9.1059997559e+02 9.0970001221e+02 9.0859997559e+02 9.0740002441e+02 9.0600000000e+02 9.0440002441e+02 9.0259997559e+02 8.9959997559e+02 8.9700000000e+02 8.9570001221e+02 8.9440002441e+02 8.9290002441e+02 8.9109997559e+02 8.8920001221e+02 8.8729998779e+02 8.8440002441e+02 8.8120001221e+02 8.7900000000e+02 8.7759997559e+02 8.7629998779e+02 8.7509997559e+02 8.7400000000e+02 8.7300000000e+02 8.7190002441e+02 8.7079998779e+02 8.6979998779e+02 8.6870001221e+02 8.6779998779e+02 8.6679998779e+02 8.6559997559e+02 8.6450000000e+02 8.6359997559e+02 8.6290002441e+02 8.6220001221e+02 8.6150000000e+02
9.1809997559e+02 9.1770001221e+02 9.1709997559e+02 9.1650000000e+02 9.1579998779e+02 9.1509997559e+02 9.1450000000e+02 9.1390002441e+02 9.1329998779e+02 9.1270001221e+02 9.1200000000e+02 9.1109997559e+02 9.1009997559e+02 9.0900000000e+02 9.0790002441e+02 9.0659997559e+02 9.0520001221e+02 9.0350000000e+02 9.0090002441e+02 8.9820001221e+02 8.9600000000e+02 8.9420001221e+02 8.9270001221e+02 8.9109997559e+02 8.8929998779e+02 8.8729998779e+02 8.8420001221e+02 8.8100000000e+02 8.7879998779e+02 8.7740002441e+02 8.7620001221e+02 8.7490002441e+02 8.7379998779e+02 8.7279998779e+02 8.7179998779e+02 8.7090002441e+02 8.6990002441e+02 8.6900000000e+02 8.6809997559e+02 8.6709997559e+02 8.6600000000e+02 8.6500000000e+02 8.6409997559e+02 8.6329998779e+02 8.6259997559e+02 8.6190002441e+02
9.1859997559e+02 9.1800000000e+02 9.1740002441e+02 9.1679998779e+02 9.1620001221e+02 9.1550000000e+02 9.1490002441e+02 9.1429998779e+02 9.1370001221e+02 9.1309997559e+02 9.1229998779e+02 9.1140002441e+02 9.1029998779e+02 9.0920001221e+02 9.0800000000e+02 9.0679998779e+02 9.0550000000e+02 9.0400000000e+02 9.0229998779e+02 8.9990002441e+02 8.9650000000e+02 8.9390002441e+02 8.9229998779e+02 8.9070001221e+02 8.8879998779e+02 8.8650000000e+02 8.8340002441e+02 8.8070001221e+02 8.7870001221e+02 8.7740002441e+02 8.7620001221e+02 8.7500000000e+02 8.7390002441e+02 8.7279998779e+02 8.7190002441e+02 8.7100000000e+02 8.7009997559e+02 8.6920001221e+02 8.6829998779e+02 8.6729998779e+02 8.6629998779e+02 8.6540002441e+02 8.6450000000e+02 8.6359997559e+02 8.6290002441e+02 8.6209997559e+02
9.1940002441e+02 9.1859997559e+02 9.1800000000e+02 9.1740002441e+02 9.1679998779e+02 9.1609997559e+02 9.1550000000e+02 9.1479998779e+02 9.1420001221e+02 9.1350000000e+02 9.1270001221e+02 9.1170001221e+02 9.1059997559e+02 9.0940002441e+02 9.0809997559e+02 9.0690002441e+02 9.0559997559e+02 9.0429998779e+02 9.0309997559e+02 9.0050000000e+02 8.9640002441e+02 8.9329998779e+02 8.9150000000e+02 8.8979998779e+02 8.8779998779e+02 8.8529998779e+02 8.8259997559e+02 8.8050000000e+02 8.7890002441e+02 8.7759997559e+02 8.7640002441e+02 8.7529998779e+02 8.7420001221e+02 8.7309997559e+02 8.7209997559e+02 8.7120001221e+02 8.7029998779e+02 8.6940002441e+02 8.6859997559e+02 8.6759997559e+02 8.6659997559e+02 8.6570001221e+02 8.6479998779e+02 8.6390002441e+02 8.6309997559e+02 8.6240002441e+02
9.2040002441e+02 9.1959997559e+02 9.1870001221e+02 9.1800000000e+02 9.1750000000e+02 9.1679998779e+02 9.1620001221e+02 9.1550000000e+02 9.1470001221e+02 9.1390002441e+02 9.1309997559e+02 9.1209997559e+02 9.1090002441e+02 9.0959997559e+02 9.0840002441e+02 9.0729998779e+02 9.0600000000e+02 9.0459997559e+02 9.0320001221e+02 9.0070001221e+02 8.9670001221e+02 8.9309997559e+02 8.9070001221e+02 8.8870001221e+02 8.8659997559e+02 8.8440002441e+02 8.8229998779e+02 8.8059997559e+02 8.7929998779e+02 8.7809997559e+02 8.7700000000e+02 8.7579998779e+02 8.7459997559e+02 8.7350000000e+02 8.7240002441e+02 8.7150000000e+02 8.7059997559e+02 8.6970001221e+02 8.6890002441e+02 8.6790002441e+02 8.6690002441e+02 8.6590002441e+02 8.6500000000e+02 8.6420001221e+02 8.6340002441e+02 8.6259997559e+02
9.2109997559e+02 9.2040002441e+02 9.1950000000e+02 9.1870001221e+02 9.1800000000e+02 9.1729998779e+02 9.1659997559e+02 9.1590002441e+02 9.1509997559e+02 9.1429998779e+02 9.1350000000e+02 9.1240002441e+02 9.1120001221e+02 9.0990002441e+02 9.0879998779e+02 9.0770001221e+02 9.0640002441e+02 9.0490002441e+02 9.0329998779e+02 9.0120001221e+02 8.9759997559e+02 8.9350000000e+02 8.9029998779e+02 8.8779998779e+02 8.8579998779e+02 8.8420001221e+02 8.8270001221e+02 8.8120001221e+02 8.7979998779e+02 8.7870001221e+02 8.7770001221e+02 8.7640002441e+02 8.7509997559e+02 8.7390002441e+02 8.7270001221e+02 8.7179998779e+02 8.7090002441e+02 8.7000000000e+02 8.6909997559e+02 8.6809997559e+02 8.6709997559e+02 8.6609997559e+02 8.6529998779e+02 8.6450000000e+02 8.6359997559e+02 8.6270001221e+02
9.2129998779e+02 9.2059997559e+02 9.1979998779e+02 9.1900000000e+02 9.1809997559e+02 9.1720001221e+02 9.1640002441e+02 9.1570001221e+02 9.1500000000e+02 9.1429998779e+02 9.1350000000e+02 9.1259997559e+02 9.1129998779e+02 9.1009997559e+02 9.0890002441e+02 9.0770001221e+02 9.0620001221e+02 9.0470001221e+02 9.0300000000e+02 9.0100000000e+02 8.9729998779e+02 8.9309997559e+02 8.8990002441e+02 8.8750000000e+02 8.8590002441e+02 8.8459997559e+02 8.8329998779e+02 8.8200000000e+02 8.8059997559e+02 8.7940002441e+02 8.7829998779e+02 8.7690002441e+02 8.7550000000e+02 8.7429998779e+02 8.7309997559e+02 8.7209997559e+02 8.7129998779e+02 8.7040002441e+02 8.6940002441e+02 8.6840002441e+02 8.6729998779e+02 8.6629998779e+02 8.6550000000e+02 8.6459997559e+02 8.6370001221e+02 8.6290002441e+02
9.2100000000e+02 9.2029998779e+02 9.1950000000e+02 9.1870001221e+02 9.1779998779e+02 9.1690002441e+02 9.1600000000e+02 9.1520001221e+02 9.1450000000e+02 9.1379998779e+02 9.1309997559e+02 9.1229998779e+02 9.1120001221e+02 9.1009997559e+02 9.0879998779e+02 9.0750000000e+02 9.0579998779e+02 9.0400000000e+02 9.0240002441e+02 9.0029998779e+02 8.9640002441e+02 8.9229998779e+02 8.8959997559e+02 8.8779998779e+02 8.8650000000e+02 8.8520001221e+02 8.8400000000e+02 8.8279998779e+02 8.8150000000e+02 8.8020001221e+02 8.7890002441e+02 8.7740002441e+02 8.7590002441e+02 8.7459997559e+02 8.7340002441e+02 8.7250000000e+02 8.7170001221e+02 8.7070001221e+02 8.6970001221e+02 8.6850000000e+02 8.6750000000e+02 8.6650000000e+02 8.6570001221e+02 8.6470001221e+02 8.6390002441e+02 8.6320001221e+02
9.2059997559e+02 9.1979998779e+02 9.1909997559e+02 9.1820001221e+02 9.1729998779e+02 9.1620001221e+02 9.1529998779e+02 9.1450000000e+02 9.1359997559e+02 9.1290002441e+02 9.1229998779e+02 9.1159997559e+02 9.1079998779e+02 9.0979998779e+02 9.0859997559e+02 9.0709997559e+02 9.0520001221e+02 9.0340002441e+02 9.0159997559e+02 8.9900000000e+02 8.9520001221e+02 8.9170001221e+02 8.8959997559e+02 8.8820001221e+02 8.8709997559e+02 8.8590002441e+02 8.8479998779e+02 8.8359997559e+02 8.8229998779e+02 8.8090002441e+02 8.7940002441e+02 8.7779998779e+02 8.7609997559e+02 8.7459997559e+02 8.7359997559e+02 8.7279998779e+02 8.7200000000e+02 8.7100000000e+02 8.6979998779e+02 8.6859997559e+02 8.6759997559e+02 8.6659997559e+02 8.6570001221e+02 8.6500000000e+02 8.6429998779e+02 8.6379998779e+02
