DGM_1M_UPPER_AUSTRIA/3/10.asc
NCOLS 100
NROWS 100
XLLCORNER 6.0450500000e+04
YLLCORNER 2.9428850000e+05
CELLSIZE 1.0000000000e+00
NODATA_VALUE -9.9990000000e+03
[rows 40 to 59 of 100, columns 46 to 91 of 100]
8.5209997559e+02 8.5220001221e+02 8.5240002441e+02 8.5270001221e+02 8.5290002441e+02 8.5320001221e+02 8.5340002441e+02 8.5359997559e+02 8.5379998779e+02 8.5400000000e+02 8.5420001221e+02 8.5450000000e+02 8.5470001221e+02 8.5490002441e+02 8.5520001221e+02 8.5550000000e+02 8.5570001221e+02 8.5590002441e+02 8.5620001221e+02 8.5629998779e+02 8.5629998779e+02 8.5629998779e+02 8.5650000000e+02 8.5679998779e+02 8.5709997559e+02 8.5740002441e+02 8.5759997559e+02 8.5779998779e+02 8.5790002441e+02 8.5800000000e+02 8.5809997559e+02 8.5829998779e+02 8.5859997559e+02 8.5890002441e+02 8.5900000000e+02 8.5909997559e+02 8.5920001221e+02 8.5929998779e+02 8.5940002441e+02 8.5970001221e+02 8.6000000000e+02 8.6020001221e+02 8.6029998779e+02 8.6040002441e+02 8.6040002441e+02 8.6050000000e+02
8.5220001221e+02 8.5229998779e+02 8.5240002441e+02 8.5270001221e+02 8.5290002441e+02 8.5309997559e+02 8.5340002441e+02 8.5379998779e+02 8.5400000000e+02 8.5420001221e+02 8.5429998779e+02 8.5450000000e+02 8.5479998779e+02 8.5500000000e+02 8.5540002441e+02 8.5559997559e+02 8.5579998779e+02 8.5600000000e+02 8.5620001221e+02 8.5629998779e+02 8.5629998779e+02 8.5629998779e+02 8.5650000000e+02 8.5679998779e+02 8.5709997559e+02 8.5729998779e+02 8.5750000000e+02 8.5770001221e+02 8.5779998779e+02 8.5790002441e+02 8.5809997559e+02 8.5829998779e+02 8.5859997559e+02 8.5879998779e+02 8.5890002441e+02 8.5909997559e+02 8.5929998779e+02 8.5950000000e+02 8.5950000000e+02 8.5970001221e+02 8.6000000000e+02 8.6020001221e+02 8.6029998779e+02 8.6040002441e+02 8.6050000000e+02 8.6070001221e+02
8.5220001221e+02 8.5220001221e+02 8.5250000000e+02 8.5279998779e+02 8.5290002441e+02 8.5309997559e+02 8.5340002441e+02 8.5379998779e+02 8.5420001221e+02 8.5429998779e+02 8.5440002441e+02 8.5459997559e+02 8.5490002441e+02 8.5509997559e+02 8.5540002441e+02 8.5559997559e+02 8.5579998779e+02 8.5600000000e+02 8.5620001221e+02 8.5640002441e+02 8.5640002441e+02 8.5640002441e+02 8.5659997559e+02 8.5679998779e+02 8.5709997559e+02 8.5729998779e+02 8.5750000000e+02 8.5770001221e+02 8.5779998779e+02 8.5790002441e+02 8.5809997559e+02 8.5840002441e+02 8.5859997559e+02 8.5879998779e+02 8.5890002441e+02 8.5909997559e+02 8.5940002441e+02 8.5950000000e+02 8.5959997559e+02 8.5979998779e+02 8.6009997559e+02 8.6020001221e+02 8.6029998779e+02 8.6040002441e+02 8.6070001221e+02 8.6100000000e+02
8.5220001221e+02 8.5220001221e+02 8.5240002441e+02 8.5279998779e+02 8.5300000000e+02 8.5320001221e+02 8.5350000000e+02 8.5390002441e+02 8.5420001221e+02 8.5429998779e+02 8.5450000000e+02 8.5470001221e+02 8.5500000000e+02 8.5509997559e+02 8.5529998779e+02 8.5550000000e+02 8.5570001221e+02 8.5600000000e+02 8.5629998779e+02 8.5640002441e+02 8.5650000000e+02 8.5650000000e+02 8.5670001221e+02 8.5690002441e+02 8.5720001221e+02 8.5740002441e+02 8.5759997559e+02 8.5770001221e+02 8.5790002441e+02 8.5800000000e+02 8.5820001221e+02 8.5850000000e+02 8.5870001221e+02 8.5879998779e+02 8.5900000000e+02 8.5920001221e+02 8.5940002441e+02 8.5950000000e+02 8.5950000000e+02 8.5979998779e+02 8.6000000000e+02 8.6020001221e+02 8.6040002441e+02 8.6050000000e+02 8.6079998779e+02 8.6109997559e+02
8.5220001221e+02 8.5240002441e+02 8.5259997559e+02 8.5290002441e+02 8.5309997559e+02 8.5329998779e+02 8.5350000000e+02 8.5390002441e+02 8.5420001221e+02 8.5440002441e+02 8.5459997559e+02 8.5479998779e+02 8.5500000000e+02 8.5509997559e+02 8.5520001221e+02 8.5550000000e+02 8.5570001221e+02 8.5600000000e+02 8.5620001221e+02 8.5640002441e+02 8.5650000000e+02 8.5659997559e+02 8.5670001221e+02 8.5700000000e+02 8.5729998779e+02 8.5759997559e+02 8.5770001221e+02 8.5779998779e+02 8.5790002441e+02 8.5809997559e+02 8.5829998779e+02 8.5859997559e+02 8.5879998779e+02 8.5890002441e+02 8.5909997559e+02 8.5929998779e+02 8.5940002441e+02 8.5950000000e+02 8.5959997559e+02 8.5979998779e+02 8.6009997559e+02 8.6029998779e+02 8.6040002441e+02 8.6059997559e+02 8.6079998779e+02 8.6109997559e+02
8.5229998779e+02 8.5259997559e+02 8.5279998779e+02 8.5309997559e+02 8.5320001221e+02 8.5340002441e+02 8.5370001221e+02 8.5400000000e+02 8.5429998779e+02 8.5450000000e+02 8.5470001221e+02 8.5490002441e+02 8.5509997559e+02 8.5509997559e+02 8.5520001221e+02 8.5550000000e+02 8.5579998779e+02 8.5600000000e+02 8.5620001221e+02 8.5640002441e+02 8.5650000000e+02 8.5670001221e+02 8.5690002441e+02 8.5709997559e+02 8.5750000000e+02 8.5779998779e+02 8.5779998779e+02 8.5790002441e+02 8.5800000000e+02 8.5829998779e+02 8.5850000000e+02 8.5859997559e+02 8.5870001221e+02 8.5890002441e+02 8.5920001221e+02 8.5940002441e+02 8.5950000000e+02 8.5950000000e+02 8.5959997559e+02 8.5990002441e+02 8.6020001221e+02 8.6029998779e+02 8.6050000000e+02 8.6059997559e+02 8.6079998779e+02 8.6100000000e+02
8.5250000000e+02 8.5270001221e+02 8.5300000000e+02 8.5320001221e+02 8.5340002441e+02 8.5370001221e+02 8.5400000000e+02 8.5429998779e+02 8.5440002441e+02 8.5450000000e+02 8.5470001221e+02 8.5490002441e+02 8.5509997559e+02 8.5520001221e+02 8.5540002441e+02 8.5559997559e+02 8.5579998779e+02 8.5600000000e+02 8.5620001221e+02 8.5629998779e+02 8.5659997559e+02 8.5690002441e+02 8.5700000000e+02 8.5729998779e+02 8.5750000000e+02 8.5779998779e+02 8.5800000000e+02 8.5800000000e+02 8.5820001221e+02 8.5840002441e+02 8.5850000000e+02 8.5859997559e+02 8.5879998779e+02 8.5900000000e+02 8.5920001221e+02 8.5940002441e+02 8.5950000000e+02 8.5959997559e+02 8.5979998779e+02 8.6000000000e+02 8.6020001221e+02 8.6029998779e+02 8.6040002441e+02 8.6059997559e+02 8.6079998779e+02 8.6109997559e+02
8.5259997559e+02 8.5279998779e+02 8.5309997559e+02 8.5329998779e+02 8.5359997559e+02 8.5390002441e+02 8.5409997559e+02 8.5429998779e+02 8.5429998779e+02 8.5440002441e+02 8.5459997559e+02 8.5490002441e+02 8.5509997559e+02 8.5529998779e+02 8.5540002441e+02 8.5559997559e+02 8.5570001221e+02 8.5600000000e+02 8.5620001221e+02 8.5640002441e+02 8.5670001221e+02 8.5700000000e+02 8.5720001221e+02 8.5740002441e+02 8.5759997559e+02 8.5790002441e+02 8.5800000000e+02 8.5809997559e+02 8.5829998779e+02 8.5850000000e+02 8.5859997559e+02 8.5870001221e+02 8.5879998779e+02 8.5909997559e+02 8.5920001221e+02 8.5929998779e+02 8.5950000000e+02 8.5970001221e+02 8.5979998779e+02 8.6000000000e+02 8.6020001221e+02 8.6029998779e+02 8.6050000000e+02 8.6070001221e+02 8.6100000000e+02 8.6109997559e+02
8.5270001221e+02 8.5290002441e+02 8.5309997559e+02 8.5329998779e+02 8.5370001221e+02 8.5400000000e+02 8.5400000000e+02 8.5420001221e+02 8.5429998779e+02 8.5440002441e+02 8.5459997559e+02 8.5479998779e+02 8.5509997559e+02 8.5529998779e+02 8.5550000000e+02 8.5559997559e+02 8.5579998779e+02 8.5609997559e+02 8.5629998779e+02 8.5659997559e+02 8.5679998779e+02 8.5709997559e+02 8.5729998779e+02 8.5750000000e+02 8.5770001221e+02 8.5790002441e+02 8.5800000000e+02 8.5820001221e+02 8.5840002441e+02 8.5850000000e+02 8.5859997559e+02 8.5870001221e+02 8.5890002441e+02 8.5909997559e+02 8.5920001221e+02 8.5940002441e+02 8.5950000000e+02 8.5970001221e+02 8.5990002441e+02 8.6009997559e+02 8.6020001221e+02 8.6040002441e+02 8.6059997559e+02 8.6090002441e+02 8.6109997559e+02 8.6120001221e+02
8.5290002441e+02 8.5300000000e+02 8.5309997559e+02 8.5329998779e+02 8.5370001221e+02 8.5390002441e+02 8.5400000000e+02 8.5409997559e+02 8.5420001221e+02 8.5440002441e+02 8.5459997559e+02 8.5490002441e+02 8.5509997559e+02 8.5529998779e+02 8.5550000000e+02 8.5570001221e+02 8.5600000000e+02 8.5620001221e+02 8.5650000000e+02 8.5670001221e+02 8.5690002441e+02 8.5720001221e+02 8.5740002441e+02 8.5750000000e+02 8.5759997559e+02 8.5779998779e+02 8.5790002441e+02 8.5809997559e+02 8.5829998779e+02 8.5840002441e+02 8.5859997559e+02 8.5879998779e+02 8.5890002441e+02 8.5909997559e+02 8.5920001221e+02 8.5940002441e+02 8.5959997559e+02 8.5979998779e+02 8.6000000000e+02 8.6009997559e+02 8.6029998779e+02 8.6040002441e+02 8.6070001221e+02 8.6090002441e+02 8.6109997559e+02 8.6129998779e+02
8.5290002441e+02 8.5300000000e+02 8.5320001221e+02 8.5340002441e+02 8.5370001221e+02 8.5390002441e+02 8.5409997559e+02 8.5420001221e+02 8.5429998779e+02 8.5450000000e+02 8.5470001221e+02 8.5500000000e+02 8.5520001221e+02 8.5540002441e+02 8.5559997559e+02 8.5590002441e+02 8.5609997559e+02 8.5640002441e+02 8.5659997559e+02 8.5679998779e+02 8.5700000000e+02 8.5720001221e+02 8.5729998779e+02 8.5740002441e+02 8.5750000000e+02 8.5770001221e+02 8.5790002441e+02 8.5820001221e+02 8.5829998779e+02 8.5850000000e+02 8.5859997559e+02 8.5879998779e+02 8.5890002441e+02 8.5909997559e+02 8.5929998779e+02 8.5959997559e+02 8.5979998779e+02 8.5990002441e+02 8.6000000000e+02 8.6020001221e+02 8.6029998779e+02 8.6040002441e+02 8.6070001221e+02 8.6090002441e+02 8.6109997559e+02 8.6129998779e+02
8.5279998779e+02 8.5300000000e+02 8.5329998779e+02 8.5359997559e+02 8.5390002441e+02 8.5400000000e+02 8.5420001221e+02 8.5440002441e+02 8.5450000000e+02 8.5470001221e+02 8.5490002441e+02 8.5509997559e+02 8.5529998779e+02 8.5550000000e+02 8.5570001221e+02 8.5600000000e+02 8.5620001221e+02 8.5640002441e+02 8.5670001221e+02 8.5690002441e+02 8.5700000000e+02 8.5709997559e+02 8.5720001221e+02 8.5740002441e+02 8.5750000000e+02 8.5770001221e+02 8.5809997559e+02 8.5829998779e+02 8.5840002441e+02 8.5850000000e+02 8.5870001221e+02 8.5879998779e+02 8.5900000000e+02 8.5920001221e+02 8.5940002441e+02 8.5970001221e+02 8.5990002441e+02 8.5990002441e+02 8.6000000000e+02 8.6020001221e+02 8.6029998779e+02 8.6050000000e+02 8.6079998779e+02 8.6090002441e+02 8.6100000000e+02 8.6120001221e+02
8.5300000000e+02 8.5320001221e+02 8.5350000000e+02 8.5379998779e+02 8.5409997559e+02 8.5420001221e+02 8.5429998779e+02 8.5450000000e+02 8.5459997559e+02 8.5479998779e+02 8.5509997559e+02 8.5520001221e+02 8.5550000000e+02 8.5570001221e+02 8.5579998779e+02 8.5600000000e+02 8.5620001221e+02 8.5650000000e+02 8.5679998779e+02 8.5709997559e+02 8.5709997559e+02 8.5709997559e+02 8.5709997559e+02 8.5729998779e+02 8.5750000000e+02 8.5779998779e+02 8.5809997559e+02 8.5829998779e+02 8.5850000000e+02 8.5859997559e+02 8.5870001221e+02 8.5879998779e+02 8.5900000000e+02 8.5929998779e+02 8.5950000000e+02 8.5979998779e+02 8.5979998779e+02 8.5990002441e+02 8.6000000000e+02 8.6020001221e+02 8.6040002441e+02 8.6079998779e+02 8.6090002441e+02 8.6090002441e+02 8.6100000000e+02 8.6120001221e+02
8.5320001221e+02 8.5340002441e+02 8.5370001221e+02 8.5400000000e+02 8.5420001221e+02 8.5429998779e+02 8.5440002441e+02 8.5459997559e+02 8.5470001221e+02 8.5490002441e+02 8.5520001221e+02 8.5540002441e+02 8.5559997559e+02 8.5579998779e+02 8.5590002441e+02 8.5600000000e+02 8.5620001221e+02 8.5650000000e+02 8.5690002441e+02 8.5709997559e+02 8.5709997559e+02 8.5700000000e+02 8.5700000000e+02 8.5729998779e+02 8.5759997559e+02 8.5790002441e+02 8.5809997559e+02 8.5829998779e+02 8.5850000000e+02 8.5859997559e+02 8.5870001221e+02 8.5890002441e+02 8.5909997559e+02 8.5929998779e+02 8.5950000000e+02 8.5970001221e+02 8.5979998779e+02 8.5990002441e+02 8.6009997559e+02 8.6029998779e+02 8.6050000000e+02 8.6079998779e+02 8.6100000000e+02 8.6090002441e+02 8.6100000000e+02 8.6109997559e+02
8.5340002441e+02 8.5359997559e+02 8.5390002441e+02 8.5400000000e+02 8.5420001221e+02 8.5429998779e+02 8.5440002441e+02 8.5459997559e+02 8.5470001221e+02 8.5500000000e+02 8.5529998779e+02 8.5550000000e+02 8.5570001221e+02 8.5579998779e+02 8.5590002441e+02 8.5600000000e+02 8.5629998779e+02 8.5650000000e+02 8.5690002441e+02 8.5709997559e+02 8.5709997559e+02 8.5700000000e+02 8.5709997559e+02 8.5729998779e+02 8.5770001221e+02 8.5800000000e+02 8.5820001221e+02 8.5829998779e+02 8.5850000000e+02 8.5859997559e+02 8.5870001221e+02 8.5900000000e+02 8.5920001221e+02 8.5929998779e+02 8.5940002441e+02 8.5970001221e+02 8.5990002441e+02 8.6000000000e+02 8.6009997559e+02 8.6029998779e+02 8.6059997559e+02 8.6079998779e+02 8.6090002441e+02 8.6090002441e+02 8.6100000000e+02 8.6109997559e+02
8.5350000000e+02 8.5370001221e+02 8.5390002441e+02 8.5400000000e+02 8.5420001221e+02 8.5429998779e+02 8.5440002441e+02 8.5459997559e+02 8.5479998779e+02 8.5509997559e+02 8.5540002441e+02 8.5559997559e+02 8.5579998779e+02 8.5590002441e+02 8.5600000000e+02 8.5609997559e+02 8.5629998779e+02 8.5659997559e+02 8.5679998779e+02 8.5700000000e+02 8.5709997559e+02 8.5709997559e+02 8.5709997559e+02 8.5729998779e+02 8.5759997559e+02 8.5790002441e+02 8.5820001221e+02 8.5829998779e+02 8.5850000000e+02 8.5870001221e+02 8.5879998779e+02 8.5909997559e+02 8.5920001221e+02 8.5920001221e+02 8.5940002441e+02 8.5970001221e+02 8.6000000000e+02 8.6009997559e+02 8.6020001221e+02 8.6029998779e+02 8.6059997559e+02 8.6090002441e+02 8.6100000000e+02 8.6090002441e+02 8.6100000000e+02 8.6120001221e+02
8.5359997559e+02 8.5370001221e+02 8.5379998779e+02 8.5400000000e+02 8.5420001221e+02 8.5440002441e+02 8.5459997559e+02 8.5470001221e+02 8.5490002441e+02 8.5520001221e+02 8.5550000000e+02 8.5579998779e+02 8.5590002441e+02 8.5600000000e+02 8.5609997559e+02 8.5620001221e+02 8.5629998779e+02 8.5659997559e+02 8.5679998779e+02 8.5690002441e+02 8.5700000000e+02 8.5709997559e+02 8.5720001221e+02 8.5740002441e+02 8.5759997559e+02 8.5790002441e+02 8.5809997559e+02 8.5829998779e+02 8.5850000000e+02 8.5870001221e+02 8.5890002441e+02 8.5900000000e+02 8.5909997559e+02 8.5929998779e+02 8.5950000000e+02 8.5970001221e+02 8.6000000000e+02 8.6009997559e+02 8.6009997559e+02 8.6029998779e+02 8.6059997559e+02 8.6090002441e+02 8.6100000000e+02 8.6090002441e+02 8.6100000000e+02 8.6109997559e+02
8.5359997559e+02 8.5379998779e+02 8.5390002441e+02 8.5400000000e+02 8.5429998779e+02 8.5450000000e+02 8.5470001221e+02 8.5490002441e+02 8.5500000000e+02 8.5520001221e+02 8.5550000000e+02 8.5570001221e+02 8.5590002441e+02 8.5600000000e+02 8.5609997559e+02 8.5620001221e+02 8.5629998779e+02 8.5659997559e+02 8.5679998779e+02 8.5690002441e+02 8.5700000000e+02 8.5720001221e+02 8.5720001221e+02 8.5750000000e+02 8.5770001221e+02 8.5800000000e+02 8.5809997559e+02 8.5829998779e+02 8.5850000000e+02 8.5879998779e+02 8.5890002441e+02 8.5890002441e+02 8.5900000000e+02 8.5929998779e+02 8.5940002441e+02 8.5970001221e+02 8.5990002441e+02 8.6000000000e+02 8.6009997559e+02 8.6029998779e+02 8.6059997559e+02 8.6079998779e+02 8.6090002441e+02 8.6100000000e+02 8.6090002441e+02 8.6109997559e+02
8.5370001221e+02 8.5379998779e+02 8.5400000000e+02 8.5420001221e+02 8.5440002441e+02 8.5459997559e+02 8.5490002441e+02 8.5500000000e+02 8.5509997559e+02 8.5520001221e+02 8.5550000000e+02 8.5570001221e+02 8.5590002441e+02 8.5600000000e+02 8.5609997559e+02 8.5629998779e+02 8.5650000000e+02 8.5670001221e+02 8.5679998779e+02 8.5700000000e+02 8.5709997559e+02 8.5720001221e+02 8.5729998779e+02 8.5750000000e+02 8.5779998779e+02 8.5809997559e+02 8.5820001221e+02 8.5829998779e+02 8.5859997559e+02 8.5879998779e+02 8.5879998779e+02 8.5890002441e+02 8.5900000000e+02 8.5920001221e+02 8.5940002441e+02 8.5959997559e+02 8.5990002441e+02 8.6009997559e+02 8.6020001221e+02 8.6040002441e+02 8.6059997559e+02 8.6079998779e+02 8.6100000000e+02 8.6100000000e+02 8.6100000000e+02 8.6109997559e+02
8.5370001221e+02 8.5400000000e+02 8.5420001221e+02 8.5440002441e+02 8.5459997559e+02 8.5479998779e+02 8.5500000000e+02 8.5520001221e+02 8.5520001221e+02 8.5529998779e+02 8.5559997559e+02 8.5579998779e+02 8.5590002441e+02 8.5600000000e+02 8.5620001221e+02 8.5640002441e+02 8.5659997559e+02 8.5670001221e+02 8.5690002441e+02 8.5700000000e+02 8.5709997559e+02 8.5720001221e+02 8.5729998779e+02 8.5759997559e+02 8.5790002441e+02 8.5809997559e+02 8.5820001221e+02 8.5840002441e+02 8.5859997559e+02 8.5870001221e+02 8.5879998779e+02 8.5890002441e+02 8.5900000000e+02 8.5929998779e+02 8.5950000000e+02 8.5970001221e+02 8.6000000000e+02 8.6020001221e+02 8.6029998779e+02 8.6050000000e+02 8.6059997559e+02 8.6079998779e+02 8.6090002441e+02 8.6090002441e+02 8.6100000000e+02 8.6120001221e+02
