DGM_1M_UPPER_AUSTRIA/3/10.asc
NCOLS 100
NROWS 100
XLLCORNER 6.0450500000e+04
YLLCORNER 2.9428850000e+05
CELLSIZE 1.0000000000e+00
NODATA_VALUE -9.9990000000e+03
[rows 80 to 99 of 100, columns 0 to 45 of 100]
8.4679998779e+02 8.4700000000e+02 8.4729998779e+02 8.4740002441e+02 8.4750000000e+02 8.4759997559e+02 8.4759997559e+02 8.4779998779e+02 8.4800000000e+02 8.4829998779e+02 8.4850000000e+02 8.4850000000e+02 8.4850000000e+02 8.4859997559e+02 8.4879998779e+02 8.4900000000e+02 8.4920001221e+02 8.4940002441e+02 8.4970001221e+02 8.4990002441e+02 8.5009997559e+02 8.5029998779e+02 8.5029998779e+02 8.5040002441e+02 8.5059997559e+02 8.5079998779e+02 8.5100000000e+02 8.5120001221e+02 8.5140002441e+02 8.5150000000e+02 8.5159997559e+02 8.5179998779e+02 8.5200000000e+02 8.5220001221e+02 8.5229998779e+02 8.5240002441e+02 8.5250000000e+02 8.5270001221e+02 8.5279998779e+02 8.5290002441e+02 8.5300000000e+02 8.5320001221e+02 8.5340002441e+02 8.5370001221e+02 8.5390002441e+02 8.5409997559e+02
8.4679998779e+02 8.4690002441e+02 8.4720001221e+02 8.4740002441e+02 8.4750000000e+02 8.4759997559e+02 8.4759997559e+02 8.4779998779e+02 8.4800000000e+02 8.4829998779e+02 8.4850000000e+02 8.4850000000e+02 8.4850000000e+02 8.4859997559e+02 8.4870001221e+02 8.4900000000e+02 8.4929998779e+02 8.4950000000e+02 8.4970001221e+02 8.4990002441e+02 8.5009997559e+02 8.5020001221e+02 8.5020001221e+02 8.5029998779e+02 8.5059997559e+02 8.5090002441e+02 8.5109997559e+02 8.5129998779e+02 8.5140002441e+02 8.5150000000e+02 8.5170001221e+02 8.5190002441e+02 8.5200000000e+02 8.5220001221e+02 8.5229998779e+02 8.5250000000e+02 8.5259997559e+02 8.5270001221e+02 8.5279998779e+02 8.5290002441e+02 8.5309997559e+02 8.5320001221e+02 8.5340002441e+02 8.5359997559e+02 8.5390002441e+02 8.5400000000e+02
8.4679998779e+02 8.4700000000e+02 8.4720001221e+02 8.4729998779e+02 8.4740002441e+02 8.4750000000e+02 8.4759997559e+02 8.4770001221e+02 8.4790002441e+02 8.4809997559e+02 8.4829998779e+02 8.4840002441e+02 8.4850000000e+02 8.4859997559e+02 8.4879998779e+02 8.4900000000e+02 8.4929998779e+02 8.4950000000e+02 8.4970001221e+02 8.4990002441e+02 8.5000000000e+02 8.5009997559e+02 8.5009997559e+02 8.5029998779e+02 8.5059997559e+02 8.5090002441e+02 8.5100000000e+02 8.5120001221e+02 8.5129998779e+02 8.5140002441e+02 8.5170001221e+02 8.5179998779e+02 8.5190002441e+02 8.5209997559e+02 8.5229998779e+02 8.5250000000e+02 8.5259997559e+02 8.5259997559e+02 8.5270001221e+02 8.5290002441e+02 8.5309997559e+02 8.5329998779e+02 8.5340002441e+02 8.5359997559e+02 8.5379998779e+02 8.5390002441e+02
8.4679998779e+02 8.4690002441e+02 8.4709997559e+02 8.4720001221e+02 8.4729998779e+02 8.4740002441e+02 8.4750000000e+02 8.4770001221e+02 8.4779998779e+02 8.4800000000e+02 8.4820001221e+02 8.4829998779e+02 8.4850000000e+02 8.4859997559e+02 8.4879998779e+02 8.4900000000e+02 8.4929998779e+02 8.4950000000e+02 8.4970001221e+02 8.4979998779e+02 8.4990002441e+02 8.5000000000e+02 8.5000000000e+02 8.5029998779e+02 8.5059997559e+02 8.5090002441e+02 8.5100000000e+02 8.5109997559e+02 8.5129998779e+02 8.5140002441e+02 8.5159997559e+02 8.5179998779e+02 8.5179998779e+02 8.5200000000e+02 8.5209997559e+02 8.5229998779e+02 8.5240002441e+02 8.5250000000e+02 8.5259997559e+02 8.5290002441e+02 8.5309997559e+02 8.5329998779e+02 8.5350000000e+02 8.5359997559e+02 8.5379998779e+02 8.5390002441e+02
8.4659997559e+02 8.4679998779e+02 8.4690002441e+02 8.4700000000e+02 8.4709997559e+02 8.4729998779e+02 8.4740002441e+02 8.4750000000e+02 8.4770001221e+02 8.4779998779e+02 8.4800000000e+02 8.4820001221e+02 8.4840002441e+02 8.4859997559e+02 8.4870001221e+02 8.4900000000e+02 8.4920001221e+02 8.4940002441e+02 8.4959997559e+02 8.4970001221e+02 8.4979998779e+02 8.4990002441e+02 8.5009997559e+02 8.5040002441e+02 8.5070001221e+02 8.5090002441e+02 8.5090002441e+02 8.5100000000e+02 8.5129998779e+02 8.5140002441e+02 8.5159997559e+02 8.5170001221e+02 8.5179998779e+02 8.5200000000e+02 8.5209997559e+02 8.5220001221e+02 8.5229998779e+02 8.5240002441e+02 8.5259997559e+02 8.5279998779e+02 8.5309997559e+02 8.5329998779e+02 8.5350000000e+02 8.5359997559e+02 8.5370001221e+02 8.5390002441e+02
8.4640002441e+02 8.4659997559e+02 8.4670001221e+02 8.4679998779e+02 8.4700000000e+02 8.4709997559e+02 8.4720001221e+02 8.4740002441e+02 8.4750000000e+02 8.4770001221e+02 8.4790002441e+02 8.4809997559e+02 8.4840002441e+02 8.4850000000e+02 8.4870001221e+02 8.4879998779e+02 8.4909997559e+02 8.4929998779e+02 8.4950000000e+02 8.4959997559e+02 8.4970001221e+02 8.4990002441e+02 8.5020001221e+02 8.5059997559e+02 8.5079998779e+02 8.5079998779e+02 8.5079998779e+02 8.5090002441e+02 8.5120001221e+02 8.5140002441e+02 8.5150000000e+02 8.5159997559e+02 8.5179998779e+02 8.5200000000e+02 8.5209997559e+02 8.5220001221e+02 8.5229998779e+02 8.5229998779e+02 8.5250000000e+02 8.5270001221e+02 8.5309997559e+02 8.5329998779e+02 8.5350000000e+02 8.5359997559e+02 8.5370001221e+02 8.5379998779e+02
8.4629998779e+02 8.4650000000e+02 8.4659997559e+02 8.4679998779e+02 8.4690002441e+02 8.4700000000e+02 8.4720001221e+02 8.4729998779e+02 8.4750000000e+02 8.4759997559e+02 8.4779998779e+02 8.4800000000e+02 8.4820001221e+02 8.4840002441e+02 8.4850000000e+02 8.4870001221e+02 8.4890002441e+02 8.4920001221e+02 8.4940002441e+02 8.4959997559e+02 8.4970001221e+02 8.4990002441e+02 8.5029998779e+02 8.5059997559e+02 8.5070001221e+02 8.5059997559e+02 8.5059997559e+02 8.5079998779e+02 8.5120001221e+02 8.5140002441e+02 8.5150000000e+02 8.5159997559e+02 8.5179998779e+02 8.5200000000e+02 8.5220001221e+02 8.5229998779e+02 8.5229998779e+02 8.5229998779e+02 8.5250000000e+02 8.5270001221e+02 8.5290002441e+02 8.5320001221e+02 8.5340002441e+02 8.5359997559e+02 8.5370001221e+02 8.5370001221e+02
8.4620001221e+02 8.4640002441e+02 8.4650000000e+02 8.4670001221e+02 8.4690002441e+02 8.4709997559e+02 8.4720001221e+02 8.4729998779e+02 8.4740002441e+02 8.4759997559e+02 8.4779998779e+02 8.4790002441e+02 8.4809997559e+02 8.4829998779e+02 8.4840002441e+02 8.4870001221e+02 8.4890002441e+02 8.4920001221e+02 8.4950000000e+02 8.4959997559e+02 8.4979998779e+02 8.5000000000e+02 8.5029998779e+02 8.5050000000e+02 8.5050000000e+02 8.5040002441e+02 8.5050000000e+02 8.5070001221e+02 8.5109997559e+02 8.5129998779e+02 8.5150000000e+02 8.5150000000e+02 8.5170001221e+02 8.5200000000e+02 8.5220001221e+02 8.5229998779e+02 8.5229998779e+02 8.5229998779e+02 8.5250000000e+02 8.5270001221e+02 8.5290002441e+02 8.5309997559e+02 8.5340002441e+02 8.5359997559e+02 8.5370001221e+02 8.5370001221e+02
8.4609997559e+02 8.4629998779e+02 8.4650000000e+02 8.4670001221e+02 8.4700000000e+02 8.4709997559e+02 8.4709997559e+02 8.4720001221e+02 8.4729998779e+02 8.4750000000e+02 8.4770001221e+02 8.4790002441e+02 8.4809997559e+02 8.4829998779e+02 8.4840002441e+02 8.4859997559e+02 8.4890002441e+02 8.4920001221e+02 8.4950000000e+02 8.4970001221e+02 8.4979998779e+02 8.4990002441e+02 8.5009997559e+02 8.5029998779e+02 8.5029998779e+02 8.5040002441e+02 8.5050000000e+02 8.5070001221e+02 8.5090002441e+02 8.5109997559e+02 8.5129998779e+02 8.5140002441e+02 8.5159997559e+02 8.5190002441e+02 8.5220001221e+02 8.5220001221e+02 8.5220001221e+02 8.5229998779e+02 8.5240002441e+02 8.5259997559e+02 8.5279998779e+02 8.5309997559e+02 8.5329998779e+02 8.5350000000e+02 8.5359997559e+02 8.5370001221e+02
8.4600000000e+02 8.4620001221e+02 8.4640002441e+02 8.4670001221e+02 8.4700000000e+02 8.4709997559e+02 8.4709997559e+02 8.4709997559e+02 8.4720001221e+02 8.4740002441e+02 8.4770001221e+02 8.4800000000e+02 8.4820001221e+02 8.4829998779e+02 8.4840002441e+02 8.4859997559e+02 8.4879998779e+02 8.4909997559e+02 8.4929998779e+02 8.4950000000e+02 8.4970001221e+02 8.4979998779e+02 8.5000000000e+02 8.5020001221e+02 8.5020001221e+02 8.5040002441e+02 8.5050000000e+02 8.5070001221e+02 8.5079998779e+02 8.5100000000e+02 8.5120001221e+02 8.5140002441e+02 8.5159997559e+02 8.5179998779e+02 8.5200000000e+02 8.5209997559e+02 8.5209997559e+02 8.5229998779e+02 8.5240002441e+02 8.5259997559e+02 8.5279998779e+02 8.5300000000e+02 8.5329998779e+02 8.5350000000e+02 8.5359997559e+02 8.5370001221e+02
8.4590002441e+02 8.4609997559e+02 8.4629998779e+02 8.4659997559e+02 8.4679998779e+02 8.4690002441e+02 8.4700000000e+02 8.4700000000e+02 8.4720001221e+02 8.4729998779e+02 8.4759997559e+02 8.4790002441e+02 8.4809997559e+02 8.4829998779e+02 8.4829998779e+02 8.4850000000e+02 8.4870001221e+02 8.4890002441e+02 8.4909997559e+02 8.4940002441e+02 8.4950000000e+02 8.4959997559e+02 8.4979998779e+02 8.5000000000e+02 8.5009997559e+02 8.5029998779e+02 8.5050000000e+02 8.5059997559e+02 8.5079998779e+02 8.5090002441e+02 8.5109997559e+02 8.5129998779e+02 8.5150000000e+02 8.5170001221e+02 8.5179998779e+02 8.5200000000e+02 8.5209997559e+02 8.5220001221e+02 8.5240002441e+02 8.5250000000e+02 8.5270001221e+02 8.5290002441e+02 8.5320001221e+02 8.5340002441e+02 8.5350000000e+02 8.5359997559e+02
8.4579998779e+02 8.4600000000e+02 8.4620001221e+02 8.4650000000e+02 8.4670001221e+02 8.4679998779e+02 8.4690002441e+02 8.4700000000e+02 8.4709997559e+02 8.4720001221e+02 8.4740002441e+02 8.4770001221e+02 8.4800000000e+02 8.4809997559e+02 8.4820001221e+02 8.4829998779e+02 8.4850000000e+02 8.4879998779e+02 8.4900000000e+02 8.4920001221e+02 8.4940002441e+02 8.4950000000e+02 8.4959997559e+02 8.4990002441e+02 8.5000000000e+02 8.5009997559e+02 8.5040002441e+02 8.5050000000e+02 8.5070001221e+02 8.5090002441e+02 8.5109997559e+02 8.5129998779e+02 8.5140002441e+02 8.5150000000e+02 8.5170001221e+02 8.5190002441e+02 8.5209997559e+02 8.5220001221e+02 8.5229998779e+02 8.5240002441e+02 8.5270001221e+02 8.5290002441e+02 8.5309997559e+02 8.5329998779e+02 8.5340002441e+02 8.5359997559e+02
8.4570001221e+02 8.4590002441e+02 8.4609997559e+02 8.4629998779e+02 8.4659997559e+02 8.4670001221e+02 8.4670001221e+02 8.4679998779e+02 8.4690002441e+02 8.4709997559e+02 8.4729998779e+02 8.4750000000e+02 8.4779998779e+02 8.4800000000e+02 8.4809997559e+02 8.4820001221e+02 8.4840002441e+02 8.4870001221e+02 8.4900000000e+02 8.4909997559e+02 8.4909997559e+02 8.4920001221e+02 8.4950000000e+02 8.4970001221e+02 8.4979998779e+02 8.5000000000e+02 8.5029998779e+02 8.5040002441e+02 8.5059997559e+02 8.5079998779e+02 8.5100000000e+02 8.5120001221e+02 8.5129998779e+02 8.5140002441e+02 8.5159997559e+02 8.5190002441e+02 8.5209997559e+02 8.5220001221e+02 8.5229998779e+02 8.5240002441e+02 8.5259997559e+02 8.5270001221e+02 8.5290002441e+02 8.5309997559e+02 8.5329998779e+02 8.5350000000e+02
8.4559997559e+02 8.4579998779e+02 8.4600000000e+02 8.4620001221e+02 8.4650000000e+02 8.4659997559e+02 8.4659997559e+02 8.4670001221e+02 8.4679998779e+02 8.4700000000e+02 8.4729998779e+02 8.4750000000e+02 8.4770001221e+02 8.4790002441e+02 8.4800000000e+02 8.4820001221e+02 8.4840002441e+02 8.4870001221e+02 8.4890002441e+02 8.4900000000e+02 8.4890002441e+02 8.4909997559e+02 8.4929998779e+02 8.4950000000e+02 8.4959997559e+02 8.4990002441e+02 8.5020001221e+02 8.5040002441e+02 8.5050000000e+02 8.5059997559e+02 8.5079998779e+02 8.5100000000e+02 8.5120001221e+02 8.5140002441e+02 8.5159997559e+02 8.5179998779e+02 8.5200000000e+02 8.5209997559e+02 8.5220001221e+02 8.5229998779e+02 8.5240002441e+02 8.5259997559e+02 8.5279998779e+02 8.5300000000e+02 8.5329998779e+02 8.5340002441e+02
8.4550000000e+02 8.4570001221e+02 8.4590002441e+02 8.4609997559e+02 8.4629998779e+02 8.4640002441e+02 8.4650000000e+02 8.4659997559e+02 8.4679998779e+02 8.4700000000e+02 8.4729998779e+02 8.4750000000e+02 8.4759997559e+02 8.4770001221e+02 8.4790002441e+02 8.4809997559e+02 8.4840002441e+02 8.4870001221e+02 8.4879998779e+02 8.4879998779e+02 8.4879998779e+02 8.4890002441e+02 8.4909997559e+02 8.4929998779e+02 8.4950000000e+02 8.4979998779e+02 8.5009997559e+02 8.5029998779e+02 8.5040002441e+02 8.5050000000e+02 8.5059997559e+02 8.5079998779e+02 8.5109997559e+02 8.5129998779e+02 8.5159997559e+02 8.5179998779e+02 8.5190002441e+02 8.5200000000e+02 8.5209997559e+02 8.5220001221e+02 8.5229998779e+02 8.5240002441e+02 8.5259997559e+02 8.5290002441e+02 8.5309997559e+02 8.5329998779e+02
8.4540002441e+02 8.4559997559e+02 8.4579998779e+02 8.4600000000e+02 8.4620001221e+02 8.4629998779e+02 8.4640002441e+02 8.4659997559e+02 8.4679998779e+02 8.4690002441e+02 8.4709997559e+02 8.4729998779e+02 8.4750000000e+02 8.4759997559e+02 8.4779998779e+02 8.4809997559e+02 8.4840002441e+02 8.4859997559e+02 8.4870001221e+02 8.4879998779e+02 8.4870001221e+02 8.4879998779e+02 8.4890002441e+02 8.4920001221e+02 8.4950000000e+02 8.4970001221e+02 8.5000000000e+02 8.5020001221e+02 8.5029998779e+02 8.5050000000e+02 8.5059997559e+02 8.5070001221e+02 8.5100000000e+02 8.5120001221e+02 8.5150000000e+02 8.5170001221e+02 8.5190002441e+02 8.5190002441e+02 8.5200000000e+02 8.5220001221e+02 8.5229998779e+02 8.5240002441e+02 8.5250000000e+02 8.5270001221e+02 8.5290002441e+02 8.5320001221e+02
8.4520001221e+02 8.4550000000e+02 8.4570001221e+02 8.4590002441e+02 8.4600000000e+02 8.4620001221e+02 8.4640002441e+02 8.4650000000e+02 8.4670001221e+02 8.4679998779e+02 8.4690002441e+02 8.4709997559e+02 8.4729998779e+02 8.4750000000e+02 8.4770001221e+02 8.4800000000e+02 8.4829998779e+02 8.4850000000e+02 8.4859997559e+02 8.4859997559e+02 8.4850000000e+02 8.4859997559e+02 8.4879998779e+02 8.4909997559e+02 8.4940002441e+02 8.4970001221e+02 8.4990002441e+02 8.5009997559e+02 8.5029998779e+02 8.5040002441e+02 8.5059997559e+02 8.5070001221e+02 8.5079998779e+02 8.5100000000e+02 8.5129998779e+02 8.5150000000e+02 8.5170001221e+02 8.5179998779e+02 8.5190002441e+02 8.5200000000e+02 8.5220001221e+02 8.5229998779e+02 8.5240002441e+02 8.5259997559e+02 8.5279998779e+02 8.5300000000e+02
8.4520001221e+02 8.4529998779e+02 8.4559997559e+02 8.4579998779e+02 8.4600000000e+02 8.4609997559e+02 8.4629998779e+02 8.4640002441e+02 8.4650000000e+02 8.4670001221e+02 8.4679998779e+02 8.4700000000e+02 8.4720001221e+02 8.4740002441e+02 8.4750000000e+02 8.4770001221e+02 8.4800000000e+02 8.4829998779e+02 8.4840002441e+02 8.4829998779e+02 8.4840002441e+02 8.4850000000e+02 8.4870001221e+02 8.4900000000e+02 8.4920001221e+02 8.4950000000e+02 8.4979998779e+02 8.4990002441e+02 8.5009997559e+02 8.5029998779e+02 8.5050000000e+02 8.5050000000e+02 8.5070001221e+02 8.5090002441e+02 8.5109997559e+02 8.5140002441e+02 8.5150000000e+02 8.5159997559e+02 8.5170001221e+02 8.5179998779e+02 8.5200000000e+02 8.5220001221e+02 8.5240002441e+02 8.5250000000e+02 8.5259997559e+02 8.5279998779e+02
8.4509997559e+02 8.4520001221e+02 8.4540002441e+02 8.4559997559e+02 8.4590002441e+02 8.4609997559e+02 8.4620001221e+02 8.4629998779e+02 8.4640002441e+02 8.4650000000e+02 8.4659997559e+02 8.4679998779e+02 8.4709997559e+02 8.4729998779e+02 8.4740002441e+02 8.4750000000e+02 8.4779998779e+02 8.4800000000e+02 8.4820001221e+02 8.4820001221e+02 8.4829998779e+02 8.4850000000e+02 8.4870001221e+02 8.4890002441e+02 8.4900000000e+02 8.4929998779e+02 8.4959997559e+02 8.4979998779e+02 8.5000000000e+02 8.5020001221e+02 8.5029998779e+02 8.5040002441e+02 8.5059997559e+02 8.5070001221e+02 8.5090002441e+02 8.5120001221e+02 8.5140002441e+02 8.5150000000e+02 8.5150000000e+02 8.5170001221e+02 8.5190002441e+02 8.5209997559e+02 8.5229998779e+02 8.5250000000e+02 8.5250000000e+02 8.5259997559e+02
8.4500000000e+02 8.4509997559e+02 8.4529998779e+02 8.4550000000e+02 8.4590002441e+02 8.4600000000e+02 8.4609997559e+02 8.4620001221e+02 8.4629998779e+02 8.4629998779e+02 8.4650000000e+02 8.4679998779e+02 8.4709997559e+02 8.4720001221e+02 8.4729998779e+02 8.4729998779e+02 8.4750000000e+02 8.4779998779e+02 8.4790002441e+02 8.4800000000e+02 8.4820001221e+02 8.4840002441e+02 8.4859997559e+02 8.4879998779e+02 8.4890002441e+02 8.4909997559e+02 8.4940002441e+02 8.4970001221e+02 8.4990002441e+02 8.5009997559e+02 8.5009997559e+02 8.5020001221e+02 8.5040002441e+02 8.5059997559e+02 8.5079998779e+02 8.5109997559e+02 8.5129998779e+02 8.5129998779e+02 8.5140002441e+02 8.5159997559e+02 8.5190002441e+02 8.5209997559e+02 8.5220001221e+02 8.5229998779e+02 8.5240002441e+02 8.5250000000e+02
