DGM_1M_UPPER_AUSTRIA/3/24.asc
NCOLS 100
NROWS 100
XLLCORNER 6.0450500000e+04
YLLCORNER 2.9288850000e+05
CELLSIZE 1.0000000000e+00
NODATA_VALUE -9.9990000000e+03
[rows 0 to 19 of 100, columns 0 to 45 of 100]
8.1459997559e+02 8.1459997559e+02 8.1450000000e+02 8.1429998779e+02 8.1390002441e+02 8.1370001221e+02 8.1390002441e+02 8.1450000000e+02 8.1529998779e+02 8.1600000000e+02 8.1659997559e+02 8.1709997559e+02 8.1750000000e+02 8.1770001221e+02 8.1779998779e+02 8.1800000000e+02 8.1809997559e+02 8.1820001221e+02 8.1829998779e+02 8.1840002441e+02 8.1859997559e+02 8.1870001221e+02 8.1879998779e+02 8.1890002441e+02 8.1909997559e+02 8.1929998779e+02 8.1950000000e+02 8.1959997559e+02 8.1979998779e+02 8.1979998779e+02 8.1979998779e+02 8.1979998779e+02 8.1970001221e+02 8.1959997559e+02 8.1959997559e+02 8.1950000000e+02 8.1940002441e+02 8.1940002441e+02 8.1950000000e+02 8.1959997559e+02 8.1979998779e+02 8.1990002441e+02 8.2000000000e+02 8.2009997559e+02 8.2000000000e+02 8.2000000000e+02
8.1400000000e+02 8.1400000000e+02 8.1390002441e+02 8.1359997559e+02 8.1320001221e+02 8.1300000000e+02 8.1340002441e+02 8.1420001221e+02 8.1490002441e+02 8.1559997559e+02 8.1620001221e+02 8.1650000000e+02 8.1679998779e+02 8.1700000000e+02 8.1720001221e+02 8.1729998779e+02 8.1750000000e+02 8.1759997559e+02 8.1770001221e+02 8.1779998779e+02 8.1790002441e+02 8.1800000000e+02 8.1809997559e+02 8.1809997559e+02 8.1829998779e+02 8.1850000000e+02 8.1859997559e+02 8.1870001221e+02 8.1879998779e+02 8.1879998779e+02 8.1879998779e+02 8.1879998779e+02 8.1890002441e+02 8.1890002441e+02 8.1879998779e+02 8.1879998779e+02 8.1870001221e+02 8.1870001221e+02 8.1879998779e+02 8.1900000000e+02 8.1920001221e+02 8.1920001221e+02 8.1929998779e+02 8.1940002441e+02 8.1940002441e+02 8.1929998779e+02
8.1340002441e+02 8.1340002441e+02 8.1320001221e+02 8.1290002441e+02 8.1259997559e+02 8.1250000000e+02 8.1279998779e+02 8.1350000000e+02 8.1420001221e+02 8.1479998779e+02 8.1529998779e+02 8.1570001221e+02 8.1609997559e+02 8.1629998779e+02 8.1650000000e+02 8.1659997559e+02 8.1670001221e+02 8.1690002441e+02 8.1700000000e+02 8.1720001221e+02 8.1720001221e+02 8.1720001221e+02 8.1729998779e+02 8.1729998779e+02 8.1740002441e+02 8.1759997559e+02 8.1770001221e+02 8.1779998779e+02 8.1790002441e+02 8.1790002441e+02 8.1790002441e+02 8.1800000000e+02 8.1809997559e+02 8.1809997559e+02 8.1800000000e+02 8.1809997559e+02 8.1800000000e+02 8.1800000000e+02 8.1809997559e+02 8.1829998779e+02 8.1840002441e+02 8.1840002441e+02 8.1850000000e+02 8.1859997559e+02 8.1870001221e+02 8.1870001221e+02
8.1279998779e+02 8.1279998779e+02 8.1270001221e+02 8.1240002441e+02 8.1200000000e+02 8.1190002441e+02 8.1220001221e+02 8.1259997559e+02 8.1329998779e+02 8.1379998779e+02 8.1429998779e+02 8.1479998779e+02 8.1520001221e+02 8.1550000000e+02 8.1559997559e+02 8.1579998779e+02 8.1600000000e+02 8.1620001221e+02 8.1640002441e+02 8.1650000000e+02 8.1650000000e+02 8.1650000000e+02 8.1650000000e+02 8.1659997559e+02 8.1670001221e+02 8.1679998779e+02 8.1690002441e+02 8.1700000000e+02 8.1700000000e+02 8.1709997559e+02 8.1709997559e+02 8.1720001221e+02 8.1729998779e+02 8.1729998779e+02 8.1729998779e+02 8.1729998779e+02 8.1729998779e+02 8.1729998779e+02 8.1740002441e+02 8.1740002441e+02 8.1750000000e+02 8.1759997559e+02 8.1779998779e+02 8.1790002441e+02 8.1800000000e+02 8.1800000000e+02
8.1229998779e+02 8.1229998779e+02 8.1209997559e+02 8.1179998779e+02 8.1150000000e+02 8.1129998779e+02 8.1150000000e+02 8.1190002441e+02 8.1240002441e+02 8.1290002441e+02 8.1329998779e+02 8.1379998779e+02 8.1420001221e+02 8.1450000000e+02 8.1470001221e+02 8.1500000000e+02 8.1529998779e+02 8.1559997559e+02 8.1570001221e+02 8.1579998779e+02 8.1579998779e+02 8.1579998779e+02 8.1579998779e+02 8.1590002441e+02 8.1600000000e+02 8.1609997559e+02 8.1620001221e+02 8.1620001221e+02 8.1620001221e+02 8.1629998779e+02 8.1629998779e+02 8.1640002441e+02 8.1650000000e+02 8.1659997559e+02 8.1659997559e+02 8.1659997559e+02 8.1659997559e+02 8.1659997559e+02 8.1659997559e+02 8.1670001221e+02 8.1670001221e+02 8.1679998779e+02 8.1700000000e+02 8.1720001221e+02 8.1720001221e+02 8.1729998779e+02
8.1170001221e+02 8.1170001221e+02 8.1150000000e+02 8.1120001221e+02 8.1090002441e+02 8.1079998779e+02 8.1109997559e+02 8.1150000000e+02 8.1170001221e+02 8.1209997559e+02 8.1240002441e+02 8.1290002441e+02 8.1329998779e+02 8.1359997559e+02 8.1379998779e+02 8.1420001221e+02 8.1459997559e+02 8.1479998779e+02 8.1500000000e+02 8.1509997559e+02 8.1520001221e+02 8.1520001221e+02 8.1520001221e+02 8.1520001221e+02 8.1529998779e+02 8.1540002441e+02 8.1540002441e+02 8.1550000000e+02 8.1550000000e+02 8.1550000000e+02 8.1550000000e+02 8.1550000000e+02 8.1559997559e+02 8.1579998779e+02 8.1590002441e+02 8.1600000000e+02 8.1609997559e+02 8.1600000000e+02 8.1600000000e+02 8.1600000000e+02 8.1609997559e+02 8.1620001221e+02 8.1629998779e+02 8.1640002441e+02 8.1640002441e+02 8.1650000000e+02
8.1120001221e+02 8.1120001221e+02 8.1100000000e+02 8.1059997559e+02 8.1040002441e+02 8.1040002441e+02 8.1070001221e+02 8.1100000000e+02 8.1120001221e+02 8.1140002441e+02 8.1170001221e+02 8.1209997559e+02 8.1250000000e+02 8.1279998779e+02 8.1309997559e+02 8.1340002441e+02 8.1379998779e+02 8.1400000000e+02 8.1429998779e+02 8.1440002441e+02 8.1450000000e+02 8.1459997559e+02 8.1459997559e+02 8.1459997559e+02 8.1470001221e+02 8.1470001221e+02 8.1470001221e+02 8.1479998779e+02 8.1479998779e+02 8.1479998779e+02 8.1479998779e+02 8.1479998779e+02 8.1479998779e+02 8.1490002441e+02 8.1520001221e+02 8.1540002441e+02 8.1559997559e+02 8.1550000000e+02 8.1540002441e+02 8.1540002441e+02 8.1540002441e+02 8.1550000000e+02 8.1559997559e+02 8.1559997559e+02 8.1570001221e+02 8.1570001221e+02
8.1070001221e+02 8.1070001221e+02 8.1050000000e+02 8.1020001221e+02 8.1000000000e+02 8.1000000000e+02 8.1029998779e+02 8.1050000000e+02 8.1079998779e+02 8.1090002441e+02 8.1120001221e+02 8.1150000000e+02 8.1179998779e+02 8.1209997559e+02 8.1240002441e+02 8.1270001221e+02 8.1309997559e+02 8.1340002441e+02 8.1370001221e+02 8.1390002441e+02 8.1400000000e+02 8.1400000000e+02 8.1400000000e+02 8.1400000000e+02 8.1400000000e+02 8.1400000000e+02 8.1409997559e+02 8.1420001221e+02 8.1420001221e+02 8.1409997559e+02 8.1409997559e+02 8.1409997559e+02 8.1409997559e+02 8.1420001221e+02 8.1450000000e+02 8.1479998779e+02 8.1490002441e+02 8.1490002441e+02 8.1490002441e+02 8.1479998779e+02 8.1479998779e+02 8.1490002441e+02 8.1490002441e+02 8.1500000000e+02 8.1500000000e+02 8.1509997559e+02
8.1029998779e+02 8.1029998779e+02 8.1009997559e+02 8.0979998779e+02 8.0959997559e+02 8.0959997559e+02 8.0990002441e+02 8.1009997559e+02 8.1020001221e+02 8.1029998779e+02 8.1050000000e+02 8.1090002441e+02 8.1120001221e+02 8.1150000000e+02 8.1190002441e+02 8.1220001221e+02 8.1259997559e+02 8.1290002441e+02 8.1320001221e+02 8.1329998779e+02 8.1340002441e+02 8.1350000000e+02 8.1340002441e+02 8.1329998779e+02 8.1329998779e+02 8.1329998779e+02 8.1350000000e+02 8.1359997559e+02 8.1350000000e+02 8.1350000000e+02 8.1350000000e+02 8.1350000000e+02 8.1359997559e+02 8.1370001221e+02 8.1379998779e+02 8.1400000000e+02 8.1420001221e+02 8.1420001221e+02 8.1420001221e+02 8.1420001221e+02 8.1420001221e+02 8.1429998779e+02 8.1429998779e+02 8.1429998779e+02 8.1440002441e+02 8.1440002441e+02
8.0979998779e+02 8.0979998779e+02 8.0970001221e+02 8.0940002441e+02 8.0920001221e+02 8.0929998779e+02 8.0950000000e+02 8.0959997559e+02 8.0970001221e+02 8.0979998779e+02 8.0990002441e+02 8.1020001221e+02 8.1059997559e+02 8.1100000000e+02 8.1140002441e+02 8.1170001221e+02 8.1200000000e+02 8.1220001221e+02 8.1240002441e+02 8.1259997559e+02 8.1270001221e+02 8.1279998779e+02 8.1279998779e+02 8.1279998779e+02 8.1279998779e+02 8.1279998779e+02 8.1290002441e+02 8.1300000000e+02 8.1290002441e+02 8.1290002441e+02 8.1290002441e+02 8.1300000000e+02 8.1309997559e+02 8.1309997559e+02 8.1320001221e+02 8.1329998779e+02 8.1340002441e+02 8.1350000000e+02 8.1359997559e+02 8.1359997559e+02 8.1370001221e+02 8.1370001221e+02 8.1370001221e+02 8.1370001221e+02 8.1379998779e+02 8.1390002441e+02
8.0940002441e+02 8.0929998779e+02 8.0920001221e+02 8.0900000000e+02 8.0890002441e+02 8.0900000000e+02 8.0909997559e+02 8.0920001221e+02 8.0920001221e+02 8.0929998779e+02 8.0940002441e+02 8.0970001221e+02 8.1000000000e+02 8.1040002441e+02 8.1070001221e+02 8.1109997559e+02 8.1140002441e+02 8.1150000000e+02 8.1170001221e+02 8.1190002441e+02 8.1209997559e+02 8.1220001221e+02 8.1220001221e+02 8.1229998779e+02 8.1220001221e+02 8.1220001221e+02 8.1229998779e+02 8.1229998779e+02 8.1220001221e+02 8.1229998779e+02 8.1240002441e+02 8.1240002441e+02 8.1250000000e+02 8.1259997559e+02 8.1259997559e+02 8.1259997559e+02 8.1270001221e+02 8.1279998779e+02 8.1290002441e+02 8.1300000000e+02 8.1309997559e+02 8.1309997559e+02 8.1309997559e+02 8.1309997559e+02 8.1320001221e+02 8.1320001221e+02
8.0890002441e+02 8.0879998779e+02 8.0870001221e+02 8.0840002441e+02 8.0840002441e+02 8.0859997559e+02 8.0870001221e+02 8.0870001221e+02 8.0879998779e+02 8.0879998779e+02 8.0890002441e+02 8.0920001221e+02 8.0950000000e+02 8.0979998779e+02 8.1009997559e+02 8.1040002441e+02 8.1070001221e+02 8.1090002441e+02 8.1100000000e+02 8.1120001221e+02 8.1140002441e+02 8.1159997559e+02 8.1170001221e+02 8.1170001221e+02 8.1170001221e+02 8.1159997559e+02 8.1159997559e+02 8.1159997559e+02 8.1150000000e+02 8.1159997559e+02 8.1170001221e+02 8.1179998779e+02 8.1190002441e+02 8.1200000000e+02 8.1200000000e+02 8.1200000000e+02 8.1209997559e+02 8.1220001221e+02 8.1229998779e+02 8.1240002441e+02 8.1250000000e+02 8.1259997559e+02 8.1259997559e+02 8.1259997559e+02 8.1259997559e+02 8.1270001221e+02
8.0840002441e+02 8.0829998779e+02 8.0809997559e+02 8.0790002441e+02 8.0790002441e+02 8.0809997559e+02 8.0820001221e+02 8.0829998779e+02 8.0829998779e+02 8.0829998779e+02 8.0840002441e+02 8.0859997559e+02 8.0890002441e+02 8.0929998779e+02 8.0959997559e+02 8.0990002441e+02 8.1009997559e+02 8.1029998779e+02 8.1040002441e+02 8.1059997559e+02 8.1070001221e+02 8.1090002441e+02 8.1100000000e+02 8.1109997559e+02 8.1109997559e+02 8.1100000000e+02 8.1100000000e+02 8.1100000000e+02 8.1090002441e+02 8.1090002441e+02 8.1109997559e+02 8.1120001221e+02 8.1129998779e+02 8.1140002441e+02 8.1140002441e+02 8.1150000000e+02 8.1159997559e+02 8.1170001221e+02 8.1179998779e+02 8.1179998779e+02 8.1200000000e+02 8.1209997559e+02 8.1209997559e+02 8.1209997559e+02 8.1220001221e+02 8.1220001221e+02
8.0779998779e+02 8.0779998779e+02 8.0759997559e+02 8.0740002441e+02 8.0740002441e+02 8.0759997559e+02 8.0779998779e+02 8.0779998779e+02 8.0779998779e+02 8.0790002441e+02 8.0800000000e+02 8.0809997559e+02 8.0840002441e+02 8.0870001221e+02 8.0909997559e+02 8.0940002441e+02 8.0950000000e+02 8.0970001221e+02 8.0979998779e+02 8.1000000000e+02 8.1009997559e+02 8.1020001221e+02 8.1029998779e+02 8.1050000000e+02 8.1050000000e+02 8.1040002441e+02 8.1040002441e+02 8.1029998779e+02 8.1029998779e+02 8.1029998779e+02 8.1050000000e+02 8.1059997559e+02 8.1070001221e+02 8.1079998779e+02 8.1079998779e+02 8.1090002441e+02 8.1100000000e+02 8.1120001221e+02 8.1120001221e+02 8.1129998779e+02 8.1140002441e+02 8.1150000000e+02 8.1159997559e+02 8.1179998779e+02 8.1179998779e+02 8.1179998779e+02
8.0740002441e+02 8.0740002441e+02 8.0709997559e+02 8.0690002441e+02 8.0690002441e+02 8.0709997559e+02 8.0729998779e+02 8.0740002441e+02 8.0740002441e+02 8.0740002441e+02 8.0750000000e+02 8.0770001221e+02 8.0790002441e+02 8.0820001221e+02 8.0850000000e+02 8.0879998779e+02 8.0900000000e+02 8.0920001221e+02 8.0929998779e+02 8.0940002441e+02 8.0950000000e+02 8.0959997559e+02 8.0970001221e+02 8.0979998779e+02 8.0990002441e+02 8.0990002441e+02 8.0979998779e+02 8.0970001221e+02 8.0970001221e+02 8.0970001221e+02 8.0979998779e+02 8.0990002441e+02 8.1000000000e+02 8.1009997559e+02 8.1009997559e+02 8.1020001221e+02 8.1040002441e+02 8.1059997559e+02 8.1079998779e+02 8.1079998779e+02 8.1079998779e+02 8.1079998779e+02 8.1100000000e+02 8.1129998779e+02 8.1129998779e+02 8.1129998779e+02
8.0690002441e+02 8.0679998779e+02 8.0659997559e+02 8.0640002441e+02 8.0650000000e+02 8.0659997559e+02 8.0679998779e+02 8.0690002441e+02 8.0690002441e+02 8.0690002441e+02 8.0709997559e+02 8.0729998779e+02 8.0750000000e+02 8.0779998779e+02 8.0800000000e+02 8.0829998779e+02 8.0850000000e+02 8.0870001221e+02 8.0879998779e+02 8.0890002441e+02 8.0900000000e+02 8.0909997559e+02 8.0920001221e+02 8.0929998779e+02 8.0929998779e+02 8.0929998779e+02 8.0920001221e+02 8.0909997559e+02 8.0920001221e+02 8.0920001221e+02 8.0920001221e+02 8.0920001221e+02 8.0920001221e+02 8.0929998779e+02 8.0940002441e+02 8.0950000000e+02 8.0970001221e+02 8.1000000000e+02 8.1020001221e+02 8.1020001221e+02 8.1009997559e+02 8.1020001221e+02 8.1040002441e+02 8.1059997559e+02 8.1070001221e+02 8.1079998779e+02
8.0640002441e+02 8.0620001221e+02 8.0600000000e+02 8.0590002441e+02 8.0600000000e+02 8.0609997559e+02 8.0629998779e+02 8.0640002441e+02 8.0650000000e+02 8.0650000000e+02 8.0659997559e+02 8.0679998779e+02 8.0700000000e+02 8.0729998779e+02 8.0759997559e+02 8.0790002441e+02 8.0809997559e+02 8.0829998779e+02 8.0840002441e+02 8.0850000000e+02 8.0859997559e+02 8.0859997559e+02 8.0870001221e+02 8.0870001221e+02 8.0859997559e+02 8.0859997559e+02 8.0850000000e+02 8.0850000000e+02 8.0850000000e+02 8.0850000000e+02 8.0850000000e+02 8.0840002441e+02 8.0850000000e+02 8.0859997559e+02 8.0879998779e+02 8.0890002441e+02 8.0909997559e+02 8.0929998779e+02 8.0950000000e+02 8.0959997559e+02 8.0959997559e+02 8.0959997559e+02 8.0979998779e+02 8.0990002441e+02 8.1009997559e+02 8.1020001221e+02
8.0590002441e+02 8.0570001221e+02 8.0550000000e+02 8.0540002441e+02 8.0550000000e+02 8.0570001221e+02 8.0590002441e+02 8.0600000000e+02 8.0600000000e+02 8.0600000000e+02 8.0609997559e+02 8.0629998779e+02 8.0659997559e+02 8.0679998779e+02 8.0700000000e+02 8.0740002441e+02 8.0770001221e+02 8.0790002441e+02 8.0800000000e+02 8.0809997559e+02 8.0820001221e+02 8.0820001221e+02 8.0820001221e+02 8.0809997559e+02 8.0800000000e+02 8.0800000000e+02 8.0790002441e+02 8.0790002441e+02 8.0790002441e+02 8.0790002441e+02 8.0779998779e+02 8.0779998779e+02 8.0779998779e+02 8.0800000000e+02 8.0820001221e+02 8.0829998779e+02 8.0850000000e+02 8.0879998779e+02 8.0900000000e+02 8.0909997559e+02 8.0909997559e+02 8.0909997559e+02 8.0920001221e+02 8.0920001221e+02 8.0940002441e+02 8.0950000000e+02
8.0540002441e+02 8.0520001221e+02 8.0490002441e+02 8.0490002441e+02 8.0509997559e+02 8.0529998779e+02 8.0540002441e+02 8.0550000000e+02 8.0559997559e+02 8.0559997559e+02 8.0570001221e+02 8.0579998779e+02 8.0609997559e+02 8.0629998779e+02 8.0640002441e+02 8.0670001221e+02 8.0700000000e+02 8.0729998779e+02 8.0750000000e+02 8.0770001221e+02 8.0770001221e+02 8.0779998779e+02 8.0779998779e+02 8.0759997559e+02 8.0740002441e+02 8.0740002441e+02 8.0729998779e+02 8.0729998779e+02 8.0720001221e+02 8.0720001221e+02 8.0709997559e+02 8.0720001221e+02 8.0720001221e+02 8.0740002441e+02 8.0750000000e+02 8.0759997559e+02 8.0779998779e+02 8.0820001221e+02 8.0840002441e+02 8.0859997559e+02 8.0870001221e+02 8.0870001221e+02 8.0859997559e+02 8.0859997559e+02 8.0870001221e+02 8.0879998779e+02
8.0500000000e+02 8.0479998779e+02 8.0440002441e+02 8.0440002441e+02 8.0470001221e+02 8.0479998779e+02 8.0500000000e+02 8.0509997559e+02 8.0509997559e+02 8.0509997559e+02 8.0520001221e+02 8.0529998779e+02 8.0559997559e+02 8.0579998779e+02 8.0590002441e+02 8.0600000000e+02 8.0629998779e+02 8.0670001221e+02 8.0690002441e+02 8.0700000000e+02 8.0709997559e+02 8.0720001221e+02 8.0709997559e+02 8.0700000000e+02 8.0679998779e+02 8.0670001221e+02 8.0670001221e+02 8.0670001221e+02 8.0659997559e+02 8.0659997559e+02 8.0659997559e+02 8.0659997559e+02 8.0670001221e+02 8.0679998779e+02 8.0690002441e+02 8.0700000000e+02 8.0720001221e+02 8.0750000000e+02 8.0770001221e+02 8.0790002441e+02 8.0809997559e+02 8.0800000000e+02 8.0809997559e+02 8.0809997559e+02 8.0820001221e+02 8.0820001221e+02
