DGM_1M_UPPER_AUSTRIA/3/24.asc
NCOLS 100
NROWS 100
XLLCORNER 6.0450500000e+04
YLLCORNER 2.9288850000e+05
CELLSIZE 1.0000000000e+00
NODATA_VALUE -9.9990000000e+03
[rows 20 to 39 of 100, columns 0 to 45 of 100]
8.0450000000e+02 8.0429998779e+02 8.0390002441e+02 8.0400000000e+02 8.0420001221e+02 8.0440002441e+02 8.0459997559e+02 8.0459997559e+02 8.0470001221e+02 8.0479998779e+02 8.0490002441e+02 8.0500000000e+02 8.0509997559e+02 8.0529998779e+02 8.0540002441e+02 8.0550000000e+02 8.0579998779e+02 8.0609997559e+02 8.0629998779e+02 8.0640002441e+02 8.0640002441e+02 8.0650000000e+02 8.0650000000e+02 8.0629998779e+02 8.0620001221e+02 8.0609997559e+02 8.0600000000e+02 8.0609997559e+02 8.0609997559e+02 8.0609997559e+02 8.0609997559e+02 8.0620001221e+02 8.0620001221e+02 8.0629998779e+02 8.0640002441e+02 8.0650000000e+02 8.0659997559e+02 8.0679998779e+02 8.0700000000e+02 8.0720001221e+02 8.0740002441e+02 8.0750000000e+02 8.0750000000e+02 8.0770001221e+02 8.0770001221e+02 8.0770001221e+02
8.0400000000e+02 8.0379998779e+02 8.0350000000e+02 8.0359997559e+02 8.0390002441e+02 8.0409997559e+02 8.0420001221e+02 8.0429998779e+02 8.0429998779e+02 8.0440002441e+02 8.0450000000e+02 8.0459997559e+02 8.0459997559e+02 8.0470001221e+02 8.0479998779e+02 8.0500000000e+02 8.0529998779e+02 8.0559997559e+02 8.0579998779e+02 8.0579998779e+02 8.0579998779e+02 8.0579998779e+02 8.0579998779e+02 8.0559997559e+02 8.0559997559e+02 8.0559997559e+02 8.0559997559e+02 8.0559997559e+02 8.0570001221e+02 8.0570001221e+02 8.0570001221e+02 8.0570001221e+02 8.0579998779e+02 8.0590002441e+02 8.0590002441e+02 8.0600000000e+02 8.0609997559e+02 8.0620001221e+02 8.0629998779e+02 8.0650000000e+02 8.0670001221e+02 8.0679998779e+02 8.0700000000e+02 8.0720001221e+02 8.0729998779e+02 8.0740002441e+02
8.0350000000e+02 8.0329998779e+02 8.0300000000e+02 8.0320001221e+02 8.0340002441e+02 8.0370001221e+02 8.0379998779e+02 8.0390002441e+02 8.0390002441e+02 8.0390002441e+02 8.0400000000e+02 8.0409997559e+02 8.0420001221e+02 8.0420001221e+02 8.0429998779e+02 8.0450000000e+02 8.0490002441e+02 8.0520001221e+02 8.0540002441e+02 8.0550000000e+02 8.0540002441e+02 8.0540002441e+02 8.0529998779e+02 8.0520001221e+02 8.0520001221e+02 8.0520001221e+02 8.0520001221e+02 8.0520001221e+02 8.0520001221e+02 8.0520001221e+02 8.0529998779e+02 8.0529998779e+02 8.0529998779e+02 8.0540002441e+02 8.0550000000e+02 8.0550000000e+02 8.0559997559e+02 8.0570001221e+02 8.0579998779e+02 8.0590002441e+02 8.0609997559e+02 8.0629998779e+02 8.0650000000e+02 8.0670001221e+02 8.0679998779e+02 8.0690002441e+02
8.0300000000e+02 8.0279998779e+02 8.0250000000e+02 8.0270001221e+02 8.0300000000e+02 8.0320001221e+02 8.0329998779e+02 8.0340002441e+02 8.0350000000e+02 8.0350000000e+02 8.0350000000e+02 8.0370001221e+02 8.0379998779e+02 8.0390002441e+02 8.0400000000e+02 8.0420001221e+02 8.0450000000e+02 8.0470001221e+02 8.0490002441e+02 8.0500000000e+02 8.0490002441e+02 8.0490002441e+02 8.0479998779e+02 8.0479998779e+02 8.0479998779e+02 8.0479998779e+02 8.0479998779e+02 8.0479998779e+02 8.0479998779e+02 8.0479998779e+02 8.0479998779e+02 8.0479998779e+02 8.0479998779e+02 8.0490002441e+02 8.0500000000e+02 8.0509997559e+02 8.0520001221e+02 8.0529998779e+02 8.0540002441e+02 8.0559997559e+02 8.0570001221e+02 8.0590002441e+02 8.0609997559e+02 8.0629998779e+02 8.0640002441e+02 8.0640002441e+02
8.0259997559e+02 8.0240002441e+02 8.0209997559e+02 8.0220001221e+02 8.0250000000e+02 8.0270001221e+02 8.0290002441e+02 8.0300000000e+02 8.0300000000e+02 8.0300000000e+02 8.0300000000e+02 8.0320001221e+02 8.0350000000e+02 8.0359997559e+02 8.0379998779e+02 8.0390002441e+02 8.0409997559e+02 8.0429998779e+02 8.0440002441e+02 8.0450000000e+02 8.0440002441e+02 8.0440002441e+02 8.0429998779e+02 8.0440002441e+02 8.0440002441e+02 8.0429998779e+02 8.0440002441e+02 8.0440002441e+02 8.0440002441e+02 8.0440002441e+02 8.0440002441e+02 8.0440002441e+02 8.0429998779e+02 8.0429998779e+02 8.0450000000e+02 8.0470001221e+02 8.0479998779e+02 8.0500000000e+02 8.0509997559e+02 8.0520001221e+02 8.0529998779e+02 8.0550000000e+02 8.0570001221e+02 8.0590002441e+02 8.0600000000e+02 8.0590002441e+02
8.0209997559e+02 8.0200000000e+02 8.0170001221e+02 8.0170001221e+02 8.0190002441e+02 8.0220001221e+02 8.0240002441e+02 8.0250000000e+02 8.0250000000e+02 8.0250000000e+02 8.0259997559e+02 8.0279998779e+02 8.0309997559e+02 8.0329998779e+02 8.0350000000e+02 8.0350000000e+02 8.0359997559e+02 8.0379998779e+02 8.0390002441e+02 8.0390002441e+02 8.0390002441e+02 8.0379998779e+02 8.0379998779e+02 8.0379998779e+02 8.0379998779e+02 8.0390002441e+02 8.0400000000e+02 8.0409997559e+02 8.0400000000e+02 8.0400000000e+02 8.0400000000e+02 8.0390002441e+02 8.0379998779e+02 8.0379998779e+02 8.0400000000e+02 8.0429998779e+02 8.0440002441e+02 8.0450000000e+02 8.0459997559e+02 8.0470001221e+02 8.0479998779e+02 8.0500000000e+02 8.0520001221e+02 8.0540002441e+02 8.0550000000e+02 8.0550000000e+02
8.0170001221e+02 8.0159997559e+02 8.0120001221e+02 8.0109997559e+02 8.0140002441e+02 8.0159997559e+02 8.0190002441e+02 8.0209997559e+02 8.0209997559e+02 8.0209997559e+02 8.0209997559e+02 8.0229998779e+02 8.0259997559e+02 8.0290002441e+02 8.0300000000e+02 8.0309997559e+02 8.0320001221e+02 8.0320001221e+02 8.0329998779e+02 8.0320001221e+02 8.0320001221e+02 8.0320001221e+02 8.0320001221e+02 8.0329998779e+02 8.0329998779e+02 8.0350000000e+02 8.0359997559e+02 8.0359997559e+02 8.0350000000e+02 8.0350000000e+02 8.0350000000e+02 8.0350000000e+02 8.0340002441e+02 8.0340002441e+02 8.0359997559e+02 8.0379998779e+02 8.0390002441e+02 8.0400000000e+02 8.0409997559e+02 8.0420001221e+02 8.0429998779e+02 8.0450000000e+02 8.0459997559e+02 8.0479998779e+02 8.0490002441e+02 8.0509997559e+02
8.0120001221e+02 8.0120001221e+02 8.0090002441e+02 8.0070001221e+02 8.0079998779e+02 8.0109997559e+02 8.0140002441e+02 8.0159997559e+02 8.0170001221e+02 8.0170001221e+02 8.0170001221e+02 8.0190002441e+02 8.0209997559e+02 8.0229998779e+02 8.0240002441e+02 8.0259997559e+02 8.0259997559e+02 8.0270001221e+02 8.0270001221e+02 8.0259997559e+02 8.0259997559e+02 8.0259997559e+02 8.0270001221e+02 8.0279998779e+02 8.0279998779e+02 8.0279998779e+02 8.0290002441e+02 8.0300000000e+02 8.0300000000e+02 8.0300000000e+02 8.0300000000e+02 8.0300000000e+02 8.0300000000e+02 8.0300000000e+02 8.0320001221e+02 8.0320001221e+02 8.0340002441e+02 8.0350000000e+02 8.0359997559e+02 8.0370001221e+02 8.0379998779e+02 8.0400000000e+02 8.0409997559e+02 8.0440002441e+02 8.0459997559e+02 8.0479998779e+02
8.0079998779e+02 8.0070001221e+02 8.0040002441e+02 8.0020001221e+02 8.0020001221e+02 8.0059997559e+02 8.0090002441e+02 8.0120001221e+02 8.0120001221e+02 8.0129998779e+02 8.0129998779e+02 8.0129998779e+02 8.0150000000e+02 8.0170001221e+02 8.0190002441e+02 8.0200000000e+02 8.0209997559e+02 8.0209997559e+02 8.0209997559e+02 8.0200000000e+02 8.0200000000e+02 8.0209997559e+02 8.0220001221e+02 8.0220001221e+02 8.0229998779e+02 8.0229998779e+02 8.0229998779e+02 8.0240002441e+02 8.0250000000e+02 8.0250000000e+02 8.0240002441e+02 8.0240002441e+02 8.0250000000e+02 8.0259997559e+02 8.0270001221e+02 8.0279998779e+02 8.0290002441e+02 8.0300000000e+02 8.0309997559e+02 8.0320001221e+02 8.0340002441e+02 8.0350000000e+02 8.0370001221e+02 8.0400000000e+02 8.0420001221e+02 8.0450000000e+02
8.0029998779e+02 8.0020001221e+02 8.0000000000e+02 7.9970001221e+02 7.9970001221e+02 8.0000000000e+02 8.0050000000e+02 8.0079998779e+02 8.0090002441e+02 8.0090002441e+02 8.0090002441e+02 8.0090002441e+02 8.0100000000e+02 8.0109997559e+02 8.0129998779e+02 8.0150000000e+02 8.0159997559e+02 8.0159997559e+02 8.0159997559e+02 8.0159997559e+02 8.0159997559e+02 8.0170001221e+02 8.0179998779e+02 8.0179998779e+02 8.0179998779e+02 8.0179998779e+02 8.0170001221e+02 8.0179998779e+02 8.0190002441e+02 8.0190002441e+02 8.0200000000e+02 8.0200000000e+02 8.0209997559e+02 8.0220001221e+02 8.0229998779e+02 8.0240002441e+02 8.0250000000e+02 8.0259997559e+02 8.0270001221e+02 8.0279998779e+02 8.0290002441e+02 8.0309997559e+02 8.0329998779e+02 8.0350000000e+02 8.0379998779e+02 8.0400000000e+02
7.9979998779e+02 7.9970001221e+02 7.9950000000e+02 7.9929998779e+02 7.9920001221e+02 7.9950000000e+02 7.9990002441e+02 8.0029998779e+02 8.0050000000e+02 8.0059997559e+02 8.0050000000e+02 8.0050000000e+02 8.0059997559e+02 8.0070001221e+02 8.0090002441e+02 8.0100000000e+02 8.0109997559e+02 8.0120001221e+02 8.0120001221e+02 8.0109997559e+02 8.0109997559e+02 8.0120001221e+02 8.0120001221e+02 8.0129998779e+02 8.0120001221e+02 8.0120001221e+02 8.0120001221e+02 8.0120001221e+02 8.0129998779e+02 8.0140002441e+02 8.0159997559e+02 8.0170001221e+02 8.0179998779e+02 8.0190002441e+02 8.0190002441e+02 8.0200000000e+02 8.0209997559e+02 8.0220001221e+02 8.0229998779e+02 8.0240002441e+02 8.0259997559e+02 8.0279998779e+02 8.0290002441e+02 8.0309997559e+02 8.0329998779e+02 8.0350000000e+02
7.9929998779e+02 7.9920001221e+02 7.9890002441e+02 7.9870001221e+02 7.9850000000e+02 7.9879998779e+02 7.9940002441e+02 7.9990002441e+02 8.0009997559e+02 8.0020001221e+02 8.0020001221e+02 8.0020001221e+02 8.0029998779e+02 8.0040002441e+02 8.0050000000e+02 8.0059997559e+02 8.0070001221e+02 8.0070001221e+02 8.0070001221e+02 8.0059997559e+02 8.0059997559e+02 8.0059997559e+02 8.0070001221e+02 8.0059997559e+02 8.0059997559e+02 8.0070001221e+02 8.0070001221e+02 8.0079998779e+02 8.0100000000e+02 8.0120001221e+02 8.0129998779e+02 8.0140002441e+02 8.0150000000e+02 8.0159997559e+02 8.0170001221e+02 8.0170001221e+02 8.0179998779e+02 8.0190002441e+02 8.0200000000e+02 8.0209997559e+02 8.0220001221e+02 8.0229998779e+02 8.0250000000e+02 8.0270001221e+02 8.0290002441e+02 8.0309997559e+02
7.9879998779e+02 7.9859997559e+02 7.9829998779e+02 7.9809997559e+02 7.9790002441e+02 7.9820001221e+02 7.9890002441e+02 7.9950000000e+02 7.9979998779e+02 7.9990002441e+02 7.9990002441e+02 7.9990002441e+02 7.9990002441e+02 8.0000000000e+02 8.0000000000e+02 8.0009997559e+02 8.0009997559e+02 8.0009997559e+02 8.0009997559e+02 8.0009997559e+02 8.0000000000e+02 8.0009997559e+02 8.0009997559e+02 8.0009997559e+02 8.0020001221e+02 8.0029998779e+02 8.0040002441e+02 8.0070001221e+02 8.0090002441e+02 8.0109997559e+02 8.0129998779e+02 8.0129998779e+02 8.0129998779e+02 8.0129998779e+02 8.0140002441e+02 8.0150000000e+02 8.0159997559e+02 8.0170001221e+02 8.0179998779e+02 8.0190002441e+02 8.0190002441e+02 8.0190002441e+02 8.0200000000e+02 8.0209997559e+02 8.0229998779e+02 8.0250000000e+02
7.9840002441e+02 7.9800000000e+02 7.9770001221e+02 7.9750000000e+02 7.9750000000e+02 7.9779998779e+02 7.9859997559e+02 7.9920001221e+02 7.9940002441e+02 7.9940002441e+02 7.9950000000e+02 7.9950000000e+02 7.9950000000e+02 7.9950000000e+02 7.9950000000e+02 7.9950000000e+02 7.9950000000e+02 7.9950000000e+02 7.9950000000e+02 7.9950000000e+02 7.9959997559e+02 7.9959997559e+02 7.9970001221e+02 7.9979998779e+02 7.9990002441e+02 8.0000000000e+02 8.0020001221e+02 8.0050000000e+02 8.0079998779e+02 8.0100000000e+02 8.0109997559e+02 8.0100000000e+02 8.0100000000e+02 8.0100000000e+02 8.0100000000e+02 8.0120001221e+02 8.0120001221e+02 8.0129998779e+02 8.0140002441e+02 8.0150000000e+02 8.0140002441e+02 8.0129998779e+02 8.0140002441e+02 8.0150000000e+02 8.0159997559e+02 8.0190002441e+02
7.9790002441e+02 7.9750000000e+02 7.9720001221e+02 7.9690002441e+02 7.9700000000e+02 7.9750000000e+02 7.9829998779e+02 7.9890002441e+02 7.9900000000e+02 7.9900000000e+02 7.9900000000e+02 7.9900000000e+02 7.9900000000e+02 7.9900000000e+02 7.9890002441e+02 7.9890002441e+02 7.9900000000e+02 7.9900000000e+02 7.9900000000e+02 7.9909997559e+02 7.9909997559e+02 7.9920001221e+02 7.9929998779e+02 7.9950000000e+02 7.9959997559e+02 7.9970001221e+02 7.9990002441e+02 8.0009997559e+02 8.0040002441e+02 8.0059997559e+02 8.0059997559e+02 8.0059997559e+02 8.0050000000e+02 8.0059997559e+02 8.0070001221e+02 8.0079998779e+02 8.0079998779e+02 8.0079998779e+02 8.0090002441e+02 8.0090002441e+02 8.0090002441e+02 8.0079998779e+02 8.0079998779e+02 8.0090002441e+02 8.0109997559e+02 8.0150000000e+02
7.9740002441e+02 7.9700000000e+02 7.9659997559e+02 7.9640002441e+02 7.9650000000e+02 7.9709997559e+02 7.9800000000e+02 7.9850000000e+02 7.9850000000e+02 7.9850000000e+02 7.9859997559e+02 7.9859997559e+02 7.9850000000e+02 7.9850000000e+02 7.9850000000e+02 7.9850000000e+02 7.9850000000e+02 7.9850000000e+02 7.9859997559e+02 7.9870001221e+02 7.9879998779e+02 7.9890002441e+02 7.9900000000e+02 7.9909997559e+02 7.9920001221e+02 7.9920001221e+02 7.9929998779e+02 7.9950000000e+02 7.9970001221e+02 8.0000000000e+02 8.0009997559e+02 8.0009997559e+02 8.0009997559e+02 8.0020001221e+02 8.0029998779e+02 8.0029998779e+02 8.0020001221e+02 8.0020001221e+02 8.0029998779e+02 8.0029998779e+02 8.0029998779e+02 8.0029998779e+02 8.0029998779e+02 8.0040002441e+02 8.0070001221e+02 8.0100000000e+02
7.9670001221e+02 7.9629998779e+02 7.9600000000e+02 7.9579998779e+02 7.9590002441e+02 7.9659997559e+02 7.9729998779e+02 7.9770001221e+02 7.9770001221e+02 7.9770001221e+02 7.9770001221e+02 7.9790002441e+02 7.9790002441e+02 7.9800000000e+02 7.9800000000e+02 7.9800000000e+02 7.9800000000e+02 7.9809997559e+02 7.9809997559e+02 7.9820001221e+02 7.9840002441e+02 7.9850000000e+02 7.9850000000e+02 7.9850000000e+02 7.9859997559e+02 7.9870001221e+02 7.9879998779e+02 7.9890002441e+02 7.9920001221e+02 7.9950000000e+02 7.9970001221e+02 7.9970001221e+02 7.9959997559e+02 7.9959997559e+02 7.9959997559e+02 7.9970001221e+02 7.9970001221e+02 7.9970001221e+02 7.9979998779e+02 7.9979998779e+02 7.9990002441e+02 7.9990002441e+02 8.0000000000e+02 8.0009997559e+02 8.0020001221e+02 8.0029998779e+02
7.9590002441e+02 7.9550000000e+02 7.9520001221e+02 7.9500000000e+02 7.9509997559e+02 7.9570001221e+02 7.9640002441e+02 7.9659997559e+02 7.9659997559e+02 7.9650000000e+02 7.9650000000e+02 7.9670001221e+02 7.9679998779e+02 7.9700000000e+02 7.9720001221e+02 7.9729998779e+02 7.9740002441e+02 7.9750000000e+02 7.9750000000e+02 7.9750000000e+02 7.9770001221e+02 7.9790002441e+02 7.9800000000e+02 7.9800000000e+02 7.9800000000e+02 7.9820001221e+02 7.9840002441e+02 7.9859997559e+02 7.9879998779e+02 7.9909997559e+02 7.9909997559e+02 7.9900000000e+02 7.9890002441e+02 7.9890002441e+02 7.9890002441e+02 7.9909997559e+02 7.9920001221e+02 7.9920001221e+02 7.9929998779e+02 7.9940002441e+02 7.9940002441e+02 7.9929998779e+02 7.9940002441e+02 7.9950000000e+02 7.9959997559e+02 7.9979998779e+02
7.9479998779e+02 7.9450000000e+02 7.9429998779e+02 7.9420001221e+02 7.9429998779e+02 7.9479998779e+02 7.9520001221e+02 7.9520001221e+02 7.9520001221e+02 7.9529998779e+02 7.9540002441e+02 7.9550000000e+02 7.9570001221e+02 7.9590002441e+02 7.9609997559e+02 7.9629998779e+02 7.9640002441e+02 7.9650000000e+02 7.9659997559e+02 7.9659997559e+02 7.9679998779e+02 7.9709997559e+02 7.9729998779e+02 7.9740002441e+02 7.9750000000e+02 7.9759997559e+02 7.9779998779e+02 7.9800000000e+02 7.9820001221e+02 7.9840002441e+02 7.9840002441e+02 7.9829998779e+02 7.9820001221e+02 7.9820001221e+02 7.9829998779e+02 7.9850000000e+02 7.9870001221e+02 7.9879998779e+02 7.9890002441e+02 7.9879998779e+02 7.9870001221e+02 7.9870001221e+02 7.9879998779e+02 7.9900000000e+02 7.9929998779e+02 7.9940002441e+02
7.9359997559e+02 7.9359997559e+02 7.9359997559e+02 7.9359997559e+02 7.9370001221e+02 7.9390002441e+02 7.9409997559e+02 7.9409997559e+02 7.9420001221e+02 7.9429998779e+02 7.9440002441e+02 7.9459997559e+02 7.9470001221e+02 7.9479998779e+02 7.9500000000e+02 7.9520001221e+02 7.9540002441e+02 7.9550000000e+02 7.9570001221e+02 7.9570001221e+02 7.9590002441e+02 7.9629998779e+02 7.9659997559e+02 7.9679998779e+02 7.9690002441e+02 7.9690002441e+02 7.9709997559e+02 7.9729998779e+02 7.9750000000e+02 7.9770001221e+02 7.9770001221e+02 7.9759997559e+02 7.9759997559e+02 7.9770001221e+02 7.9790002441e+02 7.9809997559e+02 7.9820001221e+02 7.9829998779e+02 7.9820001221e+02 7.9809997559e+02 7.9809997559e+02 7.9820001221e+02 7.9840002441e+02 7.9870001221e+02 7.9879998779e+02 7.9900000000e+02
