DGM_1M_UPPER_AUSTRIA/3/7.asc
NCOLS 100
NROWS 100
XLLCORNER 6.0450500000e+04
YLLCORNER 2.9458850000e+05
CELLSIZE 1.0000000000e+00
NODATA_VALUE -9.9990000000e+03
[rows 20 to 39 of 100, columns 0 to 45 of 100]
7.2790002441e+02 7.2840002441e+02 7.2890002441e+02 7.2950000000e+02 7.3009997559e+02 7.3059997559e+02 7.3100000000e+02 7.3140002441e+02 7.3190002441e+02 7.3240002441e+02 7.3270001221e+02 7.3300000000e+02 7.3329998779e+02 7.3370001221e+02 7.3409997559e+02 7.3450000000e+02 7.3490002441e+02 7.3529998779e+02 7.3570001221e+02 7.3620001221e+02 7.3659997559e+02 7.3700000000e+02 7.3750000000e+02 7.3790002441e+02 7.3829998779e+02 7.3890002441e+02 7.3940002441e+02 7.4000000000e+02 7.4070001221e+02 7.4109997559e+02 7.4120001221e+02 7.4129998779e+02 7.4140002441e+02 7.4190002441e+02 7.4240002441e+02 7.4270001221e+02 7.4270001221e+02 7.4270001221e+02 7.4279998779e+02 7.4279998779e+02 7.4279998779e+02 7.4290002441e+02 7.4320001221e+02 7.4340002441e+02 7.4370001221e+02 7.4390002441e+02
7.2779998779e+02 7.2840002441e+02 7.2900000000e+02 7.2959997559e+02 7.3009997559e+02 7.3059997559e+02 7.3109997559e+02 7.3159997559e+02 7.3200000000e+02 7.3250000000e+02 7.3279998779e+02 7.3309997559e+02 7.3340002441e+02 7.3370001221e+02 7.3409997559e+02 7.3450000000e+02 7.3490002441e+02 7.3529998779e+02 7.3570001221e+02 7.3609997559e+02 7.3650000000e+02 7.3690002441e+02 7.3729998779e+02 7.3779998779e+02 7.3820001221e+02 7.3879998779e+02 7.3940002441e+02 7.4000000000e+02 7.4050000000e+02 7.4090002441e+02 7.4109997559e+02 7.4109997559e+02 7.4129998779e+02 7.4170001221e+02 7.4220001221e+02 7.4259997559e+02 7.4270001221e+02 7.4270001221e+02 7.4270001221e+02 7.4270001221e+02 7.4279998779e+02 7.4279998779e+02 7.4290002441e+02 7.4309997559e+02 7.4329998779e+02 7.4350000000e+02
7.2770001221e+02 7.2829998779e+02 7.2900000000e+02 7.2970001221e+02 7.3020001221e+02 7.3070001221e+02 7.3120001221e+02 7.3170001221e+02 7.3220001221e+02 7.3259997559e+02 7.3290002441e+02 7.3320001221e+02 7.3340002441e+02 7.3379998779e+02 7.3409997559e+02 7.3450000000e+02 7.3490002441e+02 7.3529998779e+02 7.3570001221e+02 7.3600000000e+02 7.3640002441e+02 7.3679998779e+02 7.3720001221e+02 7.3770001221e+02 7.3820001221e+02 7.3879998779e+02 7.3940002441e+02 7.4000000000e+02 7.4050000000e+02 7.4079998779e+02 7.4090002441e+02 7.4100000000e+02 7.4109997559e+02 7.4140002441e+02 7.4200000000e+02 7.4250000000e+02 7.4270001221e+02 7.4270001221e+02 7.4270001221e+02 7.4270001221e+02 7.4279998779e+02 7.4279998779e+02 7.4279998779e+02 7.4290002441e+02 7.4300000000e+02 7.4320001221e+02
7.2759997559e+02 7.2820001221e+02 7.2890002441e+02 7.2959997559e+02 7.3029998779e+02 7.3079998779e+02 7.3140002441e+02 7.3179998779e+02 7.3229998779e+02 7.3270001221e+02 7.3309997559e+02 7.3329998779e+02 7.3359997559e+02 7.3390002441e+02 7.3420001221e+02 7.3450000000e+02 7.3490002441e+02 7.3529998779e+02 7.3559997559e+02 7.3600000000e+02 7.3629998779e+02 7.3670001221e+02 7.3709997559e+02 7.3759997559e+02 7.3820001221e+02 7.3879998779e+02 7.3940002441e+02 7.4000000000e+02 7.4040002441e+02 7.4070001221e+02 7.4079998779e+02 7.4079998779e+02 7.4090002441e+02 7.4120001221e+02 7.4179998779e+02 7.4229998779e+02 7.4259997559e+02 7.4270001221e+02 7.4270001221e+02 7.4270001221e+02 7.4279998779e+02 7.4279998779e+02 7.4279998779e+02 7.4279998779e+02 7.4290002441e+02 7.4309997559e+02
7.2750000000e+02 7.2800000000e+02 7.2879998779e+02 7.2950000000e+02 7.3009997559e+02 7.3079998779e+02 7.3140002441e+02 7.3200000000e+02 7.3240002441e+02 7.3290002441e+02 7.3320001221e+02 7.3340002441e+02 7.3370001221e+02 7.3390002441e+02 7.3420001221e+02 7.3450000000e+02 7.3490002441e+02 7.3520001221e+02 7.3550000000e+02 7.3590002441e+02 7.3629998779e+02 7.3670001221e+02 7.3709997559e+02 7.3770001221e+02 7.3820001221e+02 7.3890002441e+02 7.3950000000e+02 7.3990002441e+02 7.4029998779e+02 7.4050000000e+02 7.4059997559e+02 7.4070001221e+02 7.4070001221e+02 7.4090002441e+02 7.4140002441e+02 7.4200000000e+02 7.4240002441e+02 7.4270001221e+02 7.4279998779e+02 7.4279998779e+02 7.4279998779e+02 7.4279998779e+02 7.4279998779e+02 7.4279998779e+02 7.4290002441e+02 7.4300000000e+02
7.2729998779e+02 7.2790002441e+02 7.2850000000e+02 7.2920001221e+02 7.2990002441e+02 7.3059997559e+02 7.3129998779e+02 7.3200000000e+02 7.3250000000e+02 7.3300000000e+02 7.3329998779e+02 7.3350000000e+02 7.3370001221e+02 7.3400000000e+02 7.3420001221e+02 7.3450000000e+02 7.3479998779e+02 7.3520001221e+02 7.3550000000e+02 7.3590002441e+02 7.3629998779e+02 7.3670001221e+02 7.3720001221e+02 7.3779998779e+02 7.3829998779e+02 7.3890002441e+02 7.3950000000e+02 7.3990002441e+02 7.4020001221e+02 7.4040002441e+02 7.4050000000e+02 7.4050000000e+02 7.4059997559e+02 7.4070001221e+02 7.4109997559e+02 7.4159997559e+02 7.4229998779e+02 7.4259997559e+02 7.4270001221e+02 7.4279998779e+02 7.4279998779e+02 7.4279998779e+02 7.4279998779e+02 7.4279998779e+02 7.4279998779e+02 7.4290002441e+02
7.2720001221e+02 7.2779998779e+02 7.2829998779e+02 7.2890002441e+02 7.2959997559e+02 7.3029998779e+02 7.3109997559e+02 7.3190002441e+02 7.3250000000e+02 7.3300000000e+02 7.3329998779e+02 7.3359997559e+02 7.3379998779e+02 7.3400000000e+02 7.3429998779e+02 7.3450000000e+02 7.3479998779e+02 7.3509997559e+02 7.3550000000e+02 7.3590002441e+02 7.3629998779e+02 7.3670001221e+02 7.3729998779e+02 7.3790002441e+02 7.3850000000e+02 7.3909997559e+02 7.3950000000e+02 7.3990002441e+02 7.4009997559e+02 7.4029998779e+02 7.4029998779e+02 7.4040002441e+02 7.4050000000e+02 7.4059997559e+02 7.4079998779e+02 7.4129998779e+02 7.4200000000e+02 7.4250000000e+02 7.4270001221e+02 7.4279998779e+02 7.4279998779e+02 7.4279998779e+02 7.4279998779e+02 7.4279998779e+02 7.4279998779e+02 7.4290002441e+02
7.2709997559e+02 7.2770001221e+02 7.2809997559e+02 7.2859997559e+02 7.2929998779e+02 7.3000000000e+02 7.3079998779e+02 7.3159997559e+02 7.3240002441e+02 7.3300000000e+02 7.3340002441e+02 7.3359997559e+02 7.3379998779e+02 7.3409997559e+02 7.3429998779e+02 7.3450000000e+02 7.3479998779e+02 7.3520001221e+02 7.3550000000e+02 7.3590002441e+02 7.3629998779e+02 7.3679998779e+02 7.3750000000e+02 7.3809997559e+02 7.3870001221e+02 7.3920001221e+02 7.3959997559e+02 7.3979998779e+02 7.4000000000e+02 7.4009997559e+02 7.4020001221e+02 7.4029998779e+02 7.4040002441e+02 7.4050000000e+02 7.4059997559e+02 7.4100000000e+02 7.4170001221e+02 7.4229998779e+02 7.4270001221e+02 7.4279998779e+02 7.4279998779e+02 7.4279998779e+02 7.4279998779e+02 7.4279998779e+02 7.4279998779e+02 7.4290002441e+02
7.2700000000e+02 7.2759997559e+02 7.2800000000e+02 7.2850000000e+02 7.2909997559e+02 7.2979998779e+02 7.3050000000e+02 7.3129998779e+02 7.3220001221e+02 7.3290002441e+02 7.3329998779e+02 7.3359997559e+02 7.3390002441e+02 7.3420001221e+02 7.3440002441e+02 7.3459997559e+02 7.3490002441e+02 7.3520001221e+02 7.3559997559e+02 7.3600000000e+02 7.3640002441e+02 7.3700000000e+02 7.3759997559e+02 7.3829998779e+02 7.3879998779e+02 7.3929998779e+02 7.3959997559e+02 7.3979998779e+02 7.3990002441e+02 7.4000000000e+02 7.4009997559e+02 7.4020001221e+02 7.4029998779e+02 7.4040002441e+02 7.4040002441e+02 7.4079998779e+02 7.4140002441e+02 7.4200000000e+02 7.4259997559e+02 7.4279998779e+02 7.4279998779e+02 7.4279998779e+02 7.4279998779e+02 7.4279998779e+02 7.4279998779e+02 7.4279998779e+02
7.2670001221e+02 7.2729998779e+02 7.2779998779e+02 7.2829998779e+02 7.2890002441e+02 7.2959997559e+02 7.3029998779e+02 7.3120001221e+02 7.3200000000e+02 7.3270001221e+02 7.3320001221e+02 7.3359997559e+02 7.3400000000e+02 7.3420001221e+02 7.3440002441e+02 7.3459997559e+02 7.3500000000e+02 7.3529998779e+02 7.3559997559e+02 7.3600000000e+02 7.3650000000e+02 7.3709997559e+02 7.3779998779e+02 7.3840002441e+02 7.3890002441e+02 7.3929998779e+02 7.3950000000e+02 7.3970001221e+02 7.3979998779e+02 7.3990002441e+02 7.4000000000e+02 7.4009997559e+02 7.4020001221e+02 7.4029998779e+02 7.4040002441e+02 7.4059997559e+02 7.4109997559e+02 7.4170001221e+02 7.4229998779e+02 7.4270001221e+02 7.4279998779e+02 7.4279998779e+02 7.4279998779e+02 7.4279998779e+02 7.4279998779e+02 7.4279998779e+02
7.2650000000e+02 7.2700000000e+02 7.2750000000e+02 7.2820001221e+02 7.2870001221e+02 7.2929998779e+02 7.3009997559e+02 7.3100000000e+02 7.3179998779e+02 7.3250000000e+02 7.3309997559e+02 7.3359997559e+02 7.3390002441e+02 7.3429998779e+02 7.3450000000e+02 7.3479998779e+02 7.3500000000e+02 7.3529998779e+02 7.3570001221e+02 7.3609997559e+02 7.3659997559e+02 7.3729998779e+02 7.3790002441e+02 7.3850000000e+02 7.3900000000e+02 7.3929998779e+02 7.3950000000e+02 7.3959997559e+02 7.3970001221e+02 7.3979998779e+02 7.3990002441e+02 7.4009997559e+02 7.4020001221e+02 7.4029998779e+02 7.4040002441e+02 7.4050000000e+02 7.4079998779e+02 7.4129998779e+02 7.4200000000e+02 7.4250000000e+02 7.4279998779e+02 7.4279998779e+02 7.4279998779e+02 7.4279998779e+02 7.4279998779e+02 7.4279998779e+02
7.2650000000e+02 7.2679998779e+02 7.2740002441e+02 7.2809997559e+02 7.2870001221e+02 7.2920001221e+02 7.2990002441e+02 7.3070001221e+02 7.3150000000e+02 7.3220001221e+02 7.3290002441e+02 7.3350000000e+02 7.3390002441e+02 7.3429998779e+02 7.3459997559e+02 7.3490002441e+02 7.3520001221e+02 7.3540002441e+02 7.3579998779e+02 7.3620001221e+02 7.3679998779e+02 7.3740002441e+02 7.3800000000e+02 7.3859997559e+02 7.3909997559e+02 7.3929998779e+02 7.3950000000e+02 7.3959997559e+02 7.3959997559e+02 7.3970001221e+02 7.3990002441e+02 7.4009997559e+02 7.4029998779e+02 7.4040002441e+02 7.4050000000e+02 7.4050000000e+02 7.4059997559e+02 7.4090002441e+02 7.4150000000e+02 7.4220001221e+02 7.4270001221e+02 7.4279998779e+02 7.4279998779e+02 7.4279998779e+02 7.4279998779e+02 7.4279998779e+02
7.2690002441e+02 7.2690002441e+02 7.2740002441e+02 7.2800000000e+02 7.2859997559e+02 7.2920001221e+02 7.2970001221e+02 7.3040002441e+02 7.3120001221e+02 7.3200000000e+02 7.3290002441e+02 7.3350000000e+02 7.3390002441e+02 7.3429998779e+02 7.3459997559e+02 7.3500000000e+02 7.3529998779e+02 7.3559997559e+02 7.3590002441e+02 7.3629998779e+02 7.3690002441e+02 7.3750000000e+02 7.3820001221e+02 7.3879998779e+02 7.3909997559e+02 7.3929998779e+02 7.3940002441e+02 7.3950000000e+02 7.3959997559e+02 7.3970001221e+02 7.3990002441e+02 7.4020001221e+02 7.4040002441e+02 7.4050000000e+02 7.4059997559e+02 7.4059997559e+02 7.4070001221e+02 7.4079998779e+02 7.4120001221e+02 7.4179998779e+02 7.4240002441e+02 7.4270001221e+02 7.4279998779e+02 7.4279998779e+02 7.4279998779e+02 7.4279998779e+02
7.2740002441e+02 7.2720001221e+02 7.2729998779e+02 7.2770001221e+02 7.2829998779e+02 7.2900000000e+02 7.2959997559e+02 7.3020001221e+02 7.3100000000e+02 7.3179998779e+02 7.3279998779e+02 7.3350000000e+02 7.3390002441e+02 7.3429998779e+02 7.3470001221e+02 7.3500000000e+02 7.3540002441e+02 7.3570001221e+02 7.3600000000e+02 7.3640002441e+02 7.3700000000e+02 7.3759997559e+02 7.3820001221e+02 7.3879998779e+02 7.3909997559e+02 7.3920001221e+02 7.3940002441e+02 7.3940002441e+02 7.3959997559e+02 7.3970001221e+02 7.3990002441e+02 7.4020001221e+02 7.4040002441e+02 7.4059997559e+02 7.4070001221e+02 7.4079998779e+02 7.4079998779e+02 7.4079998779e+02 7.4100000000e+02 7.4150000000e+02 7.4209997559e+02 7.4250000000e+02 7.4270001221e+02 7.4279998779e+02 7.4290002441e+02 7.4279998779e+02
7.2820001221e+02 7.2770001221e+02 7.2740002441e+02 7.2750000000e+02 7.2800000000e+02 7.2859997559e+02 7.2929998779e+02 7.3000000000e+02 7.3079998779e+02 7.3170001221e+02 7.3270001221e+02 7.3350000000e+02 7.3390002441e+02 7.3429998779e+02 7.3470001221e+02 7.3500000000e+02 7.3540002441e+02 7.3579998779e+02 7.3609997559e+02 7.3650000000e+02 7.3700000000e+02 7.3759997559e+02 7.3829998779e+02 7.3879998779e+02 7.3909997559e+02 7.3920001221e+02 7.3929998779e+02 7.3940002441e+02 7.3959997559e+02 7.3979998779e+02 7.3990002441e+02 7.4009997559e+02 7.4029998779e+02 7.4050000000e+02 7.4070001221e+02 7.4090002441e+02 7.4090002441e+02 7.4090002441e+02 7.4090002441e+02 7.4120001221e+02 7.4170001221e+02 7.4220001221e+02 7.4259997559e+02 7.4279998779e+02 7.4290002441e+02 7.4290002441e+02
7.2900000000e+02 7.2840002441e+02 7.2800000000e+02 7.2770001221e+02 7.2770001221e+02 7.2820001221e+02 7.2879998779e+02 7.2959997559e+02 7.3050000000e+02 7.3140002441e+02 7.3250000000e+02 7.3329998779e+02 7.3379998779e+02 7.3429998779e+02 7.3470001221e+02 7.3509997559e+02 7.3550000000e+02 7.3590002441e+02 7.3620001221e+02 7.3659997559e+02 7.3709997559e+02 7.3770001221e+02 7.3829998779e+02 7.3890002441e+02 7.3909997559e+02 7.3909997559e+02 7.3920001221e+02 7.3940002441e+02 7.3959997559e+02 7.3979998779e+02 7.3990002441e+02 7.4009997559e+02 7.4029998779e+02 7.4050000000e+02 7.4070001221e+02 7.4090002441e+02 7.4100000000e+02 7.4090002441e+02 7.4090002441e+02 7.4100000000e+02 7.4140002441e+02 7.4190002441e+02 7.4229998779e+02 7.4270001221e+02 7.4279998779e+02 7.4290002441e+02
7.3009997559e+02 7.2940002441e+02 7.2879998779e+02 7.2829998779e+02 7.2800000000e+02 7.2809997559e+02 7.2840002441e+02 7.2909997559e+02 7.3000000000e+02 7.3100000000e+02 7.3200000000e+02 7.3290002441e+02 7.3359997559e+02 7.3409997559e+02 7.3459997559e+02 7.3509997559e+02 7.3550000000e+02 7.3590002441e+02 7.3629998779e+02 7.3670001221e+02 7.3720001221e+02 7.3770001221e+02 7.3829998779e+02 7.3879998779e+02 7.3900000000e+02 7.3909997559e+02 7.3920001221e+02 7.3929998779e+02 7.3950000000e+02 7.3970001221e+02 7.3990002441e+02 7.4009997559e+02 7.4029998779e+02 7.4050000000e+02 7.4070001221e+02 7.4090002441e+02 7.4100000000e+02 7.4100000000e+02 7.4100000000e+02 7.4100000000e+02 7.4120001221e+02 7.4159997559e+02 7.4209997559e+02 7.4250000000e+02 7.4279998779e+02 7.4290002441e+02
7.3129998779e+02 7.3050000000e+02 7.2979998779e+02 7.2920001221e+02 7.2870001221e+02 7.2840002441e+02 7.2840002441e+02 7.2879998779e+02 7.2959997559e+02 7.3059997559e+02 7.3159997559e+02 7.3240002441e+02 7.3320001221e+02 7.3390002441e+02 7.3450000000e+02 7.3500000000e+02 7.3550000000e+02 7.3590002441e+02 7.3629998779e+02 7.3670001221e+02 7.3709997559e+02 7.3770001221e+02 7.3829998779e+02 7.3879998779e+02 7.3900000000e+02 7.3909997559e+02 7.3920001221e+02 7.3929998779e+02 7.3940002441e+02 7.3959997559e+02 7.3990002441e+02 7.4009997559e+02 7.4020001221e+02 7.4040002441e+02 7.4059997559e+02 7.4079998779e+02 7.4100000000e+02 7.4109997559e+02 7.4109997559e+02 7.4109997559e+02 7.4109997559e+02 7.4140002441e+02 7.4179998779e+02 7.4229998779e+02 7.4270001221e+02 7.4290002441e+02
7.3220001221e+02 7.3150000000e+02 7.3079998779e+02 7.3020001221e+02 7.2959997559e+02 7.2909997559e+02 7.2879998779e+02 7.2900000000e+02 7.2940002441e+02 7.3020001221e+02 7.3109997559e+02 7.3190002441e+02 7.3270001221e+02 7.3350000000e+02 7.3429998779e+02 7.3490002441e+02 7.3540002441e+02 7.3579998779e+02 7.3620001221e+02 7.3659997559e+02 7.3700000000e+02 7.3759997559e+02 7.3820001221e+02 7.3870001221e+02 7.3900000000e+02 7.3909997559e+02 7.3920001221e+02 7.3929998779e+02 7.3940002441e+02 7.3959997559e+02 7.3979998779e+02 7.4000000000e+02 7.4020001221e+02 7.4040002441e+02 7.4059997559e+02 7.4079998779e+02 7.4090002441e+02 7.4100000000e+02 7.4109997559e+02 7.4109997559e+02 7.4109997559e+02 7.4120001221e+02 7.4140002441e+02 7.4200000000e+02 7.4259997559e+02 7.4279998779e+02
7.3309997559e+02 7.3240002441e+02 7.3179998779e+02 7.3120001221e+02 7.3059997559e+02 7.3009997559e+02 7.2959997559e+02 7.2940002441e+02 7.2950000000e+02 7.2990002441e+02 7.3059997559e+02 7.3150000000e+02 7.3229998779e+02 7.3309997559e+02 7.3400000000e+02 7.3470001221e+02 7.3540002441e+02 7.3579998779e+02 7.3609997559e+02 7.3650000000e+02 7.3690002441e+02 7.3740002441e+02 7.3800000000e+02 7.3850000000e+02 7.3890002441e+02 7.3909997559e+02 7.3929998779e+02 7.3940002441e+02 7.3950000000e+02 7.3959997559e+02 7.3979998779e+02 7.4000000000e+02 7.4020001221e+02 7.4029998779e+02 7.4050000000e+02 7.4070001221e+02 7.4079998779e+02 7.4100000000e+02 7.4109997559e+02 7.4109997559e+02 7.4109997559e+02 7.4109997559e+02 7.4120001221e+02 7.4170001221e+02 7.4229998779e+02 7.4270001221e+02
