DGM_1M_UPPER_AUSTRIA/25/15.asc
NCOLS 100
NROWS 100
XLLCORNER 6.2650500000e+04
YLLCORNER 2.9378850000e+05
CELLSIZE 1.0000000000e+00
NODATA_VALUE -9.9990000000e+03
[rows 60 to 79 of 100, columns 46 to 91 of 100]
4.9160000610e+02 4.9160000610e+02 4.9160000610e+02 4.9160000610e+02 4.9160000610e+02 4.9160000610e+02 4.9160000610e+02 4.9160000610e+02 4.9160000610e+02 4.9170001221e+02 4.9170001221e+02 4.9170001221e+02 4.9170001221e+02 4.9160000610e+02 4.9150000000e+02 4.9150000000e+02 4.9150000000e+02 4.9160000610e+02 4.9160000610e+02 4.9160000610e+02 4.9160000610e+02 4.9160000610e+02 4.9170001221e+02 4.9170001221e+02 4.9160000610e+02 4.9150000000e+02 4.9139999390e+02 4.9139999390e+02 4.9139999390e+02 4.9139999390e+02 4.9139999390e+02 4.9139999390e+02 4.9129998779e+02 4.9129998779e+02 4.9129998779e+02 4.9129998779e+02 4.9129998779e+02 4.9120001221e+02 4.9120001221e+02 4.9110000610e+02 4.9110000610e+02 4.9120001221e+02 4.9120001221e+02 4.9120001221e+02 4.9120001221e+02 4.9110000610e+02
4.9160000610e+02 4.9160000610e+02 4.9160000610e+02 4.9160000610e+02 4.9160000610e+02 4.9160000610e+02 4.9160000610e+02 4.9160000610e+02 4.9160000610e+02 4.9170001221e+02 4.9170001221e+02 4.9170001221e+02 4.9170001221e+02 4.9160000610e+02 4.9160000610e+02 4.9150000000e+02 4.9160000610e+02 4.9170001221e+02 4.9170001221e+02 4.9170001221e+02 4.9170001221e+02 4.9160000610e+02 4.9160000610e+02 4.9160000610e+02 4.9150000000e+02 4.9150000000e+02 4.9139999390e+02 4.9139999390e+02 4.9139999390e+02 4.9150000000e+02 4.9150000000e+02 4.9139999390e+02 4.9139999390e+02 4.9129998779e+02 4.9129998779e+02 4.9120001221e+02 4.9120001221e+02 4.9120001221e+02 4.9110000610e+02 4.9110000610e+02 4.9110000610e+02 4.9110000610e+02 4.9110000610e+02 4.9110000610e+02 4.9110000610e+02 4.9100000000e+02
4.9160000610e+02 4.9160000610e+02 4.9160000610e+02 4.9160000610e+02 4.9160000610e+02 4.9160000610e+02 4.9170001221e+02 4.9170001221e+02 4.9160000610e+02 4.9160000610e+02 4.9170001221e+02 4.9170001221e+02 4.9170001221e+02 4.9170001221e+02 4.9160000610e+02 4.9160000610e+02 4.9170001221e+02 4.9170001221e+02 4.9170001221e+02 4.9170001221e+02 4.9170001221e+02 4.9170001221e+02 4.9160000610e+02 4.9150000000e+02 4.9150000000e+02 4.9139999390e+02 4.9139999390e+02 4.9150000000e+02 4.9139999390e+02 4.9150000000e+02 4.9150000000e+02 4.9139999390e+02 4.9129998779e+02 4.9129998779e+02 4.9120001221e+02 4.9120001221e+02 4.9110000610e+02 4.9110000610e+02 4.9100000000e+02 4.9110000610e+02 4.9110000610e+02 4.9120001221e+02 4.9120001221e+02 4.9110000610e+02 4.9100000000e+02 4.9089999390e+02
4.9160000610e+02 4.9170001221e+02 4.9170001221e+02 4.9170001221e+02 4.9170001221e+02 4.9170001221e+02 4.9170001221e+02 4.9170001221e+02 4.9170001221e+02 4.9170001221e+02 4.9170001221e+02 4.9170001221e+02 4.9170001221e+02 4.9170001221e+02 4.9160000610e+02 4.9160000610e+02 4.9160000610e+02 4.9160000610e+02 4.9160000610e+02 4.9160000610e+02 4.9170001221e+02 4.9160000610e+02 4.9160000610e+02 4.9150000000e+02 4.9139999390e+02 4.9139999390e+02 4.9150000000e+02 4.9150000000e+02 4.9139999390e+02 4.9139999390e+02 4.9139999390e+02 4.9139999390e+02 4.9129998779e+02 4.9129998779e+02 4.9120001221e+02 4.9110000610e+02 4.9110000610e+02 4.9100000000e+02 4.9100000000e+02 4.9110000610e+02 4.9120001221e+02 4.9120001221e+02 4.9120001221e+02 4.9100000000e+02 4.9089999390e+02 4.9079998779e+02
4.9160000610e+02 4.9179998779e+02 4.9179998779e+02 4.9179998779e+02 4.9170001221e+02 4.9170001221e+02 4.9170001221e+02 4.9170001221e+02 4.9170001221e+02 4.9170001221e+02 4.9179998779e+02 4.9170001221e+02 4.9170001221e+02 4.9160000610e+02 4.9160000610e+02 4.9160000610e+02 4.9160000610e+02 4.9160000610e+02 4.9160000610e+02 4.9160000610e+02 4.9160000610e+02 4.9160000610e+02 4.9150000000e+02 4.9150000000e+02 4.9139999390e+02 4.9150000000e+02 4.9150000000e+02 4.9150000000e+02 4.9139999390e+02 4.9139999390e+02 4.9139999390e+02 4.9139999390e+02 4.9139999390e+02 4.9129998779e+02 4.9120001221e+02 4.9110000610e+02 4.9100000000e+02 4.9089999390e+02 4.9089999390e+02 4.9100000000e+02 4.9110000610e+02 4.9110000610e+02 4.9100000000e+02 4.9079998779e+02 4.9070001221e+02 4.9050000000e+02
4.9160000610e+02 4.9170001221e+02 4.9179998779e+02 4.9170001221e+02 4.9170001221e+02 4.9170001221e+02 4.9179998779e+02 4.9179998779e+02 4.9179998779e+02 4.9179998779e+02 4.9179998779e+02 4.9170001221e+02 4.9170001221e+02 4.9160000610e+02 4.9160000610e+02 4.9160000610e+02 4.9160000610e+02 4.9160000610e+02 4.9170001221e+02 4.9170001221e+02 4.9160000610e+02 4.9160000610e+02 4.9160000610e+02 4.9150000000e+02 4.9150000000e+02 4.9150000000e+02 4.9150000000e+02 4.9150000000e+02 4.9139999390e+02 4.9139999390e+02 4.9139999390e+02 4.9139999390e+02 4.9139999390e+02 4.9129998779e+02 4.9110000610e+02 4.9100000000e+02 4.9089999390e+02 4.9089999390e+02 4.9089999390e+02 4.9100000000e+02 4.9100000000e+02 4.9089999390e+02 4.9079998779e+02 4.9060000610e+02 4.9039999390e+02 4.9020001221e+02
4.9160000610e+02 4.9170001221e+02 4.9179998779e+02 4.9170001221e+02 4.9170001221e+02 4.9170001221e+02 4.9179998779e+02 4.9170001221e+02 4.9170001221e+02 4.9179998779e+02 4.9170001221e+02 4.9170001221e+02 4.9160000610e+02 4.9160000610e+02 4.9160000610e+02 4.9160000610e+02 4.9160000610e+02 4.9170001221e+02 4.9170001221e+02 4.9170001221e+02 4.9170001221e+02 4.9170001221e+02 4.9170001221e+02 4.9160000610e+02 4.9160000610e+02 4.9160000610e+02 4.9150000000e+02 4.9150000000e+02 4.9139999390e+02 4.9139999390e+02 4.9139999390e+02 4.9139999390e+02 4.9139999390e+02 4.9129998779e+02 4.9110000610e+02 4.9100000000e+02 4.9100000000e+02 4.9089999390e+02 4.9089999390e+02 4.9089999390e+02 4.9089999390e+02 4.9079998779e+02 4.9060000610e+02 4.9039999390e+02 4.9020001221e+02 4.9000000000e+02
4.9170001221e+02 4.9170001221e+02 4.9179998779e+02 4.9179998779e+02 4.9170001221e+02 4.9170001221e+02 4.9170001221e+02 4.9170001221e+02 4.9170001221e+02 4.9170001221e+02 4.9170001221e+02 4.9160000610e+02 4.9160000610e+02 4.9160000610e+02 4.9170001221e+02 4.9170001221e+02 4.9170001221e+02 4.9179998779e+02 4.9179998779e+02 4.9179998779e+02 4.9179998779e+02 4.9179998779e+02 4.9170001221e+02 4.9160000610e+02 4.9160000610e+02 4.9160000610e+02 4.9150000000e+02 4.9150000000e+02 4.9139999390e+02 4.9139999390e+02 4.9139999390e+02 4.9139999390e+02 4.9129998779e+02 4.9129998779e+02 4.9120001221e+02 4.9110000610e+02 4.9110000610e+02 4.9100000000e+02 4.9089999390e+02 4.9079998779e+02 4.9070001221e+02 4.9060000610e+02 4.9039999390e+02 4.9020001221e+02 4.9000000000e+02 4.8979998779e+02
4.9170001221e+02 4.9170001221e+02 4.9170001221e+02 4.9179998779e+02 4.9170001221e+02 4.9170001221e+02 4.9170001221e+02 4.9160000610e+02 4.9160000610e+02 4.9170001221e+02 4.9170001221e+02 4.9160000610e+02 4.9170001221e+02 4.9170001221e+02 4.9170001221e+02 4.9179998779e+02 4.9179998779e+02 4.9189999390e+02 4.9189999390e+02 4.9179998779e+02 4.9179998779e+02 4.9179998779e+02 4.9179998779e+02 4.9170001221e+02 4.9160000610e+02 4.9160000610e+02 4.9150000000e+02 4.9150000000e+02 4.9129998779e+02 4.9129998779e+02 4.9129998779e+02 4.9129998779e+02 4.9129998779e+02 4.9120001221e+02 4.9120001221e+02 4.9120001221e+02 4.9110000610e+02 4.9100000000e+02 4.9079998779e+02 4.9060000610e+02 4.9039999390e+02 4.9029998779e+02 4.9020001221e+02 4.9000000000e+02 4.8979998779e+02 4.8960000610e+02
4.9170001221e+02 4.9170001221e+02 4.9170001221e+02 4.9170001221e+02 4.9170001221e+02 4.9170001221e+02 4.9170001221e+02 4.9170001221e+02 4.9160000610e+02 4.9170001221e+02 4.9170001221e+02 4.9170001221e+02 4.9170001221e+02 4.9179998779e+02 4.9179998779e+02 4.9179998779e+02 4.9189999390e+02 4.9189999390e+02 4.9189999390e+02 4.9179998779e+02 4.9179998779e+02 4.9189999390e+02 4.9179998779e+02 4.9170001221e+02 4.9160000610e+02 4.9160000610e+02 4.9150000000e+02 4.9150000000e+02 4.9129998779e+02 4.9129998779e+02 4.9139999390e+02 4.9129998779e+02 4.9120001221e+02 4.9120001221e+02 4.9120001221e+02 4.9110000610e+02 4.9100000000e+02 4.9089999390e+02 4.9070001221e+02 4.9029998779e+02 4.9010000610e+02 4.9000000000e+02 4.8989999390e+02 4.8979998779e+02 4.8960000610e+02 4.8939999390e+02
4.9160000610e+02 4.9160000610e+02 4.9170001221e+02 4.9170001221e+02 4.9170001221e+02 4.9179998779e+02 4.9179998779e+02 4.9170001221e+02 4.9170001221e+02 4.9179998779e+02 4.9179998779e+02 4.9179998779e+02 4.9179998779e+02 4.9179998779e+02 4.9179998779e+02 4.9189999390e+02 4.9189999390e+02 4.9189999390e+02 4.9179998779e+02 4.9179998779e+02 4.9179998779e+02 4.9179998779e+02 4.9170001221e+02 4.9160000610e+02 4.9160000610e+02 4.9160000610e+02 4.9150000000e+02 4.9139999390e+02 4.9129998779e+02 4.9129998779e+02 4.9129998779e+02 4.9129998779e+02 4.9110000610e+02 4.9110000610e+02 4.9110000610e+02 4.9100000000e+02 4.9089999390e+02 4.9070001221e+02 4.9039999390e+02 4.9010000610e+02 4.8989999390e+02 4.8979998779e+02 4.8970001221e+02 4.8960000610e+02 4.8939999390e+02 4.8920001221e+02
4.9160000610e+02 4.9160000610e+02 4.9170001221e+02 4.9170001221e+02 4.9179998779e+02 4.9179998779e+02 4.9179998779e+02 4.9179998779e+02 4.9179998779e+02 4.9179998779e+02 4.9179998779e+02 4.9179998779e+02 4.9179998779e+02 4.9179998779e+02 4.9179998779e+02 4.9179998779e+02 4.9189999390e+02 4.9189999390e+02 4.9179998779e+02 4.9179998779e+02 4.9179998779e+02 4.9179998779e+02 4.9170001221e+02 4.9160000610e+02 4.9160000610e+02 4.9150000000e+02 4.9150000000e+02 4.9139999390e+02 4.9139999390e+02 4.9129998779e+02 4.9129998779e+02 4.9120001221e+02 4.9120001221e+02 4.9110000610e+02 4.9100000000e+02 4.9079998779e+02 4.9070001221e+02 4.9039999390e+02 4.9010000610e+02 4.8989999390e+02 4.8979998779e+02 4.8970001221e+02 4.8960000610e+02 4.8939999390e+02 4.8920001221e+02 4.8900000000e+02
4.9160000610e+02 4.9160000610e+02 4.9170001221e+02 4.9179998779e+02 4.9179998779e+02 4.9179998779e+02 4.9179998779e+02 4.9179998779e+02 4.9179998779e+02 4.9179998779e+02 4.9179998779e+02 4.9179998779e+02 4.9179998779e+02 4.9179998779e+02 4.9179998779e+02 4.9189999390e+02 4.9189999390e+02 4.9189999390e+02 4.9189999390e+02 4.9189999390e+02 4.9179998779e+02 4.9170001221e+02 4.9160000610e+02 4.9160000610e+02 4.9160000610e+02 4.9150000000e+02 4.9150000000e+02 4.9139999390e+02 4.9139999390e+02 4.9129998779e+02 4.9120001221e+02 4.9120001221e+02 4.9120001221e+02 4.9110000610e+02 4.9079998779e+02 4.9060000610e+02 4.9039999390e+02 4.9010000610e+02 4.8979998779e+02 4.8960000610e+02 4.8950000000e+02 4.8939999390e+02 4.8929998779e+02 4.8920001221e+02 4.8900000000e+02 4.8879998779e+02
4.9170001221e+02 4.9170001221e+02 4.9170001221e+02 4.9170001221e+02 4.9170001221e+02 4.9179998779e+02 4.9179998779e+02 4.9179998779e+02 4.9170001221e+02 4.9179998779e+02 4.9179998779e+02 4.9179998779e+02 4.9189999390e+02 4.9179998779e+02 4.9179998779e+02 4.9189999390e+02 4.9189999390e+02 4.9189999390e+02 4.9189999390e+02 4.9179998779e+02 4.9170001221e+02 4.9160000610e+02 4.9160000610e+02 4.9160000610e+02 4.9160000610e+02 4.9150000000e+02 4.9150000000e+02 4.9139999390e+02 4.9139999390e+02 4.9129998779e+02 4.9120001221e+02 4.9120001221e+02 4.9110000610e+02 4.9089999390e+02 4.9060000610e+02 4.9029998779e+02 4.9020001221e+02 4.8989999390e+02 4.8960000610e+02 4.8939999390e+02 4.8929998779e+02 4.8920001221e+02 4.8910000610e+02 4.8900000000e+02 4.8879998779e+02 4.8870001221e+02
4.9179998779e+02 4.9170001221e+02 4.9160000610e+02 4.9160000610e+02 4.9170001221e+02 4.9170001221e+02 4.9179998779e+02 4.9170001221e+02 4.9170001221e+02 4.9179998779e+02 4.9189999390e+02 4.9179998779e+02 4.9179998779e+02 4.9179998779e+02 4.9179998779e+02 4.9189999390e+02 4.9179998779e+02 4.9189999390e+02 4.9200000000e+02 4.9179998779e+02 4.9170001221e+02 4.9160000610e+02 4.9150000000e+02 4.9150000000e+02 4.9150000000e+02 4.9139999390e+02 4.9139999390e+02 4.9139999390e+02 4.9129998779e+02 4.9120001221e+02 4.9120001221e+02 4.9110000610e+02 4.9089999390e+02 4.9060000610e+02 4.9029998779e+02 4.9010000610e+02 4.9000000000e+02 4.8979998779e+02 4.8950000000e+02 4.8929998779e+02 4.8920001221e+02 4.8910000610e+02 4.8889999390e+02 4.8879998779e+02 4.8860000610e+02 4.8850000000e+02
4.9179998779e+02 4.9170001221e+02 4.9170001221e+02 4.9170001221e+02 4.9170001221e+02 4.9179998779e+02 4.9179998779e+02 4.9170001221e+02 4.9170001221e+02 4.9179998779e+02 4.9189999390e+02 4.9189999390e+02 4.9179998779e+02 4.9179998779e+02 4.9179998779e+02 4.9179998779e+02 4.9179998779e+02 4.9189999390e+02 4.9189999390e+02 4.9179998779e+02 4.9170001221e+02 4.9160000610e+02 4.9150000000e+02 4.9139999390e+02 4.9139999390e+02 4.9150000000e+02 4.9150000000e+02 4.9150000000e+02 4.9129998779e+02 4.9120001221e+02 4.9110000610e+02 4.9089999390e+02 4.9060000610e+02 4.9029998779e+02 4.9010000610e+02 4.8989999390e+02 4.8970001221e+02 4.8960000610e+02 4.8939999390e+02 4.8929998779e+02 4.8910000610e+02 4.8900000000e+02 4.8879998779e+02 4.8850000000e+02 4.8839999390e+02 4.8829998779e+02
4.9179998779e+02 4.9179998779e+02 4.9170001221e+02 4.9179998779e+02 4.9179998779e+02 4.9179998779e+02 4.9179998779e+02 4.9179998779e+02 4.9170001221e+02 4.9179998779e+02 4.9179998779e+02 4.9189999390e+02 4.9179998779e+02 4.9179998779e+02 4.9179998779e+02 4.9179998779e+02 4.9179998779e+02 4.9189999390e+02 4.9189999390e+02 4.9179998779e+02 4.9170001221e+02 4.9160000610e+02 4.9160000610e+02 4.9150000000e+02 4.9150000000e+02 4.9160000610e+02 4.9160000610e+02 4.9139999390e+02 4.9120001221e+02 4.9110000610e+02 4.9089999390e+02 4.9060000610e+02 4.9029998779e+02 4.9010000610e+02 4.8989999390e+02 4.8970001221e+02 4.8950000000e+02 4.8929998779e+02 4.8920001221e+02 4.8910000610e+02 4.8889999390e+02 4.8870001221e+02 4.8850000000e+02 4.8829998779e+02 4.8820001221e+02 4.8810000610e+02
4.9179998779e+02 4.9179998779e+02 4.9179998779e+02 4.9179998779e+02 4.9189999390e+02 4.9179998779e+02 4.9179998779e+02 4.9179998779e+02 4.9179998779e+02 4.9179998779e+02 4.9179998779e+02 4.9179998779e+02 4.9179998779e+02 4.9179998779e+02 4.9189999390e+02 4.9189999390e+02 4.9189999390e+02 4.9189999390e+02 4.9189999390e+02 4.9179998779e+02 4.9170001221e+02 4.9160000610e+02 4.9150000000e+02 4.9150000000e+02 4.9150000000e+02 4.9150000000e+02 4.9150000000e+02 4.9129998779e+02 4.9110000610e+02 4.9089999390e+02 4.9060000610e+02 4.9029998779e+02 4.9000000000e+02 4.8979998779e+02 4.8970001221e+02 4.8950000000e+02 4.8929998779e+02 4.8910000610e+02 4.8900000000e+02 4.8879998779e+02 4.8860000610e+02 4.8839999390e+02 4.8820001221e+02 4.8810000610e+02 4.8800000000e+02 4.8800000000e+02
4.9179998779e+02 4.9179998779e+02 4.9179998779e+02 4.9189999390e+02 4.9189999390e+02 4.9179998779e+02 4.9179998779e+02 4.9179998779e+02 4.9179998779e+02 4.9179998779e+02 4.9179998779e+02 4.9179998779e+02 4.9179998779e+02 4.9189999390e+02 4.9189999390e+02 4.9189999390e+02 4.9189999390e+02 4.9189999390e+02 4.9179998779e+02 4.9170001221e+02 4.9160000610e+02 4.9150000000e+02 4.9150000000e+02 4.9150000000e+02 4.9150000000e+02 4.9139999390e+02 4.9120001221e+02 4.9110000610e+02 4.9079998779e+02 4.9060000610e+02 4.9029998779e+02 4.9000000000e+02 4.8970001221e+02 4.8950000000e+02 4.8939999390e+02 4.8929998779e+02 4.8910000610e+02 4.8889999390e+02 4.8879998779e+02 4.8850000000e+02 4.8829998779e+02 4.8820001221e+02 4.8800000000e+02 4.8789999390e+02 4.8789999390e+02 4.8779998779e+02
4.9179998779e+02 4.9179998779e+02 4.9179998779e+02 4.9179998779e+02 4.9189999390e+02 4.9179998779e+02 4.9179998779e+02 4.9179998779e+02 4.9179998779e+02 4.9179998779e+02 4.9179998779e+02 4.9179998779e+02 4.9189999390e+02 4.9189999390e+02 4.9189999390e+02 4.9189999390e+02 4.9189999390e+02 4.9189999390e+02 4.9179998779e+02 4.9170001221e+02 4.9160000610e+02 4.9160000610e+02 4.9160000610e+02 4.9150000000e+02 4.9139999390e+02 4.9120001221e+02 4.9100000000e+02 4.9079998779e+02 4.9060000610e+02 4.9029998779e+02 4.9010000610e+02 4.8979998779e+02 4.8939999390e+02 4.8929998779e+02 4.8920001221e+02 4.8910000610e+02 4.8889999390e+02 4.8870001221e+02 4.8850000000e+02 4.8829998779e+02 4.8810000610e+02 4.8800000000e+02 4.8779998779e+02 4.8779998779e+02 4.8779998779e+02 4.8770001221e+02
