DGM_1M_UPPER_AUSTRIA/25/27.asc
NCOLS 100
NROWS 100
XLLCORNER 6.2650500000e+04
YLLCORNER 2.9258850000e+05
CELLSIZE 1.0000000000e+00
NODATA_VALUE -9.9990000000e+03
[rows 40 to 59 of 100, columns 46 to 91 of 100]
4.7550000000e+02 4.7550000000e+02 4.7550000000e+02 4.7539999390e+02 4.7529998779e+02 4.7520001221e+02 4.7510000610e+02 4.7510000610e+02 4.7510000610e+02 4.7510000610e+02 4.7510000610e+02 4.7510000610e+02 4.7510000610e+02 4.7520001221e+02 4.7520001221e+02 4.7520001221e+02 4.7500000000e+02 4.7479998779e+02 4.7460000610e+02 4.7439999390e+02 4.7420001221e+02 4.7410000610e+02 4.7400000000e+02 4.7400000000e+02 4.7400000000e+02 4.7400000000e+02 4.7410000610e+02 4.7410000610e+02 4.7420001221e+02 4.7410000610e+02 4.7410000610e+02 4.7410000610e+02 4.7400000000e+02 4.7379998779e+02 4.7360000610e+02 4.7339999390e+02 4.7320001221e+02 4.7289999390e+02 4.7279998779e+02 4.7260000610e+02 4.7250000000e+02 4.7229998779e+02 4.7220001221e+02 4.7200000000e+02 4.7189999390e+02 4.7179998779e+02
4.7550000000e+02 4.7550000000e+02 4.7550000000e+02 4.7539999390e+02 4.7529998779e+02 4.7520001221e+02 4.7510000610e+02 4.7510000610e+02 4.7510000610e+02 4.7510000610e+02 4.7510000610e+02 4.7510000610e+02 4.7510000610e+02 4.7520001221e+02 4.7520001221e+02 4.7520001221e+02 4.7510000610e+02 4.7489999390e+02 4.7460000610e+02 4.7439999390e+02 4.7420001221e+02 4.7410000610e+02 4.7400000000e+02 4.7400000000e+02 4.7400000000e+02 4.7400000000e+02 4.7400000000e+02 4.7410000610e+02 4.7420001221e+02 4.7420001221e+02 4.7410000610e+02 4.7410000610e+02 4.7400000000e+02 4.7389999390e+02 4.7370001221e+02 4.7339999390e+02 4.7320001221e+02 4.7300000000e+02 4.7279998779e+02 4.7270001221e+02 4.7250000000e+02 4.7229998779e+02 4.7220001221e+02 4.7200000000e+02 4.7189999390e+02 4.7179998779e+02
4.7550000000e+02 4.7550000000e+02 4.7550000000e+02 4.7550000000e+02 4.7539999390e+02 4.7529998779e+02 4.7520001221e+02 4.7510000610e+02 4.7510000610e+02 4.7510000610e+02 4.7510000610e+02 4.7510000610e+02 4.7510000610e+02 4.7520001221e+02 4.7520001221e+02 4.7529998779e+02 4.7520001221e+02 4.7500000000e+02 4.7470001221e+02 4.7450000000e+02 4.7429998779e+02 4.7420001221e+02 4.7410000610e+02 4.7400000000e+02 4.7400000000e+02 4.7400000000e+02 4.7410000610e+02 4.7410000610e+02 4.7420001221e+02 4.7420001221e+02 4.7420001221e+02 4.7410000610e+02 4.7400000000e+02 4.7389999390e+02 4.7370001221e+02 4.7350000000e+02 4.7329998779e+02 4.7300000000e+02 4.7289999390e+02 4.7270001221e+02 4.7250000000e+02 4.7229998779e+02 4.7220001221e+02 4.7200000000e+02 4.7189999390e+02 4.7179998779e+02
4.7560000610e+02 4.7560000610e+02 4.7550000000e+02 4.7550000000e+02 4.7539999390e+02 4.7529998779e+02 4.7520001221e+02 4.7510000610e+02 4.7510000610e+02 4.7510000610e+02 4.7510000610e+02 4.7510000610e+02 4.7510000610e+02 4.7510000610e+02 4.7520001221e+02 4.7520001221e+02 4.7520001221e+02 4.7500000000e+02 4.7489999390e+02 4.7460000610e+02 4.7439999390e+02 4.7420001221e+02 4.7410000610e+02 4.7400000000e+02 4.7400000000e+02 4.7400000000e+02 4.7410000610e+02 4.7410000610e+02 4.7420001221e+02 4.7420001221e+02 4.7420001221e+02 4.7410000610e+02 4.7410000610e+02 4.7389999390e+02 4.7370001221e+02 4.7350000000e+02 4.7329998779e+02 4.7310000610e+02 4.7289999390e+02 4.7270001221e+02 4.7250000000e+02 4.7239999390e+02 4.7220001221e+02 4.7200000000e+02 4.7189999390e+02 4.7179998779e+02
4.7560000610e+02 4.7560000610e+02 4.7560000610e+02 4.7550000000e+02 4.7550000000e+02 4.7529998779e+02 4.7520001221e+02 4.7510000610e+02 4.7510000610e+02 4.7510000610e+02 4.7510000610e+02 4.7510000610e+02 4.7510000610e+02 4.7510000610e+02 4.7520001221e+02 4.7520001221e+02 4.7520001221e+02 4.7510000610e+02 4.7489999390e+02 4.7460000610e+02 4.7439999390e+02 4.7420001221e+02 4.7410000610e+02 4.7400000000e+02 4.7400000000e+02 4.7400000000e+02 4.7400000000e+02 4.7410000610e+02 4.7420001221e+02 4.7420001221e+02 4.7420001221e+02 4.7420001221e+02 4.7410000610e+02 4.7400000000e+02 4.7379998779e+02 4.7360000610e+02 4.7329998779e+02 4.7310000610e+02 4.7289999390e+02 4.7270001221e+02 4.7260000610e+02 4.7239999390e+02 4.7220001221e+02 4.7210000610e+02 4.7189999390e+02 4.7179998779e+02
4.7560000610e+02 4.7560000610e+02 4.7560000610e+02 4.7550000000e+02 4.7550000000e+02 4.7539999390e+02 4.7529998779e+02 4.7520001221e+02 4.7510000610e+02 4.7510000610e+02 4.7510000610e+02 4.7510000610e+02 4.7510000610e+02 4.7510000610e+02 4.7520001221e+02 4.7520001221e+02 4.7520001221e+02 4.7520001221e+02 4.7489999390e+02 4.7470001221e+02 4.7450000000e+02 4.7429998779e+02 4.7420001221e+02 4.7410000610e+02 4.7400000000e+02 4.7400000000e+02 4.7400000000e+02 4.7410000610e+02 4.7420001221e+02 4.7420001221e+02 4.7420001221e+02 4.7420001221e+02 4.7410000610e+02 4.7400000000e+02 4.7379998779e+02 4.7360000610e+02 4.7339999390e+02 4.7310000610e+02 4.7289999390e+02 4.7270001221e+02 4.7260000610e+02 4.7239999390e+02 4.7220001221e+02 4.7210000610e+02 4.7200000000e+02 4.7179998779e+02
4.7560000610e+02 4.7560000610e+02 4.7560000610e+02 4.7560000610e+02 4.7550000000e+02 4.7550000000e+02 4.7529998779e+02 4.7520001221e+02 4.7510000610e+02 4.7510000610e+02 4.7510000610e+02 4.7510000610e+02 4.7510000610e+02 4.7510000610e+02 4.7520001221e+02 4.7520001221e+02 4.7529998779e+02 4.7520001221e+02 4.7500000000e+02 4.7479998779e+02 4.7450000000e+02 4.7429998779e+02 4.7420001221e+02 4.7410000610e+02 4.7400000000e+02 4.7400000000e+02 4.7410000610e+02 4.7410000610e+02 4.7410000610e+02 4.7420001221e+02 4.7420001221e+02 4.7420001221e+02 4.7410000610e+02 4.7400000000e+02 4.7389999390e+02 4.7360000610e+02 4.7339999390e+02 4.7320001221e+02 4.7289999390e+02 4.7270001221e+02 4.7260000610e+02 4.7239999390e+02 4.7220001221e+02 4.7210000610e+02 4.7200000000e+02 4.7189999390e+02
4.7570001221e+02 4.7560000610e+02 4.7560000610e+02 4.7560000610e+02 4.7560000610e+02 4.7550000000e+02 4.7539999390e+02 4.7529998779e+02 4.7520001221e+02 4.7510000610e+02 4.7510000610e+02 4.7510000610e+02 4.7510000610e+02 4.7510000610e+02 4.7520001221e+02 4.7520001221e+02 4.7520001221e+02 4.7510000610e+02 4.7500000000e+02 4.7479998779e+02 4.7460000610e+02 4.7429998779e+02 4.7420001221e+02 4.7410000610e+02 4.7400000000e+02 4.7400000000e+02 4.7400000000e+02 4.7410000610e+02 4.7410000610e+02 4.7420001221e+02 4.7420001221e+02 4.7420001221e+02 4.7410000610e+02 4.7400000000e+02 4.7389999390e+02 4.7370001221e+02 4.7339999390e+02 4.7320001221e+02 4.7300000000e+02 4.7279998779e+02 4.7260000610e+02 4.7239999390e+02 4.7220001221e+02 4.7210000610e+02 4.7200000000e+02 4.7189999390e+02
4.7579998779e+02 4.7570001221e+02 4.7570001221e+02 4.7560000610e+02 4.7560000610e+02 4.7560000610e+02 4.7539999390e+02 4.7529998779e+02 4.7520001221e+02 4.7510000610e+02 4.7510000610e+02 4.7510000610e+02 4.7510000610e+02 4.7510000610e+02 4.7520001221e+02 4.7520001221e+02 4.7520001221e+02 4.7520001221e+02 4.7510000610e+02 4.7489999390e+02 4.7460000610e+02 4.7439999390e+02 4.7420001221e+02 4.7410000610e+02 4.7400000000e+02 4.7400000000e+02 4.7400000000e+02 4.7410000610e+02 4.7420001221e+02 4.7420001221e+02 4.7420001221e+02 4.7420001221e+02 4.7420001221e+02 4.7410000610e+02 4.7389999390e+02 4.7370001221e+02 4.7339999390e+02 4.7320001221e+02 4.7300000000e+02 4.7279998779e+02 4.7260000610e+02 4.7239999390e+02 4.7220001221e+02 4.7210000610e+02 4.7200000000e+02 4.7200000000e+02
4.7579998779e+02 4.7570001221e+02 4.7570001221e+02 4.7570001221e+02 4.7560000610e+02 4.7560000610e+02 4.7550000000e+02 4.7529998779e+02 4.7520001221e+02 4.7510000610e+02 4.7510000610e+02 4.7510000610e+02 4.7510000610e+02 4.7510000610e+02 4.7520001221e+02 4.7520001221e+02 4.7520001221e+02 4.7520001221e+02 4.7510000610e+02 4.7489999390e+02 4.7470001221e+02 4.7439999390e+02 4.7420001221e+02 4.7410000610e+02 4.7410000610e+02 4.7410000610e+02 4.7410000610e+02 4.7410000610e+02 4.7420001221e+02 4.7420001221e+02 4.7420001221e+02 4.7429998779e+02 4.7420001221e+02 4.7410000610e+02 4.7400000000e+02 4.7379998779e+02 4.7350000000e+02 4.7329998779e+02 4.7300000000e+02 4.7279998779e+02 4.7260000610e+02 4.7239999390e+02 4.7220001221e+02 4.7210000610e+02 4.7200000000e+02 4.7200000000e+02
4.7579998779e+02 4.7579998779e+02 4.7579998779e+02 4.7570001221e+02 4.7570001221e+02 4.7560000610e+02 4.7550000000e+02 4.7539999390e+02 4.7529998779e+02 4.7520001221e+02 4.7510000610e+02 4.7510000610e+02 4.7510000610e+02 4.7510000610e+02 4.7520001221e+02 4.7520001221e+02 4.7529998779e+02 4.7520001221e+02 4.7510000610e+02 4.7500000000e+02 4.7479998779e+02 4.7450000000e+02 4.7429998779e+02 4.7410000610e+02 4.7410000610e+02 4.7410000610e+02 4.7410000610e+02 4.7410000610e+02 4.7420001221e+02 4.7420001221e+02 4.7429998779e+02 4.7429998779e+02 4.7420001221e+02 4.7410000610e+02 4.7400000000e+02 4.7379998779e+02 4.7350000000e+02 4.7329998779e+02 4.7300000000e+02 4.7279998779e+02 4.7260000610e+02 4.7239999390e+02 4.7220001221e+02 4.7210000610e+02 4.7200000000e+02 4.7200000000e+02
4.7579998779e+02 4.7579998779e+02 4.7579998779e+02 4.7579998779e+02 4.7570001221e+02 4.7560000610e+02 4.7550000000e+02 4.7539999390e+02 4.7529998779e+02 4.7520001221e+02 4.7510000610e+02 4.7510000610e+02 4.7510000610e+02 4.7520001221e+02 4.7520001221e+02 4.7520001221e+02 4.7529998779e+02 4.7520001221e+02 4.7520001221e+02 4.7500000000e+02 4.7479998779e+02 4.7450000000e+02 4.7429998779e+02 4.7420001221e+02 4.7410000610e+02 4.7410000610e+02 4.7410000610e+02 4.7410000610e+02 4.7420001221e+02 4.7420001221e+02 4.7429998779e+02 4.7429998779e+02 4.7420001221e+02 4.7420001221e+02 4.7400000000e+02 4.7379998779e+02 4.7360000610e+02 4.7329998779e+02 4.7310000610e+02 4.7279998779e+02 4.7260000610e+02 4.7239999390e+02 4.7229998779e+02 4.7220001221e+02 4.7200000000e+02 4.7200000000e+02
4.7579998779e+02 4.7579998779e+02 4.7579998779e+02 4.7579998779e+02 4.7570001221e+02 4.7560000610e+02 4.7560000610e+02 4.7550000000e+02 4.7529998779e+02 4.7529998779e+02 4.7520001221e+02 4.7510000610e+02 4.7520001221e+02 4.7520001221e+02 4.7520001221e+02 4.7520001221e+02 4.7529998779e+02 4.7529998779e+02 4.7520001221e+02 4.7500000000e+02 4.7489999390e+02 4.7460000610e+02 4.7439999390e+02 4.7420001221e+02 4.7410000610e+02 4.7410000610e+02 4.7410000610e+02 4.7410000610e+02 4.7420001221e+02 4.7420001221e+02 4.7429998779e+02 4.7429998779e+02 4.7429998779e+02 4.7420001221e+02 4.7400000000e+02 4.7379998779e+02 4.7360000610e+02 4.7329998779e+02 4.7310000610e+02 4.7289999390e+02 4.7270001221e+02 4.7250000000e+02 4.7229998779e+02 4.7220001221e+02 4.7210000610e+02 4.7200000000e+02
4.7579998779e+02 4.7579998779e+02 4.7579998779e+02 4.7579998779e+02 4.7570001221e+02 4.7570001221e+02 4.7560000610e+02 4.7550000000e+02 4.7539999390e+02 4.7529998779e+02 4.7520001221e+02 4.7520001221e+02 4.7520001221e+02 4.7520001221e+02 4.7520001221e+02 4.7529998779e+02 4.7529998779e+02 4.7529998779e+02 4.7520001221e+02 4.7510000610e+02 4.7489999390e+02 4.7460000610e+02 4.7439999390e+02 4.7420001221e+02 4.7410000610e+02 4.7410000610e+02 4.7410000610e+02 4.7410000610e+02 4.7420001221e+02 4.7420001221e+02 4.7429998779e+02 4.7429998779e+02 4.7429998779e+02 4.7420001221e+02 4.7410000610e+02 4.7389999390e+02 4.7360000610e+02 4.7329998779e+02 4.7310000610e+02 4.7289999390e+02 4.7270001221e+02 4.7250000000e+02 4.7229998779e+02 4.7220001221e+02 4.7210000610e+02 4.7200000000e+02
4.7579998779e+02 4.7579998779e+02 4.7579998779e+02 4.7579998779e+02 4.7579998779e+02 4.7570001221e+02 4.7560000610e+02 4.7550000000e+02 4.7550000000e+02 4.7529998779e+02 4.7520001221e+02 4.7520001221e+02 4.7510000610e+02 4.7520001221e+02 4.7520001221e+02 4.7520001221e+02 4.7529998779e+02 4.7529998779e+02 4.7520001221e+02 4.7510000610e+02 4.7489999390e+02 4.7470001221e+02 4.7450000000e+02 4.7429998779e+02 4.7420001221e+02 4.7410000610e+02 4.7410000610e+02 4.7420001221e+02 4.7420001221e+02 4.7420001221e+02 4.7429998779e+02 4.7429998779e+02 4.7429998779e+02 4.7420001221e+02 4.7410000610e+02 4.7389999390e+02 4.7360000610e+02 4.7339999390e+02 4.7310000610e+02 4.7289999390e+02 4.7270001221e+02 4.7250000000e+02 4.7239999390e+02 4.7220001221e+02 4.7210000610e+02 4.7210000610e+02
4.7579998779e+02 4.7579998779e+02 4.7579998779e+02 4.7579998779e+02 4.7579998779e+02 4.7570001221e+02 4.7570001221e+02 4.7560000610e+02 4.7550000000e+02 4.7529998779e+02 4.7520001221e+02 4.7520001221e+02 4.7510000610e+02 4.7520001221e+02 4.7520001221e+02 4.7520001221e+02 4.7529998779e+02 4.7529998779e+02 4.7529998779e+02 4.7520001221e+02 4.7500000000e+02 4.7479998779e+02 4.7450000000e+02 4.7429998779e+02 4.7420001221e+02 4.7410000610e+02 4.7410000610e+02 4.7420001221e+02 4.7420001221e+02 4.7420001221e+02 4.7429998779e+02 4.7429998779e+02 4.7429998779e+02 4.7420001221e+02 4.7410000610e+02 4.7389999390e+02 4.7360000610e+02 4.7339999390e+02 4.7310000610e+02 4.7289999390e+02 4.7270001221e+02 4.7260000610e+02 4.7239999390e+02 4.7220001221e+02 4.7210000610e+02 4.7210000610e+02
4.7579998779e+02 4.7589999390e+02 4.7589999390e+02 4.7579998779e+02 4.7579998779e+02 4.7579998779e+02 4.7570001221e+02 4.7560000610e+02 4.7550000000e+02 4.7539999390e+02 4.7529998779e+02 4.7520001221e+02 4.7510000610e+02 4.7520001221e+02 4.7520001221e+02 4.7520001221e+02 4.7529998779e+02 4.7529998779e+02 4.7529998779e+02 4.7520001221e+02 4.7500000000e+02 4.7479998779e+02 4.7460000610e+02 4.7439999390e+02 4.7420001221e+02 4.7410000610e+02 4.7410000610e+02 4.7420001221e+02 4.7420001221e+02 4.7429998779e+02 4.7429998779e+02 4.7429998779e+02 4.7429998779e+02 4.7420001221e+02 4.7410000610e+02 4.7389999390e+02 4.7370001221e+02 4.7339999390e+02 4.7310000610e+02 4.7289999390e+02 4.7270001221e+02 4.7260000610e+02 4.7239999390e+02 4.7220001221e+02 4.7210000610e+02 4.7210000610e+02
4.7579998779e+02 4.7589999390e+02 4.7589999390e+02 4.7589999390e+02 4.7579998779e+02 4.7579998779e+02 4.7579998779e+02 4.7570001221e+02 4.7560000610e+02 4.7550000000e+02 4.7529998779e+02 4.7520001221e+02 4.7520001221e+02 4.7520001221e+02 4.7520001221e+02 4.7520001221e+02 4.7529998779e+02 4.7529998779e+02 4.7529998779e+02 4.7520001221e+02 4.7510000610e+02 4.7489999390e+02 4.7460000610e+02 4.7439999390e+02 4.7420001221e+02 4.7410000610e+02 4.7420001221e+02 4.7420001221e+02 4.7420001221e+02 4.7429998779e+02 4.7429998779e+02 4.7429998779e+02 4.7429998779e+02 4.7420001221e+02 4.7410000610e+02 4.7389999390e+02 4.7370001221e+02 4.7339999390e+02 4.7320001221e+02 4.7289999390e+02 4.7270001221e+02 4.7260000610e+02 4.7239999390e+02 4.7220001221e+02 4.7210000610e+02 4.7210000610e+02
4.7579998779e+02 4.7589999390e+02 4.7589999390e+02 4.7579998779e+02 4.7579998779e+02 4.7579998779e+02 4.7579998779e+02 4.7579998779e+02 4.7570001221e+02 4.7550000000e+02 4.7539999390e+02 4.7529998779e+02 4.7520001221e+02 4.7520001221e+02 4.7520001221e+02 4.7520001221e+02 4.7529998779e+02 4.7529998779e+02 4.7529998779e+02 4.7520001221e+02 4.7510000610e+02 4.7489999390e+02 4.7460000610e+02 4.7439999390e+02 4.7429998779e+02 4.7420001221e+02 4.7420001221e+02 4.7420001221e+02 4.7420001221e+02 4.7429998779e+02 4.7429998779e+02 4.7429998779e+02 4.7429998779e+02 4.7420001221e+02 4.7410000610e+02 4.7400000000e+02 4.7379998779e+02 4.7350000000e+02 4.7329998779e+02 4.7300000000e+02 4.7279998779e+02 4.7260000610e+02 4.7239999390e+02 4.7229998779e+02 4.7220001221e+02 4.7210000610e+02
4.7579998779e+02 4.7579998779e+02 4.7579998779e+02 4.7579998779e+02 4.7579998779e+02 4.7579998779e+02 4.7579998779e+02 4.7579998779e+02 4.7570001221e+02 4.7560000610e+02 4.7539999390e+02 4.7529998779e+02 4.7520001221e+02 4.7520001221e+02 4.7520001221e+02 4.7520001221e+02 4.7529998779e+02 4.7529998779e+02 4.7529998779e+02 4.7529998779e+02 4.7520001221e+02 4.7489999390e+02 4.7460000610e+02 4.7439999390e+02 4.7429998779e+02 4.7420001221e+02 4.7420001221e+02 4.7420001221e+02 4.7420001221e+02 4.7429998779e+02 4.7429998779e+02 4.7429998779e+02 4.7429998779e+02 4.7429998779e+02 4.7420001221e+02 4.7400000000e+02 4.7379998779e+02 4.7350000000e+02 4.7329998779e+02 4.7300000000e+02 4.7279998779e+02 4.7260000610e+02 4.7239999390e+02 4.7229998779e+02 4.7220001221e+02 4.7210000610e+02
