DGM_1M_UPPER_AUSTRIA/29/20.asc
NCOLS 100
NROWS 100
XLLCORNER 6.3050500000e+04
YLLCORNER 2.9328850000e+05
CELLSIZE 1.0000000000e+00
NODATA_VALUE -9.9990000000e+03
[rows 80 to 99 of 100, columns 0 to 45 of 100]
5.0989999390e+02 5.0979998779e+02 5.0979998779e+02 5.0960000610e+02 5.0939999390e+02 5.0910000610e+02 5.0879998779e+02 5.0829998779e+02 5.0789999390e+02 5.0760000610e+02 5.0729998779e+02 5.0710000610e+02 5.0700000000e+02 5.0679998779e+02 5.0660000610e+02 5.0629998779e+02 5.0610000610e+02 5.0579998779e+02 5.0550000000e+02 5.0520001221e+02 5.0500000000e+02 5.0479998779e+02 5.0470001221e+02 5.0460000610e+02 5.0450000000e+02 5.0450000000e+02 5.0439999390e+02 5.0429998779e+02 5.0429998779e+02 5.0420001221e+02 5.0420001221e+02 5.0410000610e+02 5.0400000000e+02 5.0400000000e+02 5.0389999390e+02 5.0379998779e+02 5.0379998779e+02 5.0370001221e+02 5.0370001221e+02 5.0360000610e+02 5.0350000000e+02 5.0350000000e+02 5.0350000000e+02 5.0339999390e+02 5.0339999390e+02 5.0329998779e+02
5.0979998779e+02 5.0979998779e+02 5.0979998779e+02 5.0970001221e+02 5.0960000610e+02 5.0939999390e+02 5.0900000000e+02 5.0870001221e+02 5.0829998779e+02 5.0789999390e+02 5.0750000000e+02 5.0729998779e+02 5.0720001221e+02 5.0700000000e+02 5.0679998779e+02 5.0660000610e+02 5.0639999390e+02 5.0610000610e+02 5.0579998779e+02 5.0550000000e+02 5.0520001221e+02 5.0500000000e+02 5.0479998779e+02 5.0470001221e+02 5.0460000610e+02 5.0450000000e+02 5.0450000000e+02 5.0439999390e+02 5.0439999390e+02 5.0439999390e+02 5.0420001221e+02 5.0420001221e+02 5.0410000610e+02 5.0400000000e+02 5.0400000000e+02 5.0389999390e+02 5.0379998779e+02 5.0379998779e+02 5.0370001221e+02 5.0370001221e+02 5.0360000610e+02 5.0360000610e+02 5.0350000000e+02 5.0350000000e+02 5.0350000000e+02 5.0339999390e+02
5.0970001221e+02 5.0970001221e+02 5.0970001221e+02 5.0970001221e+02 5.0960000610e+02 5.0960000610e+02 5.0929998779e+02 5.0900000000e+02 5.0870001221e+02 5.0820001221e+02 5.0779998779e+02 5.0760000610e+02 5.0739999390e+02 5.0720001221e+02 5.0710000610e+02 5.0689999390e+02 5.0660000610e+02 5.0639999390e+02 5.0610000610e+02 5.0579998779e+02 5.0550000000e+02 5.0520001221e+02 5.0500000000e+02 5.0479998779e+02 5.0470001221e+02 5.0460000610e+02 5.0450000000e+02 5.0450000000e+02 5.0450000000e+02 5.0439999390e+02 5.0429998779e+02 5.0420001221e+02 5.0420001221e+02 5.0410000610e+02 5.0400000000e+02 5.0389999390e+02 5.0389999390e+02 5.0379998779e+02 5.0379998779e+02 5.0370001221e+02 5.0370001221e+02 5.0360000610e+02 5.0360000610e+02 5.0360000610e+02 5.0350000000e+02 5.0350000000e+02
5.0970001221e+02 5.0970001221e+02 5.0970001221e+02 5.0970001221e+02 5.0960000610e+02 5.0960000610e+02 5.0950000000e+02 5.0929998779e+02 5.0900000000e+02 5.0870001221e+02 5.0820001221e+02 5.0789999390e+02 5.0770001221e+02 5.0750000000e+02 5.0729998779e+02 5.0710000610e+02 5.0689999390e+02 5.0670001221e+02 5.0639999390e+02 5.0610000610e+02 5.0579998779e+02 5.0550000000e+02 5.0520001221e+02 5.0500000000e+02 5.0479998779e+02 5.0470001221e+02 5.0460000610e+02 5.0460000610e+02 5.0460000610e+02 5.0450000000e+02 5.0429998779e+02 5.0429998779e+02 5.0420001221e+02 5.0420001221e+02 5.0410000610e+02 5.0400000000e+02 5.0400000000e+02 5.0389999390e+02 5.0379998779e+02 5.0379998779e+02 5.0370001221e+02 5.0370001221e+02 5.0370001221e+02 5.0360000610e+02 5.0360000610e+02 5.0360000610e+02
5.0960000610e+02 5.0960000610e+02 5.0960000610e+02 5.0960000610e+02 5.0960000610e+02 5.0960000610e+02 5.0960000610e+02 5.0950000000e+02 5.0929998779e+02 5.0900000000e+02 5.0860000610e+02 5.0829998779e+02 5.0800000000e+02 5.0779998779e+02 5.0750000000e+02 5.0729998779e+02 5.0720001221e+02 5.0700000000e+02 5.0670001221e+02 5.0639999390e+02 5.0610000610e+02 5.0579998779e+02 5.0560000610e+02 5.0529998779e+02 5.0510000610e+02 5.0500000000e+02 5.0479998779e+02 5.0479998779e+02 5.0470001221e+02 5.0450000000e+02 5.0439999390e+02 5.0429998779e+02 5.0429998779e+02 5.0420001221e+02 5.0420001221e+02 5.0410000610e+02 5.0400000000e+02 5.0400000000e+02 5.0389999390e+02 5.0379998779e+02 5.0379998779e+02 5.0379998779e+02 5.0370001221e+02 5.0370001221e+02 5.0370001221e+02 5.0360000610e+02
5.0950000000e+02 5.0950000000e+02 5.0950000000e+02 5.0950000000e+02 5.0950000000e+02 5.0960000610e+02 5.0960000610e+02 5.0960000610e+02 5.0950000000e+02 5.0929998779e+02 5.0900000000e+02 5.0870001221e+02 5.0829998779e+02 5.0800000000e+02 5.0779998779e+02 5.0760000610e+02 5.0750000000e+02 5.0729998779e+02 5.0700000000e+02 5.0670001221e+02 5.0639999390e+02 5.0610000610e+02 5.0579998779e+02 5.0570001221e+02 5.0560000610e+02 5.0550000000e+02 5.0520001221e+02 5.0500000000e+02 5.0470001221e+02 5.0460000610e+02 5.0450000000e+02 5.0439999390e+02 5.0429998779e+02 5.0429998779e+02 5.0420001221e+02 5.0410000610e+02 5.0400000000e+02 5.0400000000e+02 5.0400000000e+02 5.0389999390e+02 5.0379998779e+02 5.0379998779e+02 5.0379998779e+02 5.0370001221e+02 5.0370001221e+02 5.0370001221e+02
5.0950000000e+02 5.0950000000e+02 5.0950000000e+02 5.0950000000e+02 5.0950000000e+02 5.0950000000e+02 5.0950000000e+02 5.0960000610e+02 5.0960000610e+02 5.0950000000e+02 5.0929998779e+02 5.0900000000e+02 5.0870001221e+02 5.0839999390e+02 5.0810000610e+02 5.0789999390e+02 5.0779998779e+02 5.0760000610e+02 5.0729998779e+02 5.0700000000e+02 5.0660000610e+02 5.0639999390e+02 5.0620001221e+02 5.0610000610e+02 5.0610000610e+02 5.0600000000e+02 5.0560000610e+02 5.0520001221e+02 5.0479998779e+02 5.0460000610e+02 5.0450000000e+02 5.0450000000e+02 5.0439999390e+02 5.0429998779e+02 5.0429998779e+02 5.0420001221e+02 5.0410000610e+02 5.0400000000e+02 5.0400000000e+02 5.0389999390e+02 5.0389999390e+02 5.0379998779e+02 5.0379998779e+02 5.0379998779e+02 5.0379998779e+02 5.0379998779e+02
5.0939999390e+02 5.0939999390e+02 5.0939999390e+02 5.0939999390e+02 5.0939999390e+02 5.0939999390e+02 5.0950000000e+02 5.0950000000e+02 5.0960000610e+02 5.0960000610e+02 5.0950000000e+02 5.0929998779e+02 5.0910000610e+02 5.0879998779e+02 5.0850000000e+02 5.0829998779e+02 5.0810000610e+02 5.0789999390e+02 5.0760000610e+02 5.0729998779e+02 5.0700000000e+02 5.0679998779e+02 5.0660000610e+02 5.0660000610e+02 5.0650000000e+02 5.0620001221e+02 5.0579998779e+02 5.0529998779e+02 5.0489999390e+02 5.0470001221e+02 5.0460000610e+02 5.0450000000e+02 5.0450000000e+02 5.0439999390e+02 5.0429998779e+02 5.0429998779e+02 5.0420001221e+02 5.0410000610e+02 5.0400000000e+02 5.0400000000e+02 5.0389999390e+02 5.0389999390e+02 5.0389999390e+02 5.0379998779e+02 5.0379998779e+02 5.0379998779e+02
5.0939999390e+02 5.0939999390e+02 5.0939999390e+02 5.0939999390e+02 5.0939999390e+02 5.0939999390e+02 5.0939999390e+02 5.0939999390e+02 5.0950000000e+02 5.0950000000e+02 5.0950000000e+02 5.0950000000e+02 5.0939999390e+02 5.0920001221e+02 5.0889999390e+02 5.0870001221e+02 5.0839999390e+02 5.0820001221e+02 5.0789999390e+02 5.0760000610e+02 5.0739999390e+02 5.0720001221e+02 5.0710000610e+02 5.0700000000e+02 5.0679998779e+02 5.0650000000e+02 5.0589999390e+02 5.0550000000e+02 5.0510000610e+02 5.0489999390e+02 5.0470001221e+02 5.0460000610e+02 5.0450000000e+02 5.0450000000e+02 5.0439999390e+02 5.0429998779e+02 5.0429998779e+02 5.0420001221e+02 5.0410000610e+02 5.0400000000e+02 5.0400000000e+02 5.0400000000e+02 5.0389999390e+02 5.0389999390e+02 5.0389999390e+02 5.0389999390e+02
5.0939999390e+02 5.0939999390e+02 5.0939999390e+02 5.0939999390e+02 5.0939999390e+02 5.0939999390e+02 5.0939999390e+02 5.0939999390e+02 5.0939999390e+02 5.0950000000e+02 5.0950000000e+02 5.0950000000e+02 5.0950000000e+02 5.0939999390e+02 5.0920001221e+02 5.0900000000e+02 5.0870001221e+02 5.0850000000e+02 5.0820001221e+02 5.0789999390e+02 5.0770001221e+02 5.0760000610e+02 5.0750000000e+02 5.0720001221e+02 5.0700000000e+02 5.0670001221e+02 5.0610000610e+02 5.0570001221e+02 5.0539999390e+02 5.0520001221e+02 5.0489999390e+02 5.0479998779e+02 5.0460000610e+02 5.0450000000e+02 5.0450000000e+02 5.0439999390e+02 5.0429998779e+02 5.0429998779e+02 5.0420001221e+02 5.0410000610e+02 5.0400000000e+02 5.0400000000e+02 5.0400000000e+02 5.0400000000e+02 5.0389999390e+02 5.0389999390e+02
5.0929998779e+02 5.0929998779e+02 5.0929998779e+02 5.0929998779e+02 5.0929998779e+02 5.0929998779e+02 5.0929998779e+02 5.0929998779e+02 5.0929998779e+02 5.0929998779e+02 5.0939999390e+02 5.0950000000e+02 5.0950000000e+02 5.0950000000e+02 5.0939999390e+02 5.0920001221e+02 5.0910000610e+02 5.0879998779e+02 5.0850000000e+02 5.0820001221e+02 5.0789999390e+02 5.0770001221e+02 5.0750000000e+02 5.0720001221e+02 5.0700000000e+02 5.0670001221e+02 5.0629998779e+02 5.0600000000e+02 5.0579998779e+02 5.0550000000e+02 5.0529998779e+02 5.0500000000e+02 5.0479998779e+02 5.0460000610e+02 5.0450000000e+02 5.0439999390e+02 5.0439999390e+02 5.0429998779e+02 5.0429998779e+02 5.0420001221e+02 5.0410000610e+02 5.0410000610e+02 5.0400000000e+02 5.0400000000e+02 5.0400000000e+02 5.0400000000e+02
5.0929998779e+02 5.0929998779e+02 5.0929998779e+02 5.0929998779e+02 5.0920001221e+02 5.0920001221e+02 5.0929998779e+02 5.0929998779e+02 5.0929998779e+02 5.0929998779e+02 5.0929998779e+02 5.0929998779e+02 5.0939999390e+02 5.0939999390e+02 5.0939999390e+02 5.0939999390e+02 5.0929998779e+02 5.0910000610e+02 5.0889999390e+02 5.0850000000e+02 5.0820001221e+02 5.0789999390e+02 5.0760000610e+02 5.0739999390e+02 5.0710000610e+02 5.0679998779e+02 5.0660000610e+02 5.0629998779e+02 5.0600000000e+02 5.0579998779e+02 5.0550000000e+02 5.0529998779e+02 5.0500000000e+02 5.0479998779e+02 5.0460000610e+02 5.0450000000e+02 5.0439999390e+02 5.0439999390e+02 5.0429998779e+02 5.0429998779e+02 5.0420001221e+02 5.0410000610e+02 5.0410000610e+02 5.0400000000e+02 5.0400000000e+02 5.0400000000e+02
5.0920001221e+02 5.0920001221e+02 5.0920001221e+02 5.0920001221e+02 5.0920001221e+02 5.0920001221e+02 5.0920001221e+02 5.0920001221e+02 5.0920001221e+02 5.0920001221e+02 5.0920001221e+02 5.0920001221e+02 5.0929998779e+02 5.0929998779e+02 5.0939999390e+02 5.0939999390e+02 5.0939999390e+02 5.0929998779e+02 5.0910000610e+02 5.0889999390e+02 5.0850000000e+02 5.0820001221e+02 5.0789999390e+02 5.0760000610e+02 5.0729998779e+02 5.0710000610e+02 5.0689999390e+02 5.0660000610e+02 5.0629998779e+02 5.0610000610e+02 5.0579998779e+02 5.0560000610e+02 5.0529998779e+02 5.0500000000e+02 5.0479998779e+02 5.0460000610e+02 5.0450000000e+02 5.0439999390e+02 5.0429998779e+02 5.0429998779e+02 5.0429998779e+02 5.0420001221e+02 5.0420001221e+02 5.0410000610e+02 5.0410000610e+02 5.0410000610e+02
5.0920001221e+02 5.0920001221e+02 5.0920001221e+02 5.0920001221e+02 5.0920001221e+02 5.0920001221e+02 5.0920001221e+02 5.0920001221e+02 5.0920001221e+02 5.0920001221e+02 5.0920001221e+02 5.0920001221e+02 5.0920001221e+02 5.0920001221e+02 5.0929998779e+02 5.0939999390e+02 5.0939999390e+02 5.0939999390e+02 5.0929998779e+02 5.0910000610e+02 5.0889999390e+02 5.0860000610e+02 5.0829998779e+02 5.0800000000e+02 5.0770001221e+02 5.0739999390e+02 5.0710000610e+02 5.0689999390e+02 5.0670001221e+02 5.0639999390e+02 5.0610000610e+02 5.0579998779e+02 5.0550000000e+02 5.0529998779e+02 5.0500000000e+02 5.0479998779e+02 5.0460000610e+02 5.0450000000e+02 5.0439999390e+02 5.0439999390e+02 5.0429998779e+02 5.0429998779e+02 5.0420001221e+02 5.0420001221e+02 5.0420001221e+02 5.0410000610e+02
5.0910000610e+02 5.0910000610e+02 5.0910000610e+02 5.0910000610e+02 5.0910000610e+02 5.0910000610e+02 5.0910000610e+02 5.0910000610e+02 5.0910000610e+02 5.0910000610e+02 5.0910000610e+02 5.0910000610e+02 5.0920001221e+02 5.0920001221e+02 5.0920001221e+02 5.0920001221e+02 5.0929998779e+02 5.0939999390e+02 5.0939999390e+02 5.0929998779e+02 5.0910000610e+02 5.0889999390e+02 5.0870001221e+02 5.0839999390e+02 5.0810000610e+02 5.0770001221e+02 5.0739999390e+02 5.0720001221e+02 5.0689999390e+02 5.0670001221e+02 5.0639999390e+02 5.0610000610e+02 5.0589999390e+02 5.0560000610e+02 5.0529998779e+02 5.0510000610e+02 5.0479998779e+02 5.0460000610e+02 5.0450000000e+02 5.0439999390e+02 5.0439999390e+02 5.0429998779e+02 5.0429998779e+02 5.0429998779e+02 5.0420001221e+02 5.0420001221e+02
5.0900000000e+02 5.0900000000e+02 5.0900000000e+02 5.0900000000e+02 5.0910000610e+02 5.0910000610e+02 5.0910000610e+02 5.0910000610e+02 5.0910000610e+02 5.0910000610e+02 5.0910000610e+02 5.0910000610e+02 5.0910000610e+02 5.0910000610e+02 5.0910000610e+02 5.0920001221e+02 5.0920001221e+02 5.0929998779e+02 5.0929998779e+02 5.0929998779e+02 5.0920001221e+02 5.0910000610e+02 5.0900000000e+02 5.0870001221e+02 5.0839999390e+02 5.0810000610e+02 5.0779998779e+02 5.0750000000e+02 5.0720001221e+02 5.0700000000e+02 5.0670001221e+02 5.0650000000e+02 5.0620001221e+02 5.0589999390e+02 5.0560000610e+02 5.0529998779e+02 5.0510000610e+02 5.0479998779e+02 5.0460000610e+02 5.0450000000e+02 5.0439999390e+02 5.0429998779e+02 5.0429998779e+02 5.0429998779e+02 5.0429998779e+02 5.0429998779e+02
5.0900000000e+02 5.0900000000e+02 5.0900000000e+02 5.0900000000e+02 5.0900000000e+02 5.0900000000e+02 5.0900000000e+02 5.0900000000e+02 5.0900000000e+02 5.0900000000e+02 5.0900000000e+02 5.0900000000e+02 5.0910000610e+02 5.0910000610e+02 5.0910000610e+02 5.0910000610e+02 5.0910000610e+02 5.0920001221e+02 5.0920001221e+02 5.0920001221e+02 5.0920001221e+02 5.0920001221e+02 5.0920001221e+02 5.0900000000e+02 5.0870001221e+02 5.0850000000e+02 5.0820001221e+02 5.0789999390e+02 5.0760000610e+02 5.0729998779e+02 5.0710000610e+02 5.0679998779e+02 5.0660000610e+02 5.0629998779e+02 5.0589999390e+02 5.0560000610e+02 5.0529998779e+02 5.0510000610e+02 5.0479998779e+02 5.0470001221e+02 5.0450000000e+02 5.0439999390e+02 5.0429998779e+02 5.0429998779e+02 5.0429998779e+02 5.0429998779e+02
5.0900000000e+02 5.0900000000e+02 5.0900000000e+02 5.0889999390e+02 5.0900000000e+02 5.0900000000e+02 5.0900000000e+02 5.0900000000e+02 5.0900000000e+02 5.0900000000e+02 5.0900000000e+02 5.0900000000e+02 5.0900000000e+02 5.0900000000e+02 5.0910000610e+02 5.0910000610e+02 5.0910000610e+02 5.0910000610e+02 5.0910000610e+02 5.0920001221e+02 5.0920001221e+02 5.0920001221e+02 5.0920001221e+02 5.0910000610e+02 5.0889999390e+02 5.0870001221e+02 5.0850000000e+02 5.0820001221e+02 5.0789999390e+02 5.0760000610e+02 5.0739999390e+02 5.0710000610e+02 5.0679998779e+02 5.0660000610e+02 5.0620001221e+02 5.0589999390e+02 5.0570001221e+02 5.0539999390e+02 5.0510000610e+02 5.0489999390e+02 5.0470001221e+02 5.0450000000e+02 5.0439999390e+02 5.0439999390e+02 5.0450000000e+02 5.0439999390e+02
5.0889999390e+02 5.0889999390e+02 5.0889999390e+02 5.0889999390e+02 5.0889999390e+02 5.0889999390e+02 5.0889999390e+02 5.0889999390e+02 5.0889999390e+02 5.0889999390e+02 5.0900000000e+02 5.0900000000e+02 5.0900000000e+02 5.0900000000e+02 5.0900000000e+02 5.0900000000e+02 5.0900000000e+02 5.0910000610e+02 5.0910000610e+02 5.0910000610e+02 5.0920001221e+02 5.0920001221e+02 5.0920001221e+02 5.0920001221e+02 5.0910000610e+02 5.0900000000e+02 5.0879998779e+02 5.0850000000e+02 5.0820001221e+02 5.0789999390e+02 5.0760000610e+02 5.0729998779e+02 5.0710000610e+02 5.0679998779e+02 5.0660000610e+02 5.0629998779e+02 5.0600000000e+02 5.0560000610e+02 5.0529998779e+02 5.0510000610e+02 5.0489999390e+02 5.0470001221e+02 5.0460000610e+02 5.0460000610e+02 5.0460000610e+02 5.0450000000e+02
5.0889999390e+02 5.0889999390e+02 5.0889999390e+02 5.0889999390e+02 5.0889999390e+02 5.0889999390e+02 5.0889999390e+02 5.0889999390e+02 5.0889999390e+02 5.0889999390e+02 5.0889999390e+02 5.0889999390e+02 5.0889999390e+02 5.0900000000e+02 5.0900000000e+02 5.0900000000e+02 5.0900000000e+02 5.0900000000e+02 5.0900000000e+02 5.0910000610e+02 5.0910000610e+02 5.0920001221e+02 5.0920001221e+02 5.0920001221e+02 5.0920001221e+02 5.0910000610e+02 5.0900000000e+02 5.0870001221e+02 5.0839999390e+02 5.0820001221e+02 5.0789999390e+02 5.0760000610e+02 5.0729998779e+02 5.0710000610e+02 5.0689999390e+02 5.0670001221e+02 5.0629998779e+02 5.0600000000e+02 5.0560000610e+02 5.0529998779e+02 5.0510000610e+02 5.0489999390e+02 5.0479998779e+02 5.0470001221e+02 5.0470001221e+02 5.0460000610e+02
