DGM_1M_UPPER_AUSTRIA/29/20.asc
NCOLS 100
NROWS 100
XLLCORNER 6.3050500000e+04
YLLCORNER 2.9328850000e+05
CELLSIZE 1.0000000000e+00
NODATA_VALUE -9.9990000000e+03
[rows 0 to 19 of 100, columns 0 to 45 of 100]
4.9850000000e+02 4.9850000000e+02 4.9850000000e+02 4.9850000000e+02 4.9850000000e+02 4.9850000000e+02 4.9850000000e+02 4.9850000000e+02 4.9850000000e+02 4.9850000000e+02 4.9860000610e+02 4.9860000610e+02 4.9860000610e+02 4.9860000610e+02 4.9870001221e+02 4.9870001221e+02 4.9870001221e+02 4.9870001221e+02 4.9870001221e+02 4.9870001221e+02 4.9870001221e+02 4.9870001221e+02 4.9879998779e+02 4.9879998779e+02 4.9879998779e+02 4.9879998779e+02 4.9879998779e+02 4.9879998779e+02 4.9879998779e+02 4.9889999390e+02 4.9889999390e+02 4.9889999390e+02 4.9889999390e+02 4.9889999390e+02 4.9889999390e+02 4.9889999390e+02 4.9889999390e+02 4.9889999390e+02 4.9889999390e+02 4.9889999390e+02 4.9889999390e+02 4.9889999390e+02 4.9889999390e+02 4.9900000000e+02 4.9900000000e+02 4.9900000000e+02
4.9870001221e+02 4.9860000610e+02 4.9860000610e+02 4.9860000610e+02 4.9850000000e+02 4.9860000610e+02 4.9860000610e+02 4.9860000610e+02 4.9860000610e+02 4.9860000610e+02 4.9860000610e+02 4.9860000610e+02 4.9860000610e+02 4.9860000610e+02 4.9860000610e+02 4.9860000610e+02 4.9870001221e+02 4.9870001221e+02 4.9870001221e+02 4.9870001221e+02 4.9870001221e+02 4.9870001221e+02 4.9870001221e+02 4.9870001221e+02 4.9870001221e+02 4.9870001221e+02 4.9879998779e+02 4.9879998779e+02 4.9879998779e+02 4.9879998779e+02 4.9879998779e+02 4.9879998779e+02 4.9879998779e+02 4.9879998779e+02 4.9879998779e+02 4.9879998779e+02 4.9879998779e+02 4.9879998779e+02 4.9879998779e+02 4.9879998779e+02 4.9889999390e+02 4.9889999390e+02 4.9889999390e+02 4.9900000000e+02 4.9900000000e+02 4.9910000610e+02
4.9900000000e+02 4.9889999390e+02 4.9879998779e+02 4.9870001221e+02 4.9870001221e+02 4.9860000610e+02 4.9860000610e+02 4.9860000610e+02 4.9860000610e+02 4.9860000610e+02 4.9860000610e+02 4.9860000610e+02 4.9860000610e+02 4.9860000610e+02 4.9860000610e+02 4.9860000610e+02 4.9860000610e+02 4.9860000610e+02 4.9870001221e+02 4.9870001221e+02 4.9870001221e+02 4.9870001221e+02 4.9870001221e+02 4.9870001221e+02 4.9870001221e+02 4.9870001221e+02 4.9870001221e+02 4.9870001221e+02 4.9879998779e+02 4.9879998779e+02 4.9879998779e+02 4.9879998779e+02 4.9879998779e+02 4.9879998779e+02 4.9879998779e+02 4.9879998779e+02 4.9879998779e+02 4.9879998779e+02 4.9879998779e+02 4.9879998779e+02 4.9889999390e+02 4.9889999390e+02 4.9889999390e+02 4.9889999390e+02 4.9900000000e+02 4.9900000000e+02
4.9939999390e+02 4.9920001221e+02 4.9910000610e+02 4.9889999390e+02 4.9879998779e+02 4.9879998779e+02 4.9870001221e+02 4.9870001221e+02 4.9870001221e+02 4.9870001221e+02 4.9860000610e+02 4.9860000610e+02 4.9860000610e+02 4.9860000610e+02 4.9860000610e+02 4.9870001221e+02 4.9870001221e+02 4.9870001221e+02 4.9870001221e+02 4.9870001221e+02 4.9870001221e+02 4.9870001221e+02 4.9870001221e+02 4.9870001221e+02 4.9870001221e+02 4.9870001221e+02 4.9870001221e+02 4.9870001221e+02 4.9870001221e+02 4.9870001221e+02 4.9879998779e+02 4.9879998779e+02 4.9879998779e+02 4.9879998779e+02 4.9879998779e+02 4.9879998779e+02 4.9879998779e+02 4.9879998779e+02 4.9879998779e+02 4.9879998779e+02 4.9889999390e+02 4.9889999390e+02 4.9889999390e+02 4.9889999390e+02 4.9900000000e+02 4.9900000000e+02
4.9989999390e+02 4.9960000610e+02 4.9939999390e+02 4.9910000610e+02 4.9900000000e+02 4.9900000000e+02 4.9900000000e+02 4.9889999390e+02 4.9879998779e+02 4.9879998779e+02 4.9870001221e+02 4.9870001221e+02 4.9870001221e+02 4.9870001221e+02 4.9870001221e+02 4.9870001221e+02 4.9870001221e+02 4.9870001221e+02 4.9870001221e+02 4.9870001221e+02 4.9870001221e+02 4.9870001221e+02 4.9870001221e+02 4.9870001221e+02 4.9870001221e+02 4.9870001221e+02 4.9870001221e+02 4.9870001221e+02 4.9870001221e+02 4.9870001221e+02 4.9879998779e+02 4.9879998779e+02 4.9879998779e+02 4.9879998779e+02 4.9879998779e+02 4.9879998779e+02 4.9879998779e+02 4.9879998779e+02 4.9879998779e+02 4.9879998779e+02 4.9889999390e+02 4.9889999390e+02 4.9889999390e+02 4.9889999390e+02 4.9900000000e+02 4.9900000000e+02
5.0039999390e+02 5.0010000610e+02 4.9960000610e+02 4.9929998779e+02 4.9920001221e+02 4.9910000610e+02 4.9910000610e+02 4.9910000610e+02 4.9910000610e+02 4.9900000000e+02 4.9889999390e+02 4.9889999390e+02 4.9879998779e+02 4.9879998779e+02 4.9879998779e+02 4.9870001221e+02 4.9870001221e+02 4.9870001221e+02 4.9870001221e+02 4.9870001221e+02 4.9870001221e+02 4.9870001221e+02 4.9870001221e+02 4.9870001221e+02 4.9870001221e+02 4.9870001221e+02 4.9870001221e+02 4.9870001221e+02 4.9870001221e+02 4.9870001221e+02 4.9879998779e+02 4.9879998779e+02 4.9879998779e+02 4.9879998779e+02 4.9879998779e+02 4.9879998779e+02 4.9879998779e+02 4.9879998779e+02 4.9879998779e+02 4.9879998779e+02 4.9889999390e+02 4.9889999390e+02 4.9889999390e+02 4.9889999390e+02 4.9900000000e+02 4.9900000000e+02
5.0089999390e+02 5.0039999390e+02 4.9989999390e+02 4.9939999390e+02 4.9920001221e+02 4.9920001221e+02 4.9920001221e+02 4.9920001221e+02 4.9920001221e+02 4.9910000610e+02 4.9910000610e+02 4.9900000000e+02 4.9900000000e+02 4.9900000000e+02 4.9900000000e+02 4.9889999390e+02 4.9889999390e+02 4.9879998779e+02 4.9879998779e+02 4.9879998779e+02 4.9879998779e+02 4.9870001221e+02 4.9870001221e+02 4.9879998779e+02 4.9879998779e+02 4.9879998779e+02 4.9879998779e+02 4.9879998779e+02 4.9879998779e+02 4.9879998779e+02 4.9879998779e+02 4.9879998779e+02 4.9879998779e+02 4.9879998779e+02 4.9879998779e+02 4.9879998779e+02 4.9879998779e+02 4.9879998779e+02 4.9879998779e+02 4.9879998779e+02 4.9889999390e+02 4.9889999390e+02 4.9889999390e+02 4.9889999390e+02 4.9900000000e+02 4.9900000000e+02
5.0120001221e+02 5.0079998779e+02 5.0020001221e+02 4.9960000610e+02 4.9929998779e+02 4.9920001221e+02 4.9920001221e+02 4.9920001221e+02 4.9920001221e+02 4.9920001221e+02 4.9920001221e+02 4.9910000610e+02 4.9920001221e+02 4.9920001221e+02 4.9920001221e+02 4.9920001221e+02 4.9920001221e+02 4.9910000610e+02 4.9900000000e+02 4.9889999390e+02 4.9889999390e+02 4.9879998779e+02 4.9879998779e+02 4.9879998779e+02 4.9879998779e+02 4.9879998779e+02 4.9879998779e+02 4.9879998779e+02 4.9879998779e+02 4.9879998779e+02 4.9879998779e+02 4.9879998779e+02 4.9879998779e+02 4.9879998779e+02 4.9879998779e+02 4.9879998779e+02 4.9879998779e+02 4.9879998779e+02 4.9879998779e+02 4.9889999390e+02 4.9889999390e+02 4.9889999390e+02 4.9889999390e+02 4.9889999390e+02 4.9900000000e+02 4.9900000000e+02
5.0150000000e+02 5.0120001221e+02 5.0060000610e+02 5.0000000000e+02 4.9950000000e+02 4.9929998779e+02 4.9920001221e+02 4.9920001221e+02 4.9920001221e+02 4.9920001221e+02 4.9920001221e+02 4.9920001221e+02 4.9929998779e+02 4.9929998779e+02 4.9939999390e+02 4.9950000000e+02 4.9950000000e+02 4.9950000000e+02 4.9939999390e+02 4.9929998779e+02 4.9910000610e+02 4.9900000000e+02 4.9900000000e+02 4.9889999390e+02 4.9889999390e+02 4.9879998779e+02 4.9879998779e+02 4.9879998779e+02 4.9879998779e+02 4.9879998779e+02 4.9879998779e+02 4.9879998779e+02 4.9879998779e+02 4.9879998779e+02 4.9879998779e+02 4.9879998779e+02 4.9879998779e+02 4.9879998779e+02 4.9889999390e+02 4.9889999390e+02 4.9889999390e+02 4.9889999390e+02 4.9889999390e+02 4.9900000000e+02 4.9900000000e+02 4.9900000000e+02
5.0179998779e+02 5.0160000610e+02 5.0120001221e+02 5.0060000610e+02 4.9989999390e+02 4.9950000000e+02 4.9929998779e+02 4.9929998779e+02 4.9920001221e+02 4.9920001221e+02 4.9920001221e+02 4.9929998779e+02 4.9939999390e+02 4.9939999390e+02 4.9950000000e+02 4.9960000610e+02 4.9970001221e+02 4.9979998779e+02 4.9970001221e+02 4.9960000610e+02 4.9950000000e+02 4.9939999390e+02 4.9929998779e+02 4.9920001221e+02 4.9910000610e+02 4.9900000000e+02 4.9900000000e+02 4.9889999390e+02 4.9889999390e+02 4.9879998779e+02 4.9879998779e+02 4.9879998779e+02 4.9879998779e+02 4.9879998779e+02 4.9879998779e+02 4.9879998779e+02 4.9879998779e+02 4.9889999390e+02 4.9889999390e+02 4.9889999390e+02 4.9889999390e+02 4.9889999390e+02 4.9889999390e+02 4.9900000000e+02 4.9900000000e+02 4.9900000000e+02
5.0179998779e+02 5.0170001221e+02 5.0160000610e+02 5.0100000000e+02 5.0039999390e+02 5.0000000000e+02 4.9970001221e+02 4.9950000000e+02 4.9929998779e+02 4.9929998779e+02 4.9920001221e+02 4.9929998779e+02 4.9939999390e+02 4.9960000610e+02 4.9970001221e+02 4.9979998779e+02 4.9989999390e+02 5.0000000000e+02 5.0000000000e+02 4.9989999390e+02 4.9979998779e+02 4.9970001221e+02 4.9970001221e+02 4.9960000610e+02 4.9939999390e+02 4.9929998779e+02 4.9920001221e+02 4.9910000610e+02 4.9900000000e+02 4.9900000000e+02 4.9889999390e+02 4.9889999390e+02 4.9889999390e+02 4.9889999390e+02 4.9889999390e+02 4.9889999390e+02 4.9889999390e+02 4.9889999390e+02 4.9889999390e+02 4.9889999390e+02 4.9889999390e+02 4.9889999390e+02 4.9900000000e+02 4.9900000000e+02 4.9900000000e+02 4.9900000000e+02
5.0179998779e+02 5.0179998779e+02 5.0160000610e+02 5.0120001221e+02 5.0070001221e+02 5.0039999390e+02 5.0020001221e+02 4.9989999390e+02 4.9960000610e+02 4.9950000000e+02 4.9950000000e+02 4.9960000610e+02 4.9970001221e+02 4.9989999390e+02 5.0010000610e+02 5.0010000610e+02 5.0010000610e+02 5.0020001221e+02 5.0020001221e+02 5.0020001221e+02 5.0010000610e+02 5.0000000000e+02 5.0000000000e+02 4.9989999390e+02 4.9979998779e+02 4.9970001221e+02 4.9960000610e+02 4.9950000000e+02 4.9939999390e+02 4.9920001221e+02 4.9920001221e+02 4.9910000610e+02 4.9910000610e+02 4.9900000000e+02 4.9900000000e+02 4.9889999390e+02 4.9889999390e+02 4.9889999390e+02 4.9889999390e+02 4.9889999390e+02 4.9889999390e+02 4.9900000000e+02 4.9900000000e+02 4.9900000000e+02 4.9900000000e+02 4.9910000610e+02
5.0179998779e+02 5.0179998779e+02 5.0160000610e+02 5.0129998779e+02 5.0100000000e+02 5.0070001221e+02 5.0060000610e+02 5.0039999390e+02 5.0010000610e+02 5.0010000610e+02 5.0029998779e+02 5.0039999390e+02 5.0039999390e+02 5.0060000610e+02 5.0070001221e+02 5.0039999390e+02 5.0029998779e+02 5.0039999390e+02 5.0039999390e+02 5.0039999390e+02 5.0039999390e+02 5.0039999390e+02 5.0029998779e+02 5.0029998779e+02 5.0020001221e+02 5.0010000610e+02 5.0000000000e+02 4.9979998779e+02 4.9970001221e+02 4.9960000610e+02 4.9950000000e+02 4.9939999390e+02 4.9939999390e+02 4.9929998779e+02 4.9920001221e+02 4.9910000610e+02 4.9900000000e+02 4.9900000000e+02 4.9900000000e+02 4.9900000000e+02 4.9900000000e+02 4.9900000000e+02 4.9900000000e+02 4.9900000000e+02 4.9910000610e+02 4.9910000610e+02
5.0179998779e+02 5.0170001221e+02 5.0160000610e+02 5.0139999390e+02 5.0120001221e+02 5.0100000000e+02 5.0089999390e+02 5.0079998779e+02 5.0060000610e+02 5.0079998779e+02 5.0129998779e+02 5.0139999390e+02 5.0129998779e+02 5.0139999390e+02 5.0139999390e+02 5.0089999390e+02 5.0050000000e+02 5.0050000000e+02 5.0060000610e+02 5.0060000610e+02 5.0070001221e+02 5.0070001221e+02 5.0070001221e+02 5.0070001221e+02 5.0070001221e+02 5.0060000610e+02 5.0039999390e+02 5.0029998779e+02 5.0010000610e+02 4.9989999390e+02 4.9979998779e+02 4.9979998779e+02 4.9979998779e+02 4.9960000610e+02 4.9960000610e+02 4.9939999390e+02 4.9929998779e+02 4.9920001221e+02 4.9910000610e+02 4.9900000000e+02 4.9900000000e+02 4.9900000000e+02 4.9900000000e+02 4.9910000610e+02 4.9910000610e+02 4.9910000610e+02
5.0179998779e+02 5.0170001221e+02 5.0160000610e+02 5.0150000000e+02 5.0139999390e+02 5.0120001221e+02 5.0110000610e+02 5.0110000610e+02 5.0110000610e+02 5.0139999390e+02 5.0170001221e+02 5.0179998779e+02 5.0179998779e+02 5.0179998779e+02 5.0179998779e+02 5.0129998779e+02 5.0079998779e+02 5.0070001221e+02 5.0070001221e+02 5.0079998779e+02 5.0089999390e+02 5.0089999390e+02 5.0100000000e+02 5.0110000610e+02 5.0110000610e+02 5.0110000610e+02 5.0100000000e+02 5.0079998779e+02 5.0050000000e+02 5.0029998779e+02 5.0010000610e+02 5.0020001221e+02 5.0010000610e+02 5.0000000000e+02 4.9979998779e+02 4.9970001221e+02 4.9960000610e+02 4.9939999390e+02 4.9929998779e+02 4.9910000610e+02 4.9910000610e+02 4.9900000000e+02 4.9910000610e+02 4.9910000610e+02 4.9910000610e+02 4.9910000610e+02
5.0179998779e+02 5.0179998779e+02 5.0170001221e+02 5.0160000610e+02 5.0150000000e+02 5.0139999390e+02 5.0139999390e+02 5.0139999390e+02 5.0150000000e+02 5.0170001221e+02 5.0179998779e+02 5.0179998779e+02 5.0179998779e+02 5.0179998779e+02 5.0179998779e+02 5.0160000610e+02 5.0120001221e+02 5.0089999390e+02 5.0089999390e+02 5.0089999390e+02 5.0100000000e+02 5.0110000610e+02 5.0120001221e+02 5.0139999390e+02 5.0150000000e+02 5.0160000610e+02 5.0150000000e+02 5.0129998779e+02 5.0100000000e+02 5.0070001221e+02 5.0050000000e+02 5.0050000000e+02 5.0050000000e+02 5.0029998779e+02 5.0020001221e+02 5.0010000610e+02 4.9989999390e+02 4.9979998779e+02 4.9950000000e+02 4.9929998779e+02 4.9920001221e+02 4.9910000610e+02 4.9910000610e+02 4.9910000610e+02 4.9910000610e+02 4.9910000610e+02
5.0179998779e+02 5.0179998779e+02 5.0179998779e+02 5.0170001221e+02 5.0160000610e+02 5.0160000610e+02 5.0150000000e+02 5.0160000610e+02 5.0170001221e+02 5.0179998779e+02 5.0179998779e+02 5.0179998779e+02 5.0179998779e+02 5.0179998779e+02 5.0179998779e+02 5.0179998779e+02 5.0160000610e+02 5.0129998779e+02 5.0110000610e+02 5.0110000610e+02 5.0120001221e+02 5.0129998779e+02 5.0139999390e+02 5.0150000000e+02 5.0170001221e+02 5.0179998779e+02 5.0179998779e+02 5.0170001221e+02 5.0139999390e+02 5.0110000610e+02 5.0089999390e+02 5.0089999390e+02 5.0079998779e+02 5.0070001221e+02 5.0050000000e+02 5.0039999390e+02 5.0029998779e+02 5.0010000610e+02 4.9979998779e+02 4.9950000000e+02 4.9929998779e+02 4.9920001221e+02 4.9920001221e+02 4.9920001221e+02 4.9920001221e+02 4.9920001221e+02
5.0179998779e+02 5.0179998779e+02 5.0179998779e+02 5.0179998779e+02 5.0170001221e+02 5.0170001221e+02 5.0170001221e+02 5.0170001221e+02 5.0179998779e+02 5.0179998779e+02 5.0179998779e+02 5.0179998779e+02 5.0179998779e+02 5.0179998779e+02 5.0179998779e+02 5.0179998779e+02 5.0179998779e+02 5.0160000610e+02 5.0129998779e+02 5.0120001221e+02 5.0129998779e+02 5.0139999390e+02 5.0150000000e+02 5.0160000610e+02 5.0170001221e+02 5.0179998779e+02 5.0189999390e+02 5.0179998779e+02 5.0160000610e+02 5.0139999390e+02 5.0129998779e+02 5.0120001221e+02 5.0110000610e+02 5.0100000000e+02 5.0079998779e+02 5.0070001221e+02 5.0050000000e+02 5.0029998779e+02 5.0000000000e+02 4.9960000610e+02 4.9950000000e+02 4.9929998779e+02 4.9920001221e+02 4.9920001221e+02 4.9929998779e+02 4.9929998779e+02
5.0179998779e+02 5.0179998779e+02 5.0179998779e+02 5.0179998779e+02 5.0179998779e+02 5.0179998779e+02 5.0179998779e+02 5.0179998779e+02 5.0179998779e+02 5.0179998779e+02 5.0179998779e+02 5.0179998779e+02 5.0179998779e+02 5.0179998779e+02 5.0179998779e+02 5.0179998779e+02 5.0189999390e+02 5.0179998779e+02 5.0160000610e+02 5.0150000000e+02 5.0139999390e+02 5.0150000000e+02 5.0160000610e+02 5.0160000610e+02 5.0179998779e+02 5.0189999390e+02 5.0189999390e+02 5.0189999390e+02 5.0179998779e+02 5.0170001221e+02 5.0160000610e+02 5.0150000000e+02 5.0139999390e+02 5.0129998779e+02 5.0110000610e+02 5.0100000000e+02 5.0079998779e+02 5.0050000000e+02 5.0010000610e+02 4.9979998779e+02 4.9960000610e+02 4.9939999390e+02 4.9929998779e+02 4.9929998779e+02 4.9929998779e+02 4.9929998779e+02
5.0179998779e+02 5.0179998779e+02 5.0179998779e+02 5.0179998779e+02 5.0179998779e+02 5.0179998779e+02 5.0179998779e+02 5.0179998779e+02 5.0179998779e+02 5.0179998779e+02 5.0179998779e+02 5.0179998779e+02 5.0179998779e+02 5.0179998779e+02 5.0179998779e+02 5.0179998779e+02 5.0179998779e+02 5.0189999390e+02 5.0189999390e+02 5.0170001221e+02 5.0160000610e+02 5.0160000610e+02 5.0160000610e+02 5.0170001221e+02 5.0179998779e+02 5.0189999390e+02 5.0200000000e+02 5.0200000000e+02 5.0200000000e+02 5.0189999390e+02 5.0179998779e+02 5.0170001221e+02 5.0170001221e+02 5.0160000610e+02 5.0150000000e+02 5.0129998779e+02 5.0110000610e+02 5.0079998779e+02 5.0029998779e+02 4.9979998779e+02 4.9960000610e+02 4.9950000000e+02 4.9939999390e+02 4.9939999390e+02 4.9939999390e+02 4.9929998779e+02
