DGM_1M_UPPER_AUSTRIA/24/26.asc
NCOLS 100
NROWS 100
XLLCORNER 6.2550500000e+04
YLLCORNER 2.9268850000e+05
CELLSIZE 1.0000000000e+00
NODATA_VALUE -9.9990000000e+03
[rows 20 to 39 of 100, columns 46 to 91 of 100]
4.8789999390e+02 4.8789999390e+02 4.8800000000e+02 4.8800000000e+02 4.8800000000e+02 4.8810000610e+02 4.8810000610e+02 4.8800000000e+02 4.8739999390e+02 4.8670001221e+02 4.8600000000e+02 4.8520001221e+02 4.8450000000e+02 4.8360000610e+02 4.8279998779e+02 4.8210000610e+02 4.8150000000e+02 4.8089999390e+02 4.8020001221e+02 4.7950000000e+02 4.7879998779e+02 4.7829998779e+02 4.7770001221e+02 4.7739999390e+02 4.7720001221e+02 4.7710000610e+02 4.7710000610e+02 4.7710000610e+02 4.7700000000e+02 4.7670001221e+02 4.7620001221e+02 4.7579998779e+02 4.7570001221e+02 4.7560000610e+02 4.7550000000e+02 4.7550000000e+02 4.7539999390e+02 4.7539999390e+02 4.7539999390e+02 4.7529998779e+02 4.7520001221e+02 4.7510000610e+02 4.7489999390e+02 4.7470001221e+02 4.7460000610e+02 4.7450000000e+02
4.8789999390e+02 4.8789999390e+02 4.8800000000e+02 4.8800000000e+02 4.8810000610e+02 4.8820001221e+02 4.8820001221e+02 4.8810000610e+02 4.8760000610e+02 4.8700000000e+02 4.8629998779e+02 4.8550000000e+02 4.8470001221e+02 4.8379998779e+02 4.8289999390e+02 4.8220001221e+02 4.8160000610e+02 4.8100000000e+02 4.8029998779e+02 4.7970001221e+02 4.7900000000e+02 4.7829998779e+02 4.7779998779e+02 4.7750000000e+02 4.7720001221e+02 4.7710000610e+02 4.7710000610e+02 4.7710000610e+02 4.7700000000e+02 4.7670001221e+02 4.7620001221e+02 4.7579998779e+02 4.7570001221e+02 4.7560000610e+02 4.7550000000e+02 4.7550000000e+02 4.7539999390e+02 4.7539999390e+02 4.7539999390e+02 4.7539999390e+02 4.7529998779e+02 4.7520001221e+02 4.7500000000e+02 4.7479998779e+02 4.7470001221e+02 4.7450000000e+02
4.8789999390e+02 4.8800000000e+02 4.8800000000e+02 4.8810000610e+02 4.8820001221e+02 4.8820001221e+02 4.8829998779e+02 4.8820001221e+02 4.8789999390e+02 4.8729998779e+02 4.8660000610e+02 4.8570001221e+02 4.8489999390e+02 4.8400000000e+02 4.8310000610e+02 4.8229998779e+02 4.8170001221e+02 4.8110000610e+02 4.8039999390e+02 4.7970001221e+02 4.7910000610e+02 4.7850000000e+02 4.7789999390e+02 4.7760000610e+02 4.7729998779e+02 4.7720001221e+02 4.7720001221e+02 4.7720001221e+02 4.7710000610e+02 4.7679998779e+02 4.7629998779e+02 4.7589999390e+02 4.7570001221e+02 4.7560000610e+02 4.7550000000e+02 4.7550000000e+02 4.7550000000e+02 4.7539999390e+02 4.7539999390e+02 4.7539999390e+02 4.7529998779e+02 4.7520001221e+02 4.7500000000e+02 4.7489999390e+02 4.7470001221e+02 4.7460000610e+02
4.8789999390e+02 4.8800000000e+02 4.8800000000e+02 4.8810000610e+02 4.8820001221e+02 4.8829998779e+02 4.8839999390e+02 4.8829998779e+02 4.8810000610e+02 4.8750000000e+02 4.8670001221e+02 4.8600000000e+02 4.8510000610e+02 4.8420001221e+02 4.8329998779e+02 4.8239999390e+02 4.8179998779e+02 4.8110000610e+02 4.8039999390e+02 4.7970001221e+02 4.7910000610e+02 4.7850000000e+02 4.7800000000e+02 4.7760000610e+02 4.7739999390e+02 4.7720001221e+02 4.7720001221e+02 4.7720001221e+02 4.7710000610e+02 4.7679998779e+02 4.7639999390e+02 4.7589999390e+02 4.7570001221e+02 4.7560000610e+02 4.7550000000e+02 4.7550000000e+02 4.7550000000e+02 4.7539999390e+02 4.7539999390e+02 4.7539999390e+02 4.7529998779e+02 4.7529998779e+02 4.7510000610e+02 4.7489999390e+02 4.7470001221e+02 4.7460000610e+02
4.8800000000e+02 4.8800000000e+02 4.8810000610e+02 4.8810000610e+02 4.8820001221e+02 4.8829998779e+02 4.8839999390e+02 4.8829998779e+02 4.8820001221e+02 4.8770001221e+02 4.8689999390e+02 4.8620001221e+02 4.8539999390e+02 4.8439999390e+02 4.8339999390e+02 4.8260000610e+02 4.8179998779e+02 4.8120001221e+02 4.8050000000e+02 4.7979998779e+02 4.7920001221e+02 4.7860000610e+02 4.7800000000e+02 4.7760000610e+02 4.7739999390e+02 4.7729998779e+02 4.7720001221e+02 4.7720001221e+02 4.7710000610e+02 4.7679998779e+02 4.7639999390e+02 4.7600000000e+02 4.7570001221e+02 4.7560000610e+02 4.7550000000e+02 4.7550000000e+02 4.7550000000e+02 4.7539999390e+02 4.7539999390e+02 4.7539999390e+02 4.7539999390e+02 4.7529998779e+02 4.7520001221e+02 4.7500000000e+02 4.7489999390e+02 4.7470001221e+02
4.8800000000e+02 4.8800000000e+02 4.8810000610e+02 4.8820001221e+02 4.8820001221e+02 4.8829998779e+02 4.8839999390e+02 4.8829998779e+02 4.8829998779e+02 4.8779998779e+02 4.8710000610e+02 4.8629998779e+02 4.8539999390e+02 4.8450000000e+02 4.8360000610e+02 4.8270001221e+02 4.8189999390e+02 4.8129998779e+02 4.8060000610e+02 4.7989999390e+02 4.7929998779e+02 4.7870001221e+02 4.7810000610e+02 4.7770001221e+02 4.7739999390e+02 4.7729998779e+02 4.7729998779e+02 4.7720001221e+02 4.7720001221e+02 4.7689999390e+02 4.7650000000e+02 4.7600000000e+02 4.7579998779e+02 4.7570001221e+02 4.7550000000e+02 4.7550000000e+02 4.7550000000e+02 4.7539999390e+02 4.7539999390e+02 4.7539999390e+02 4.7539999390e+02 4.7539999390e+02 4.7529998779e+02 4.7510000610e+02 4.7489999390e+02 4.7470001221e+02
4.8800000000e+02 4.8810000610e+02 4.8810000610e+02 4.8820001221e+02 4.8829998779e+02 4.8839999390e+02 4.8839999390e+02 4.8829998779e+02 4.8820001221e+02 4.8779998779e+02 4.8720001221e+02 4.8639999390e+02 4.8550000000e+02 4.8460000610e+02 4.8370001221e+02 4.8279998779e+02 4.8200000000e+02 4.8129998779e+02 4.8070001221e+02 4.8010000610e+02 4.7950000000e+02 4.7879998779e+02 4.7820001221e+02 4.7770001221e+02 4.7739999390e+02 4.7729998779e+02 4.7729998779e+02 4.7729998779e+02 4.7720001221e+02 4.7689999390e+02 4.7650000000e+02 4.7610000610e+02 4.7579998779e+02 4.7570001221e+02 4.7560000610e+02 4.7550000000e+02 4.7550000000e+02 4.7539999390e+02 4.7539999390e+02 4.7539999390e+02 4.7539999390e+02 4.7539999390e+02 4.7529998779e+02 4.7520001221e+02 4.7500000000e+02 4.7479998779e+02
4.8810000610e+02 4.8810000610e+02 4.8820001221e+02 4.8820001221e+02 4.8829998779e+02 4.8839999390e+02 4.8839999390e+02 4.8829998779e+02 4.8820001221e+02 4.8779998779e+02 4.8720001221e+02 4.8650000000e+02 4.8560000610e+02 4.8479998779e+02 4.8389999390e+02 4.8300000000e+02 4.8210000610e+02 4.8139999390e+02 4.8089999390e+02 4.8029998779e+02 4.7970001221e+02 4.7910000610e+02 4.7839999390e+02 4.7789999390e+02 4.7750000000e+02 4.7729998779e+02 4.7729998779e+02 4.7729998779e+02 4.7729998779e+02 4.7700000000e+02 4.7660000610e+02 4.7610000610e+02 4.7589999390e+02 4.7570001221e+02 4.7560000610e+02 4.7550000000e+02 4.7550000000e+02 4.7539999390e+02 4.7539999390e+02 4.7539999390e+02 4.7539999390e+02 4.7539999390e+02 4.7539999390e+02 4.7529998779e+02 4.7510000610e+02 4.7489999390e+02
4.8810000610e+02 4.8810000610e+02 4.8820001221e+02 4.8820001221e+02 4.8829998779e+02 4.8839999390e+02 4.8839999390e+02 4.8829998779e+02 4.8820001221e+02 4.8779998779e+02 4.8720001221e+02 4.8650000000e+02 4.8570001221e+02 4.8489999390e+02 4.8400000000e+02 4.8310000610e+02 4.8220001221e+02 4.8160000610e+02 4.8100000000e+02 4.8039999390e+02 4.7979998779e+02 4.7920001221e+02 4.7860000610e+02 4.7810000610e+02 4.7760000610e+02 4.7739999390e+02 4.7739999390e+02 4.7739999390e+02 4.7729998779e+02 4.7700000000e+02 4.7660000610e+02 4.7620001221e+02 4.7589999390e+02 4.7570001221e+02 4.7560000610e+02 4.7560000610e+02 4.7550000000e+02 4.7539999390e+02 4.7539999390e+02 4.7539999390e+02 4.7539999390e+02 4.7550000000e+02 4.7539999390e+02 4.7529998779e+02 4.7520001221e+02 4.7500000000e+02
4.8810000610e+02 4.8820001221e+02 4.8820001221e+02 4.8829998779e+02 4.8839999390e+02 4.8839999390e+02 4.8839999390e+02 4.8839999390e+02 4.8820001221e+02 4.8779998779e+02 4.8720001221e+02 4.8650000000e+02 4.8570001221e+02 4.8489999390e+02 4.8410000610e+02 4.8329998779e+02 4.8239999390e+02 4.8160000610e+02 4.8100000000e+02 4.8050000000e+02 4.8000000000e+02 4.7939999390e+02 4.7879998779e+02 4.7820001221e+02 4.7770001221e+02 4.7750000000e+02 4.7739999390e+02 4.7739999390e+02 4.7729998779e+02 4.7710000610e+02 4.7670001221e+02 4.7620001221e+02 4.7589999390e+02 4.7579998779e+02 4.7570001221e+02 4.7560000610e+02 4.7550000000e+02 4.7550000000e+02 4.7539999390e+02 4.7539999390e+02 4.7550000000e+02 4.7550000000e+02 4.7550000000e+02 4.7539999390e+02 4.7529998779e+02 4.7510000610e+02
4.8820001221e+02 4.8820001221e+02 4.8820001221e+02 4.8829998779e+02 4.8839999390e+02 4.8839999390e+02 4.8839999390e+02 4.8839999390e+02 4.8820001221e+02 4.8779998779e+02 4.8720001221e+02 4.8650000000e+02 4.8570001221e+02 4.8489999390e+02 4.8420001221e+02 4.8339999390e+02 4.8260000610e+02 4.8160000610e+02 4.8110000610e+02 4.8060000610e+02 4.8010000610e+02 4.7950000000e+02 4.7879998779e+02 4.7820001221e+02 4.7770001221e+02 4.7750000000e+02 4.7739999390e+02 4.7739999390e+02 4.7739999390e+02 4.7720001221e+02 4.7679998779e+02 4.7629998779e+02 4.7600000000e+02 4.7579998779e+02 4.7570001221e+02 4.7560000610e+02 4.7550000000e+02 4.7550000000e+02 4.7539999390e+02 4.7550000000e+02 4.7550000000e+02 4.7550000000e+02 4.7550000000e+02 4.7539999390e+02 4.7529998779e+02 4.7520001221e+02
4.8820001221e+02 4.8820001221e+02 4.8829998779e+02 4.8829998779e+02 4.8839999390e+02 4.8839999390e+02 4.8839999390e+02 4.8839999390e+02 4.8820001221e+02 4.8779998779e+02 4.8720001221e+02 4.8639999390e+02 4.8560000610e+02 4.8489999390e+02 4.8410000610e+02 4.8339999390e+02 4.8260000610e+02 4.8179998779e+02 4.8110000610e+02 4.8060000610e+02 4.8010000610e+02 4.7939999390e+02 4.7879998779e+02 4.7829998779e+02 4.7779998779e+02 4.7750000000e+02 4.7750000000e+02 4.7750000000e+02 4.7739999390e+02 4.7720001221e+02 4.7679998779e+02 4.7629998779e+02 4.7610000610e+02 4.7589999390e+02 4.7570001221e+02 4.7560000610e+02 4.7560000610e+02 4.7550000000e+02 4.7550000000e+02 4.7550000000e+02 4.7550000000e+02 4.7550000000e+02 4.7550000000e+02 4.7550000000e+02 4.7539999390e+02 4.7520001221e+02
4.8820001221e+02 4.8820001221e+02 4.8829998779e+02 4.8839999390e+02 4.8839999390e+02 4.8839999390e+02 4.8839999390e+02 4.8839999390e+02 4.8820001221e+02 4.8779998779e+02 4.8710000610e+02 4.8639999390e+02 4.8550000000e+02 4.8470001221e+02 4.8400000000e+02 4.8329998779e+02 4.8270001221e+02 4.8179998779e+02 4.8100000000e+02 4.8050000000e+02 4.8000000000e+02 4.7929998779e+02 4.7879998779e+02 4.7820001221e+02 4.7779998779e+02 4.7760000610e+02 4.7750000000e+02 4.7750000000e+02 4.7750000000e+02 4.7720001221e+02 4.7679998779e+02 4.7639999390e+02 4.7610000610e+02 4.7589999390e+02 4.7579998779e+02 4.7570001221e+02 4.7560000610e+02 4.7550000000e+02 4.7550000000e+02 4.7550000000e+02 4.7550000000e+02 4.7560000610e+02 4.7560000610e+02 4.7550000000e+02 4.7550000000e+02 4.7529998779e+02
4.8820001221e+02 4.8820001221e+02 4.8829998779e+02 4.8839999390e+02 4.8839999390e+02 4.8839999390e+02 4.8850000000e+02 4.8850000000e+02 4.8820001221e+02 4.8770001221e+02 4.8700000000e+02 4.8620001221e+02 4.8539999390e+02 4.8460000610e+02 4.8389999390e+02 4.8329998779e+02 4.8260000610e+02 4.8179998779e+02 4.8100000000e+02 4.8039999390e+02 4.7989999390e+02 4.7929998779e+02 4.7879998779e+02 4.7829998779e+02 4.7789999390e+02 4.7760000610e+02 4.7760000610e+02 4.7750000000e+02 4.7750000000e+02 4.7720001221e+02 4.7689999390e+02 4.7650000000e+02 4.7610000610e+02 4.7600000000e+02 4.7579998779e+02 4.7579998779e+02 4.7570001221e+02 4.7560000610e+02 4.7550000000e+02 4.7550000000e+02 4.7550000000e+02 4.7550000000e+02 4.7560000610e+02 4.7550000000e+02 4.7550000000e+02 4.7539999390e+02
4.8820001221e+02 4.8829998779e+02 4.8839999390e+02 4.8839999390e+02 4.8839999390e+02 4.8839999390e+02 4.8850000000e+02 4.8850000000e+02 4.8810000610e+02 4.8760000610e+02 4.8689999390e+02 4.8610000610e+02 4.8529998779e+02 4.8450000000e+02 4.8379998779e+02 4.8310000610e+02 4.8250000000e+02 4.8170001221e+02 4.8089999390e+02 4.8039999390e+02 4.7989999390e+02 4.7929998779e+02 4.7879998779e+02 4.7829998779e+02 4.7789999390e+02 4.7760000610e+02 4.7760000610e+02 4.7760000610e+02 4.7750000000e+02 4.7729998779e+02 4.7700000000e+02 4.7650000000e+02 4.7620001221e+02 4.7600000000e+02 4.7589999390e+02 4.7579998779e+02 4.7570001221e+02 4.7560000610e+02 4.7550000000e+02 4.7550000000e+02 4.7550000000e+02 4.7550000000e+02 4.7560000610e+02 4.7560000610e+02 4.7550000000e+02 4.7550000000e+02
4.8820001221e+02 4.8829998779e+02 4.8839999390e+02 4.8839999390e+02 4.8839999390e+02 4.8839999390e+02 4.8850000000e+02 4.8839999390e+02 4.8800000000e+02 4.8750000000e+02 4.8670001221e+02 4.8589999390e+02 4.8520001221e+02 4.8439999390e+02 4.8370001221e+02 4.8300000000e+02 4.8229998779e+02 4.8150000000e+02 4.8079998779e+02 4.8029998779e+02 4.7979998779e+02 4.7929998779e+02 4.7870001221e+02 4.7829998779e+02 4.7789999390e+02 4.7770001221e+02 4.7760000610e+02 4.7760000610e+02 4.7750000000e+02 4.7729998779e+02 4.7700000000e+02 4.7660000610e+02 4.7629998779e+02 4.7600000000e+02 4.7600000000e+02 4.7589999390e+02 4.7579998779e+02 4.7570001221e+02 4.7550000000e+02 4.7550000000e+02 4.7550000000e+02 4.7560000610e+02 4.7560000610e+02 4.7560000610e+02 4.7550000000e+02 4.7550000000e+02
4.8820001221e+02 4.8829998779e+02 4.8839999390e+02 4.8839999390e+02 4.8839999390e+02 4.8839999390e+02 4.8850000000e+02 4.8839999390e+02 4.8789999390e+02 4.8729998779e+02 4.8650000000e+02 4.8579998779e+02 4.8510000610e+02 4.8439999390e+02 4.8360000610e+02 4.8289999390e+02 4.8220001221e+02 4.8150000000e+02 4.8070001221e+02 4.8020001221e+02 4.7970001221e+02 4.7910000610e+02 4.7870001221e+02 4.7820001221e+02 4.7779998779e+02 4.7770001221e+02 4.7760000610e+02 4.7760000610e+02 4.7760000610e+02 4.7739999390e+02 4.7710000610e+02 4.7670001221e+02 4.7629998779e+02 4.7610000610e+02 4.7600000000e+02 4.7589999390e+02 4.7579998779e+02 4.7570001221e+02 4.7560000610e+02 4.7560000610e+02 4.7550000000e+02 4.7550000000e+02 4.7560000610e+02 4.7560000610e+02 4.7560000610e+02 4.7550000000e+02
4.8829998779e+02 4.8839999390e+02 4.8839999390e+02 4.8839999390e+02 4.8839999390e+02 4.8839999390e+02 4.8839999390e+02 4.8829998779e+02 4.8779998779e+02 4.8710000610e+02 4.8639999390e+02 4.8570001221e+02 4.8500000000e+02 4.8429998779e+02 4.8360000610e+02 4.8289999390e+02 4.8220001221e+02 4.8139999390e+02 4.8060000610e+02 4.8010000610e+02 4.7960000610e+02 4.7910000610e+02 4.7860000610e+02 4.7820001221e+02 4.7779998779e+02 4.7770001221e+02 4.7770001221e+02 4.7760000610e+02 4.7760000610e+02 4.7739999390e+02 4.7710000610e+02 4.7679998779e+02 4.7639999390e+02 4.7620001221e+02 4.7600000000e+02 4.7600000000e+02 4.7579998779e+02 4.7570001221e+02 4.7560000610e+02 4.7560000610e+02 4.7560000610e+02 4.7560000610e+02 4.7560000610e+02 4.7560000610e+02 4.7560000610e+02 4.7560000610e+02
4.8829998779e+02 4.8839999390e+02 4.8839999390e+02 4.8850000000e+02 4.8850000000e+02 4.8850000000e+02 4.8839999390e+02 4.8820001221e+02 4.8770001221e+02 4.8700000000e+02 4.8629998779e+02 4.8550000000e+02 4.8479998779e+02 4.8420001221e+02 4.8350000000e+02 4.8279998779e+02 4.8210000610e+02 4.8129998779e+02 4.8050000000e+02 4.7989999390e+02 4.7950000000e+02 4.7910000610e+02 4.7860000610e+02 4.7820001221e+02 4.7779998779e+02 4.7770001221e+02 4.7770001221e+02 4.7770001221e+02 4.7760000610e+02 4.7750000000e+02 4.7720001221e+02 4.7689999390e+02 4.7660000610e+02 4.7629998779e+02 4.7610000610e+02 4.7600000000e+02 4.7579998779e+02 4.7579998779e+02 4.7570001221e+02 4.7560000610e+02 4.7560000610e+02 4.7560000610e+02 4.7560000610e+02 4.7560000610e+02 4.7560000610e+02 4.7560000610e+02
4.8839999390e+02 4.8839999390e+02 4.8839999390e+02 4.8850000000e+02 4.8850000000e+02 4.8850000000e+02 4.8850000000e+02 4.8810000610e+02 4.8770001221e+02 4.8689999390e+02 4.8610000610e+02 4.8539999390e+02 4.8470001221e+02 4.8410000610e+02 4.8350000000e+02 4.8270001221e+02 4.8200000000e+02 4.8120001221e+02 4.8039999390e+02 4.7989999390e+02 4.7950000000e+02 4.7889999390e+02 4.7860000610e+02 4.7820001221e+02 4.7789999390e+02 4.7779998779e+02 4.7770001221e+02 4.7770001221e+02 4.7770001221e+02 4.7750000000e+02 4.7729998779e+02 4.7710000610e+02 4.7679998779e+02 4.7639999390e+02 4.7610000610e+02 4.7600000000e+02 4.7589999390e+02 4.7579998779e+02 4.7570001221e+02 4.7560000610e+02 4.7560000610e+02 4.7560000610e+02 4.7560000610e+02 4.7560000610e+02 4.7560000610e+02 4.7560000610e+02
