DGM_1M_UPPER_AUSTRIA/24/26.asc
NCOLS 100
NROWS 100
XLLCORNER 6.2550500000e+04
YLLCORNER 2.9268850000e+05
CELLSIZE 1.0000000000e+00
NODATA_VALUE -9.9990000000e+03
[rows 80 to 99 of 100, columns 46 to 91 of 100]
4.8300000000e+02 4.8229998779e+02 4.8160000610e+02 4.8100000000e+02 4.8039999390e+02 4.8010000610e+02 4.7989999390e+02 4.7950000000e+02 4.7889999390e+02 4.7829998779e+02 4.7800000000e+02 4.7789999390e+02 4.7789999390e+02 4.7779998779e+02 4.7779998779e+02 4.7779998779e+02 4.7779998779e+02 4.7779998779e+02 4.7779998779e+02 4.7779998779e+02 4.7779998779e+02 4.7779998779e+02 4.7779998779e+02 4.7779998779e+02 4.7779998779e+02 4.7779998779e+02 4.7779998779e+02 4.7779998779e+02 4.7779998779e+02 4.7779998779e+02 4.7770001221e+02 4.7770001221e+02 4.7779998779e+02 4.7789999390e+02 4.7789999390e+02 4.7770001221e+02 4.7760000610e+02 4.7760000610e+02 4.7760000610e+02 4.7779998779e+02 4.7829998779e+02 4.7839999390e+02 4.7810000610e+02 4.7770001221e+02 4.7729998779e+02 4.7720001221e+02
4.8270001221e+02 4.8200000000e+02 4.8139999390e+02 4.8079998779e+02 4.8039999390e+02 4.8000000000e+02 4.7970001221e+02 4.7929998779e+02 4.7860000610e+02 4.7820001221e+02 4.7800000000e+02 4.7800000000e+02 4.7789999390e+02 4.7779998779e+02 4.7779998779e+02 4.7779998779e+02 4.7779998779e+02 4.7779998779e+02 4.7779998779e+02 4.7779998779e+02 4.7779998779e+02 4.7779998779e+02 4.7779998779e+02 4.7779998779e+02 4.7779998779e+02 4.7779998779e+02 4.7779998779e+02 4.7779998779e+02 4.7779998779e+02 4.7779998779e+02 4.7770001221e+02 4.7770001221e+02 4.7779998779e+02 4.7789999390e+02 4.7789999390e+02 4.7770001221e+02 4.7760000610e+02 4.7760000610e+02 4.7760000610e+02 4.7779998779e+02 4.7829998779e+02 4.7850000000e+02 4.7820001221e+02 4.7770001221e+02 4.7720001221e+02 4.7700000000e+02
4.8250000000e+02 4.8179998779e+02 4.8120001221e+02 4.8070001221e+02 4.8020001221e+02 4.7989999390e+02 4.7960000610e+02 4.7900000000e+02 4.7839999390e+02 4.7810000610e+02 4.7800000000e+02 4.7800000000e+02 4.7800000000e+02 4.7789999390e+02 4.7779998779e+02 4.7779998779e+02 4.7779998779e+02 4.7779998779e+02 4.7779998779e+02 4.7779998779e+02 4.7779998779e+02 4.7779998779e+02 4.7779998779e+02 4.7779998779e+02 4.7779998779e+02 4.7779998779e+02 4.7779998779e+02 4.7779998779e+02 4.7779998779e+02 4.7779998779e+02 4.7770001221e+02 4.7770001221e+02 4.7770001221e+02 4.7779998779e+02 4.7789999390e+02 4.7770001221e+02 4.7760000610e+02 4.7760000610e+02 4.7760000610e+02 4.7779998779e+02 4.7839999390e+02 4.7860000610e+02 4.7839999390e+02 4.7779998779e+02 4.7729998779e+02 4.7700000000e+02
4.8220001221e+02 4.8160000610e+02 4.8110000610e+02 4.8050000000e+02 4.8000000000e+02 4.7970001221e+02 4.7939999390e+02 4.7870001221e+02 4.7820001221e+02 4.7810000610e+02 4.7810000610e+02 4.7810000610e+02 4.7810000610e+02 4.7800000000e+02 4.7789999390e+02 4.7789999390e+02 4.7779998779e+02 4.7779998779e+02 4.7779998779e+02 4.7779998779e+02 4.7779998779e+02 4.7779998779e+02 4.7779998779e+02 4.7779998779e+02 4.7779998779e+02 4.7779998779e+02 4.7779998779e+02 4.7779998779e+02 4.7779998779e+02 4.7779998779e+02 4.7770001221e+02 4.7770001221e+02 4.7770001221e+02 4.7779998779e+02 4.7779998779e+02 4.7770001221e+02 4.7750000000e+02 4.7750000000e+02 4.7760000610e+02 4.7779998779e+02 4.7839999390e+02 4.7870001221e+02 4.7850000000e+02 4.7800000000e+02 4.7739999390e+02 4.7700000000e+02
4.8200000000e+02 4.8139999390e+02 4.8089999390e+02 4.8039999390e+02 4.7989999390e+02 4.7960000610e+02 4.7910000610e+02 4.7850000000e+02 4.7810000610e+02 4.7800000000e+02 4.7800000000e+02 4.7810000610e+02 4.7810000610e+02 4.7800000000e+02 4.7800000000e+02 4.7789999390e+02 4.7789999390e+02 4.7779998779e+02 4.7779998779e+02 4.7779998779e+02 4.7779998779e+02 4.7779998779e+02 4.7779998779e+02 4.7779998779e+02 4.7779998779e+02 4.7779998779e+02 4.7779998779e+02 4.7779998779e+02 4.7779998779e+02 4.7770001221e+02 4.7760000610e+02 4.7770001221e+02 4.7770001221e+02 4.7770001221e+02 4.7760000610e+02 4.7760000610e+02 4.7750000000e+02 4.7750000000e+02 4.7750000000e+02 4.7770001221e+02 4.7829998779e+02 4.7870001221e+02 4.7860000610e+02 4.7810000610e+02 4.7760000610e+02 4.7710000610e+02
4.8179998779e+02 4.8120001221e+02 4.8070001221e+02 4.8020001221e+02 4.7979998779e+02 4.7939999390e+02 4.7879998779e+02 4.7829998779e+02 4.7800000000e+02 4.7800000000e+02 4.7800000000e+02 4.7810000610e+02 4.7800000000e+02 4.7800000000e+02 4.7800000000e+02 4.7789999390e+02 4.7789999390e+02 4.7789999390e+02 4.7779998779e+02 4.7779998779e+02 4.7779998779e+02 4.7779998779e+02 4.7779998779e+02 4.7779998779e+02 4.7779998779e+02 4.7779998779e+02 4.7779998779e+02 4.7779998779e+02 4.7770001221e+02 4.7770001221e+02 4.7760000610e+02 4.7770001221e+02 4.7770001221e+02 4.7770001221e+02 4.7760000610e+02 4.7760000610e+02 4.7750000000e+02 4.7750000000e+02 4.7750000000e+02 4.7770001221e+02 4.7829998779e+02 4.7870001221e+02 4.7879998779e+02 4.7839999390e+02 4.7779998779e+02 4.7720001221e+02
4.8160000610e+02 4.8110000610e+02 4.8050000000e+02 4.8010000610e+02 4.7970001221e+02 4.7920001221e+02 4.7860000610e+02 4.7820001221e+02 4.7810000610e+02 4.7810000610e+02 4.7810000610e+02 4.7800000000e+02 4.7800000000e+02 4.7800000000e+02 4.7800000000e+02 4.7789999390e+02 4.7789999390e+02 4.7789999390e+02 4.7779998779e+02 4.7779998779e+02 4.7779998779e+02 4.7779998779e+02 4.7779998779e+02 4.7779998779e+02 4.7779998779e+02 4.7779998779e+02 4.7779998779e+02 4.7770001221e+02 4.7770001221e+02 4.7770001221e+02 4.7760000610e+02 4.7760000610e+02 4.7760000610e+02 4.7760000610e+02 4.7760000610e+02 4.7750000000e+02 4.7750000000e+02 4.7739999390e+02 4.7739999390e+02 4.7760000610e+02 4.7820001221e+02 4.7870001221e+02 4.7879998779e+02 4.7850000000e+02 4.7789999390e+02 4.7729998779e+02
4.8150000000e+02 4.8089999390e+02 4.8039999390e+02 4.8000000000e+02 4.7960000610e+02 4.7910000610e+02 4.7850000000e+02 4.7820001221e+02 4.7810000610e+02 4.7810000610e+02 4.7810000610e+02 4.7800000000e+02 4.7800000000e+02 4.7800000000e+02 4.7800000000e+02 4.7789999390e+02 4.7789999390e+02 4.7789999390e+02 4.7779998779e+02 4.7779998779e+02 4.7779998779e+02 4.7779998779e+02 4.7779998779e+02 4.7779998779e+02 4.7779998779e+02 4.7779998779e+02 4.7779998779e+02 4.7770001221e+02 4.7770001221e+02 4.7760000610e+02 4.7760000610e+02 4.7760000610e+02 4.7760000610e+02 4.7760000610e+02 4.7760000610e+02 4.7750000000e+02 4.7750000000e+02 4.7739999390e+02 4.7739999390e+02 4.7760000610e+02 4.7810000610e+02 4.7860000610e+02 4.7870001221e+02 4.7850000000e+02 4.7800000000e+02 4.7739999390e+02
4.8129998779e+02 4.8079998779e+02 4.8020001221e+02 4.7989999390e+02 4.7950000000e+02 4.7900000000e+02 4.7839999390e+02 4.7820001221e+02 4.7810000610e+02 4.7810000610e+02 4.7810000610e+02 4.7800000000e+02 4.7800000000e+02 4.7800000000e+02 4.7789999390e+02 4.7789999390e+02 4.7789999390e+02 4.7789999390e+02 4.7779998779e+02 4.7779998779e+02 4.7779998779e+02 4.7779998779e+02 4.7779998779e+02 4.7779998779e+02 4.7779998779e+02 4.7779998779e+02 4.7779998779e+02 4.7770001221e+02 4.7770001221e+02 4.7760000610e+02 4.7760000610e+02 4.7760000610e+02 4.7760000610e+02 4.7760000610e+02 4.7760000610e+02 4.7750000000e+02 4.7750000000e+02 4.7739999390e+02 4.7739999390e+02 4.7750000000e+02 4.7800000000e+02 4.7839999390e+02 4.7870001221e+02 4.7850000000e+02 4.7810000610e+02 4.7750000000e+02
4.8110000610e+02 4.8060000610e+02 4.8010000610e+02 4.7979998779e+02 4.7939999390e+02 4.7889999390e+02 4.7839999390e+02 4.7820001221e+02 4.7810000610e+02 4.7810000610e+02 4.7800000000e+02 4.7800000000e+02 4.7800000000e+02 4.7789999390e+02 4.7789999390e+02 4.7789999390e+02 4.7789999390e+02 4.7789999390e+02 4.7779998779e+02 4.7779998779e+02 4.7779998779e+02 4.7779998779e+02 4.7779998779e+02 4.7779998779e+02 4.7779998779e+02 4.7779998779e+02 4.7779998779e+02 4.7770001221e+02 4.7770001221e+02 4.7760000610e+02 4.7760000610e+02 4.7760000610e+02 4.7750000000e+02 4.7750000000e+02 4.7750000000e+02 4.7750000000e+02 4.7739999390e+02 4.7739999390e+02 4.7739999390e+02 4.7739999390e+02 4.7779998779e+02 4.7839999390e+02 4.7870001221e+02 4.7850000000e+02 4.7800000000e+02 4.7750000000e+02
4.8100000000e+02 4.8039999390e+02 4.8000000000e+02 4.7970001221e+02 4.7939999390e+02 4.7889999390e+02 4.7829998779e+02 4.7810000610e+02 4.7810000610e+02 4.7800000000e+02 4.7800000000e+02 4.7800000000e+02 4.7789999390e+02 4.7789999390e+02 4.7789999390e+02 4.7789999390e+02 4.7789999390e+02 4.7789999390e+02 4.7779998779e+02 4.7779998779e+02 4.7779998779e+02 4.7779998779e+02 4.7779998779e+02 4.7779998779e+02 4.7779998779e+02 4.7779998779e+02 4.7779998779e+02 4.7770001221e+02 4.7770001221e+02 4.7760000610e+02 4.7760000610e+02 4.7760000610e+02 4.7750000000e+02 4.7750000000e+02 4.7750000000e+02 4.7739999390e+02 4.7739999390e+02 4.7739999390e+02 4.7729998779e+02 4.7739999390e+02 4.7770001221e+02 4.7829998779e+02 4.7860000610e+02 4.7839999390e+02 4.7800000000e+02 4.7750000000e+02
4.8100000000e+02 4.8039999390e+02 4.8000000000e+02 4.7960000610e+02 4.7929998779e+02 4.7879998779e+02 4.7820001221e+02 4.7800000000e+02 4.7800000000e+02 4.7800000000e+02 4.7800000000e+02 4.7789999390e+02 4.7789999390e+02 4.7789999390e+02 4.7789999390e+02 4.7789999390e+02 4.7789999390e+02 4.7789999390e+02 4.7779998779e+02 4.7779998779e+02 4.7779998779e+02 4.7779998779e+02 4.7779998779e+02 4.7779998779e+02 4.7779998779e+02 4.7779998779e+02 4.7779998779e+02 4.7770001221e+02 4.7760000610e+02 4.7760000610e+02 4.7760000610e+02 4.7750000000e+02 4.7750000000e+02 4.7750000000e+02 4.7739999390e+02 4.7739999390e+02 4.7739999390e+02 4.7729998779e+02 4.7729998779e+02 4.7729998779e+02 4.7760000610e+02 4.7810000610e+02 4.7839999390e+02 4.7839999390e+02 4.7800000000e+02 4.7750000000e+02
4.8079998779e+02 4.8029998779e+02 4.7989999390e+02 4.7960000610e+02 4.7920001221e+02 4.7860000610e+02 4.7820001221e+02 4.7800000000e+02 4.7789999390e+02 4.7789999390e+02 4.7789999390e+02 4.7789999390e+02 4.7789999390e+02 4.7789999390e+02 4.7789999390e+02 4.7789999390e+02 4.7789999390e+02 4.7789999390e+02 4.7779998779e+02 4.7779998779e+02 4.7779998779e+02 4.7779998779e+02 4.7779998779e+02 4.7779998779e+02 4.7779998779e+02 4.7779998779e+02 4.7770001221e+02 4.7770001221e+02 4.7760000610e+02 4.7760000610e+02 4.7760000610e+02 4.7750000000e+02 4.7750000000e+02 4.7750000000e+02 4.7739999390e+02 4.7739999390e+02 4.7729998779e+02 4.7729998779e+02 4.7729998779e+02 4.7729998779e+02 4.7750000000e+02 4.7789999390e+02 4.7820001221e+02 4.7820001221e+02 4.7800000000e+02 4.7760000610e+02
4.8079998779e+02 4.8029998779e+02 4.7979998779e+02 4.7950000000e+02 4.7910000610e+02 4.7850000000e+02 4.7810000610e+02 4.7800000000e+02 4.7789999390e+02 4.7789999390e+02 4.7789999390e+02 4.7789999390e+02 4.7789999390e+02 4.7789999390e+02 4.7789999390e+02 4.7789999390e+02 4.7789999390e+02 4.7789999390e+02 4.7789999390e+02 4.7779998779e+02 4.7779998779e+02 4.7779998779e+02 4.7779998779e+02 4.7779998779e+02 4.7779998779e+02 4.7779998779e+02 4.7770001221e+02 4.7770001221e+02 4.7760000610e+02 4.7760000610e+02 4.7760000610e+02 4.7750000000e+02 4.7750000000e+02 4.7739999390e+02 4.7739999390e+02 4.7729998779e+02 4.7729998779e+02 4.7729998779e+02 4.7729998779e+02 4.7720001221e+02 4.7739999390e+02 4.7770001221e+02 4.7800000000e+02 4.7810000610e+02 4.7789999390e+02 4.7750000000e+02
4.8089999390e+02 4.8029998779e+02 4.7989999390e+02 4.7950000000e+02 4.7910000610e+02 4.7839999390e+02 4.7800000000e+02 4.7789999390e+02 4.7779998779e+02 4.7779998779e+02 4.7789999390e+02 4.7789999390e+02 4.7779998779e+02 4.7779998779e+02 4.7779998779e+02 4.7779998779e+02 4.7789999390e+02 4.7789999390e+02 4.7789999390e+02 4.7779998779e+02 4.7779998779e+02 4.7779998779e+02 4.7779998779e+02 4.7779998779e+02 4.7779998779e+02 4.7770001221e+02 4.7770001221e+02 4.7770001221e+02 4.7760000610e+02 4.7760000610e+02 4.7760000610e+02 4.7750000000e+02 4.7750000000e+02 4.7739999390e+02 4.7739999390e+02 4.7729998779e+02 4.7729998779e+02 4.7729998779e+02 4.7720001221e+02 4.7720001221e+02 4.7720001221e+02 4.7750000000e+02 4.7789999390e+02 4.7810000610e+02 4.7789999390e+02 4.7750000000e+02
4.8089999390e+02 4.8029998779e+02 4.7989999390e+02 4.7950000000e+02 4.7900000000e+02 4.7829998779e+02 4.7789999390e+02 4.7779998779e+02 4.7779998779e+02 4.7779998779e+02 4.7779998779e+02 4.7779998779e+02 4.7779998779e+02 4.7779998779e+02 4.7779998779e+02 4.7779998779e+02 4.7789999390e+02 4.7779998779e+02 4.7779998779e+02 4.7779998779e+02 4.7779998779e+02 4.7779998779e+02 4.7779998779e+02 4.7779998779e+02 4.7779998779e+02 4.7770001221e+02 4.7770001221e+02 4.7760000610e+02 4.7760000610e+02 4.7760000610e+02 4.7760000610e+02 4.7750000000e+02 4.7750000000e+02 4.7739999390e+02 4.7739999390e+02 4.7729998779e+02 4.7729998779e+02 4.7729998779e+02 4.7720001221e+02 4.7720001221e+02 4.7720001221e+02 4.7739999390e+02 4.7779998779e+02 4.7800000000e+02 4.7770001221e+02 4.7739999390e+02
4.8089999390e+02 4.8039999390e+02 4.7989999390e+02 4.7950000000e+02 4.7879998779e+02 4.7810000610e+02 4.7789999390e+02 4.7779998779e+02 4.7779998779e+02 4.7779998779e+02 4.7779998779e+02 4.7779998779e+02 4.7779998779e+02 4.7779998779e+02 4.7779998779e+02 4.7779998779e+02 4.7779998779e+02 4.7779998779e+02 4.7779998779e+02 4.7779998779e+02 4.7779998779e+02 4.7779998779e+02 4.7779998779e+02 4.7779998779e+02 4.7779998779e+02 4.7770001221e+02 4.7770001221e+02 4.7760000610e+02 4.7760000610e+02 4.7760000610e+02 4.7760000610e+02 4.7750000000e+02 4.7750000000e+02 4.7739999390e+02 4.7729998779e+02 4.7729998779e+02 4.7729998779e+02 4.7729998779e+02 4.7720001221e+02 4.7710000610e+02 4.7710000610e+02 4.7729998779e+02 4.7770001221e+02 4.7789999390e+02 4.7760000610e+02 4.7739999390e+02
4.8089999390e+02 4.8039999390e+02 4.7989999390e+02 4.7939999390e+02 4.7860000610e+02 4.7800000000e+02 4.7779998779e+02 4.7779998779e+02 4.7779998779e+02 4.7779998779e+02 4.7779998779e+02 4.7779998779e+02 4.7779998779e+02 4.7779998779e+02 4.7779998779e+02 4.7779998779e+02 4.7779998779e+02 4.7779998779e+02 4.7779998779e+02 4.7779998779e+02 4.7779998779e+02 4.7779998779e+02 4.7779998779e+02 4.7779998779e+02 4.7779998779e+02 4.7770001221e+02 4.7770001221e+02 4.7760000610e+02 4.7760000610e+02 4.7760000610e+02 4.7750000000e+02 4.7750000000e+02 4.7750000000e+02 4.7739999390e+02 4.7729998779e+02 4.7729998779e+02 4.7729998779e+02 4.7720001221e+02 4.7720001221e+02 4.7710000610e+02 4.7710000610e+02 4.7720001221e+02 4.7760000610e+02 4.7779998779e+02 4.7779998779e+02 4.7750000000e+02
4.8089999390e+02 4.8039999390e+02 4.7989999390e+02 4.7939999390e+02 4.7860000610e+02 4.7789999390e+02 4.7770001221e+02 4.7770001221e+02 4.7779998779e+02 4.7789999390e+02 4.7789999390e+02 4.7779998779e+02 4.7779998779e+02 4.7779998779e+02 4.7779998779e+02 4.7779998779e+02 4.7779998779e+02 4.7779998779e+02 4.7779998779e+02 4.7779998779e+02 4.7779998779e+02 4.7779998779e+02 4.7779998779e+02 4.7779998779e+02 4.7779998779e+02 4.7770001221e+02 4.7770001221e+02 4.7760000610e+02 4.7760000610e+02 4.7760000610e+02 4.7750000000e+02 4.7750000000e+02 4.7750000000e+02 4.7739999390e+02 4.7729998779e+02 4.7729998779e+02 4.7720001221e+02 4.7720001221e+02 4.7720001221e+02 4.7710000610e+02 4.7710000610e+02 4.7710000610e+02 4.7739999390e+02 4.7779998779e+02 4.7789999390e+02 4.7750000000e+02
4.8089999390e+02 4.8039999390e+02 4.8000000000e+02 4.7939999390e+02 4.7860000610e+02 4.7789999390e+02 4.7770001221e+02 4.7770001221e+02 4.7779998779e+02 4.7789999390e+02 4.7789999390e+02 4.7779998779e+02 4.7779998779e+02 4.7779998779e+02 4.7779998779e+02 4.7779998779e+02 4.7779998779e+02 4.7779998779e+02 4.7789999390e+02 4.7779998779e+02 4.7779998779e+02 4.7779998779e+02 4.7779998779e+02 4.7779998779e+02 4.7779998779e+02 4.7770001221e+02 4.7770001221e+02 4.7760000610e+02 4.7760000610e+02 4.7760000610e+02 4.7750000000e+02 4.7750000000e+02 4.7739999390e+02 4.7729998779e+02 4.7729998779e+02 4.7729998779e+02 4.7720001221e+02 4.7720001221e+02 4.7710000610e+02 4.7710000610e+02 4.7710000610e+02 4.7710000610e+02 4.7729998779e+02 4.7770001221e+02 4.7779998779e+02 4.7760000610e+02
