DGM_1M_UPPER_AUSTRIA/24/26.asc
NCOLS 100
NROWS 100
XLLCORNER 6.2550500000e+04
YLLCORNER 2.9268850000e+05
CELLSIZE 1.0000000000e+00
NODATA_VALUE -9.9990000000e+03
[rows 80 to 99 of 100, columns 0 to 45 of 100]
4.8979998779e+02 4.8950000000e+02 4.8939999390e+02 4.8929998779e+02 4.8929998779e+02 4.8929998779e+02 4.8939999390e+02 4.8939999390e+02 4.8939999390e+02 4.8939999390e+02 4.8939999390e+02 4.8939999390e+02 4.8939999390e+02 4.8939999390e+02 4.8929998779e+02 4.8929998779e+02 4.8929998779e+02 4.8929998779e+02 4.8929998779e+02 4.8929998779e+02 4.8929998779e+02 4.8929998779e+02 4.8929998779e+02 4.8929998779e+02 4.8920001221e+02 4.8920001221e+02 4.8920001221e+02 4.8920001221e+02 4.8920001221e+02 4.8929998779e+02 4.8929998779e+02 4.8939999390e+02 4.8939999390e+02 4.8939999390e+02 4.8939999390e+02 4.8929998779e+02 4.8910000610e+02 4.8879998779e+02 4.8820001221e+02 4.8739999390e+02 4.8670001221e+02 4.8600000000e+02 4.8529998779e+02 4.8470001221e+02 4.8420001221e+02 4.8360000610e+02
4.9010000610e+02 4.8970001221e+02 4.8950000000e+02 4.8939999390e+02 4.8939999390e+02 4.8939999390e+02 4.8939999390e+02 4.8939999390e+02 4.8939999390e+02 4.8939999390e+02 4.8939999390e+02 4.8939999390e+02 4.8939999390e+02 4.8939999390e+02 4.8939999390e+02 4.8939999390e+02 4.8939999390e+02 4.8939999390e+02 4.8939999390e+02 4.8929998779e+02 4.8929998779e+02 4.8929998779e+02 4.8929998779e+02 4.8929998779e+02 4.8929998779e+02 4.8929998779e+02 4.8929998779e+02 4.8929998779e+02 4.8929998779e+02 4.8929998779e+02 4.8939999390e+02 4.8939999390e+02 4.8939999390e+02 4.8939999390e+02 4.8939999390e+02 4.8920001221e+02 4.8900000000e+02 4.8860000610e+02 4.8800000000e+02 4.8720001221e+02 4.8650000000e+02 4.8579998779e+02 4.8520001221e+02 4.8460000610e+02 4.8400000000e+02 4.8339999390e+02
4.9039999390e+02 4.8989999390e+02 4.8960000610e+02 4.8950000000e+02 4.8939999390e+02 4.8939999390e+02 4.8950000000e+02 4.8950000000e+02 4.8950000000e+02 4.8950000000e+02 4.8950000000e+02 4.8950000000e+02 4.8950000000e+02 4.8950000000e+02 4.8950000000e+02 4.8939999390e+02 4.8939999390e+02 4.8939999390e+02 4.8939999390e+02 4.8939999390e+02 4.8939999390e+02 4.8929998779e+02 4.8939999390e+02 4.8929998779e+02 4.8929998779e+02 4.8929998779e+02 4.8929998779e+02 4.8929998779e+02 4.8929998779e+02 4.8939999390e+02 4.8939999390e+02 4.8939999390e+02 4.8939999390e+02 4.8939999390e+02 4.8939999390e+02 4.8920001221e+02 4.8889999390e+02 4.8839999390e+02 4.8779998779e+02 4.8700000000e+02 4.8629998779e+02 4.8570001221e+02 4.8500000000e+02 4.8429998779e+02 4.8370001221e+02 4.8310000610e+02
4.9070001221e+02 4.9020001221e+02 4.8989999390e+02 4.8970001221e+02 4.8960000610e+02 4.8960000610e+02 4.8960000610e+02 4.8960000610e+02 4.8960000610e+02 4.8960000610e+02 4.8960000610e+02 4.8960000610e+02 4.8960000610e+02 4.8960000610e+02 4.8960000610e+02 4.8950000000e+02 4.8950000000e+02 4.8950000000e+02 4.8939999390e+02 4.8939999390e+02 4.8939999390e+02 4.8939999390e+02 4.8939999390e+02 4.8939999390e+02 4.8939999390e+02 4.8939999390e+02 4.8939999390e+02 4.8939999390e+02 4.8939999390e+02 4.8939999390e+02 4.8939999390e+02 4.8939999390e+02 4.8939999390e+02 4.8939999390e+02 4.8939999390e+02 4.8920001221e+02 4.8879998779e+02 4.8829998779e+02 4.8750000000e+02 4.8679998779e+02 4.8610000610e+02 4.8539999390e+02 4.8479998779e+02 4.8410000610e+02 4.8350000000e+02 4.8279998779e+02
4.9100000000e+02 4.9060000610e+02 4.9020001221e+02 4.8989999390e+02 4.8979998779e+02 4.8970001221e+02 4.8970001221e+02 4.8970001221e+02 4.8970001221e+02 4.8970001221e+02 4.8960000610e+02 4.8960000610e+02 4.8960000610e+02 4.8960000610e+02 4.8960000610e+02 4.8960000610e+02 4.8960000610e+02 4.8960000610e+02 4.8950000000e+02 4.8950000000e+02 4.8950000000e+02 4.8939999390e+02 4.8939999390e+02 4.8939999390e+02 4.8939999390e+02 4.8939999390e+02 4.8939999390e+02 4.8939999390e+02 4.8939999390e+02 4.8939999390e+02 4.8950000000e+02 4.8950000000e+02 4.8950000000e+02 4.8950000000e+02 4.8939999390e+02 4.8920001221e+02 4.8870001221e+02 4.8800000000e+02 4.8729998779e+02 4.8660000610e+02 4.8589999390e+02 4.8520001221e+02 4.8460000610e+02 4.8400000000e+02 4.8329998779e+02 4.8260000610e+02
4.9129998779e+02 4.9100000000e+02 4.9060000610e+02 4.9020001221e+02 4.9000000000e+02 4.8989999390e+02 4.8979998779e+02 4.8979998779e+02 4.8979998779e+02 4.8979998779e+02 4.8979998779e+02 4.8970001221e+02 4.8970001221e+02 4.8970001221e+02 4.8970001221e+02 4.8970001221e+02 4.8960000610e+02 4.8960000610e+02 4.8960000610e+02 4.8960000610e+02 4.8950000000e+02 4.8950000000e+02 4.8950000000e+02 4.8950000000e+02 4.8950000000e+02 4.8950000000e+02 4.8939999390e+02 4.8939999390e+02 4.8950000000e+02 4.8950000000e+02 4.8950000000e+02 4.8950000000e+02 4.8950000000e+02 4.8950000000e+02 4.8929998779e+02 4.8910000610e+02 4.8850000000e+02 4.8779998779e+02 4.8710000610e+02 4.8650000000e+02 4.8579998779e+02 4.8500000000e+02 4.8439999390e+02 4.8379998779e+02 4.8310000610e+02 4.8239999390e+02
4.9150000000e+02 4.9129998779e+02 4.9089999390e+02 4.9039999390e+02 4.9020001221e+02 4.9000000000e+02 4.8989999390e+02 4.8989999390e+02 4.8989999390e+02 4.8989999390e+02 4.8989999390e+02 4.8979998779e+02 4.8979998779e+02 4.8979998779e+02 4.8989999390e+02 4.8979998779e+02 4.8979998779e+02 4.8970001221e+02 4.8970001221e+02 4.8960000610e+02 4.8960000610e+02 4.8960000610e+02 4.8960000610e+02 4.8960000610e+02 4.8960000610e+02 4.8960000610e+02 4.8950000000e+02 4.8950000000e+02 4.8950000000e+02 4.8950000000e+02 4.8960000610e+02 4.8960000610e+02 4.8950000000e+02 4.8939999390e+02 4.8929998779e+02 4.8900000000e+02 4.8829998779e+02 4.8770001221e+02 4.8700000000e+02 4.8639999390e+02 4.8570001221e+02 4.8489999390e+02 4.8429998779e+02 4.8360000610e+02 4.8279998779e+02 4.8220001221e+02
4.9160000610e+02 4.9150000000e+02 4.9100000000e+02 4.9060000610e+02 4.9029998779e+02 4.9020001221e+02 4.9010000610e+02 4.9010000610e+02 4.9010000610e+02 4.9000000000e+02 4.9000000000e+02 4.8989999390e+02 4.8989999390e+02 4.8989999390e+02 4.8989999390e+02 4.8989999390e+02 4.8989999390e+02 4.8979998779e+02 4.8979998779e+02 4.8970001221e+02 4.8970001221e+02 4.8960000610e+02 4.8960000610e+02 4.8960000610e+02 4.8960000610e+02 4.8960000610e+02 4.8960000610e+02 4.8960000610e+02 4.8960000610e+02 4.8960000610e+02 4.8960000610e+02 4.8960000610e+02 4.8950000000e+02 4.8939999390e+02 4.8920001221e+02 4.8879998779e+02 4.8829998779e+02 4.8760000610e+02 4.8700000000e+02 4.8629998779e+02 4.8550000000e+02 4.8470001221e+02 4.8400000000e+02 4.8329998779e+02 4.8270001221e+02 4.8210000610e+02
4.9170001221e+02 4.9139999390e+02 4.9110000610e+02 4.9070001221e+02 4.9050000000e+02 4.9039999390e+02 4.9029998779e+02 4.9020001221e+02 4.9020001221e+02 4.9020001221e+02 4.9010000610e+02 4.9010000610e+02 4.9010000610e+02 4.9010000610e+02 4.9010000610e+02 4.9000000000e+02 4.8989999390e+02 4.8989999390e+02 4.8989999390e+02 4.8979998779e+02 4.8979998779e+02 4.8970001221e+02 4.8970001221e+02 4.8970001221e+02 4.8970001221e+02 4.8970001221e+02 4.8970001221e+02 4.8970001221e+02 4.8970001221e+02 4.8970001221e+02 4.8970001221e+02 4.8960000610e+02 4.8950000000e+02 4.8939999390e+02 4.8920001221e+02 4.8870001221e+02 4.8820001221e+02 4.8750000000e+02 4.8679998779e+02 4.8620001221e+02 4.8539999390e+02 4.8460000610e+02 4.8389999390e+02 4.8320001221e+02 4.8260000610e+02 4.8200000000e+02
4.9170001221e+02 4.9129998779e+02 4.9110000610e+02 4.9089999390e+02 4.9070001221e+02 4.9050000000e+02 4.9039999390e+02 4.9029998779e+02 4.9029998779e+02 4.9029998779e+02 4.9029998779e+02 4.9020001221e+02 4.9020001221e+02 4.9020001221e+02 4.9020001221e+02 4.9010000610e+02 4.9010000610e+02 4.9000000000e+02 4.9000000000e+02 4.8989999390e+02 4.8989999390e+02 4.8979998779e+02 4.8979998779e+02 4.8979998779e+02 4.8979998779e+02 4.8979998779e+02 4.8970001221e+02 4.8970001221e+02 4.8970001221e+02 4.8970001221e+02 4.8970001221e+02 4.8970001221e+02 4.8960000610e+02 4.8950000000e+02 4.8920001221e+02 4.8870001221e+02 4.8820001221e+02 4.8750000000e+02 4.8679998779e+02 4.8610000610e+02 4.8529998779e+02 4.8450000000e+02 4.8379998779e+02 4.8310000610e+02 4.8250000000e+02 4.8179998779e+02
4.9179998779e+02 4.9129998779e+02 4.9110000610e+02 4.9110000610e+02 4.9089999390e+02 4.9070001221e+02 4.9060000610e+02 4.9050000000e+02 4.9039999390e+02 4.9039999390e+02 4.9039999390e+02 4.9039999390e+02 4.9029998779e+02 4.9029998779e+02 4.9029998779e+02 4.9029998779e+02 4.9020001221e+02 4.9010000610e+02 4.9010000610e+02 4.9010000610e+02 4.9000000000e+02 4.8989999390e+02 4.8989999390e+02 4.8989999390e+02 4.8989999390e+02 4.8989999390e+02 4.8989999390e+02 4.8989999390e+02 4.8979998779e+02 4.8989999390e+02 4.8979998779e+02 4.8979998779e+02 4.8960000610e+02 4.8950000000e+02 4.8929998779e+02 4.8870001221e+02 4.8820001221e+02 4.8750000000e+02 4.8679998779e+02 4.8610000610e+02 4.8520001221e+02 4.8439999390e+02 4.8370001221e+02 4.8300000000e+02 4.8229998779e+02 4.8160000610e+02
4.9210000610e+02 4.9150000000e+02 4.9120001221e+02 4.9110000610e+02 4.9100000000e+02 4.9079998779e+02 4.9070001221e+02 4.9060000610e+02 4.9060000610e+02 4.9060000610e+02 4.9060000610e+02 4.9050000000e+02 4.9050000000e+02 4.9039999390e+02 4.9039999390e+02 4.9039999390e+02 4.9029998779e+02 4.9029998779e+02 4.9020001221e+02 4.9020001221e+02 4.9010000610e+02 4.9010000610e+02 4.9000000000e+02 4.9000000000e+02 4.9000000000e+02 4.9000000000e+02 4.9000000000e+02 4.8989999390e+02 4.8989999390e+02 4.8989999390e+02 4.8989999390e+02 4.8979998779e+02 4.8979998779e+02 4.8960000610e+02 4.8929998779e+02 4.8879998779e+02 4.8820001221e+02 4.8760000610e+02 4.8689999390e+02 4.8610000610e+02 4.8520001221e+02 4.8439999390e+02 4.8370001221e+02 4.8300000000e+02 4.8220001221e+02 4.8160000610e+02
4.9229998779e+02 4.9170001221e+02 4.9139999390e+02 4.9129998779e+02 4.9110000610e+02 4.9100000000e+02 4.9089999390e+02 4.9079998779e+02 4.9070001221e+02 4.9060000610e+02 4.9060000610e+02 4.9060000610e+02 4.9060000610e+02 4.9060000610e+02 4.9060000610e+02 4.9050000000e+02 4.9039999390e+02 4.9039999390e+02 4.9039999390e+02 4.9029998779e+02 4.9020001221e+02 4.9020001221e+02 4.9010000610e+02 4.9010000610e+02 4.9010000610e+02 4.9010000610e+02 4.9010000610e+02 4.9010000610e+02 4.9010000610e+02 4.9010000610e+02 4.9000000000e+02 4.9000000000e+02 4.8989999390e+02 4.8979998779e+02 4.8939999390e+02 4.8879998779e+02 4.8820001221e+02 4.8760000610e+02 4.8679998779e+02 4.8600000000e+02 4.8520001221e+02 4.8439999390e+02 4.8370001221e+02 4.8289999390e+02 4.8220001221e+02 4.8150000000e+02
4.9260000610e+02 4.9189999390e+02 4.9150000000e+02 4.9129998779e+02 4.9129998779e+02 4.9110000610e+02 4.9100000000e+02 4.9089999390e+02 4.9079998779e+02 4.9079998779e+02 4.9070001221e+02 4.9070001221e+02 4.9070001221e+02 4.9070001221e+02 4.9060000610e+02 4.9060000610e+02 4.9060000610e+02 4.9050000000e+02 4.9050000000e+02 4.9039999390e+02 4.9039999390e+02 4.9029998779e+02 4.9029998779e+02 4.9029998779e+02 4.9020001221e+02 4.9020001221e+02 4.9020001221e+02 4.9020001221e+02 4.9020001221e+02 4.9020001221e+02 4.9020001221e+02 4.9020001221e+02 4.9010000610e+02 4.8989999390e+02 4.8950000000e+02 4.8879998779e+02 4.8820001221e+02 4.8750000000e+02 4.8679998779e+02 4.8600000000e+02 4.8520001221e+02 4.8439999390e+02 4.8360000610e+02 4.8289999390e+02 4.8220001221e+02 4.8150000000e+02
4.9289999390e+02 4.9220001221e+02 4.9170001221e+02 4.9139999390e+02 4.9129998779e+02 4.9129998779e+02 4.9110000610e+02 4.9100000000e+02 4.9089999390e+02 4.9089999390e+02 4.9089999390e+02 4.9079998779e+02 4.9079998779e+02 4.9079998779e+02 4.9079998779e+02 4.9070001221e+02 4.9070001221e+02 4.9060000610e+02 4.9060000610e+02 4.9060000610e+02 4.9050000000e+02 4.9039999390e+02 4.9039999390e+02 4.9039999390e+02 4.9039999390e+02 4.9039999390e+02 4.9029998779e+02 4.9029998779e+02 4.9029998779e+02 4.9029998779e+02 4.9039999390e+02 4.9029998779e+02 4.9020001221e+02 4.8989999390e+02 4.8939999390e+02 4.8879998779e+02 4.8820001221e+02 4.8750000000e+02 4.8679998779e+02 4.8600000000e+02 4.8520001221e+02 4.8439999390e+02 4.8360000610e+02 4.8289999390e+02 4.8220001221e+02 4.8160000610e+02
4.9320001221e+02 4.9260000610e+02 4.9200000000e+02 4.9160000610e+02 4.9139999390e+02 4.9129998779e+02 4.9120001221e+02 4.9110000610e+02 4.9100000000e+02 4.9089999390e+02 4.9089999390e+02 4.9089999390e+02 4.9089999390e+02 4.9089999390e+02 4.9079998779e+02 4.9079998779e+02 4.9079998779e+02 4.9070001221e+02 4.9070001221e+02 4.9060000610e+02 4.9060000610e+02 4.9060000610e+02 4.9060000610e+02 4.9050000000e+02 4.9050000000e+02 4.9050000000e+02 4.9039999390e+02 4.9039999390e+02 4.9039999390e+02 4.9050000000e+02 4.9050000000e+02 4.9050000000e+02 4.9029998779e+02 4.8979998779e+02 4.8929998779e+02 4.8879998779e+02 4.8810000610e+02 4.8739999390e+02 4.8670001221e+02 4.8589999390e+02 4.8520001221e+02 4.8439999390e+02 4.8360000610e+02 4.8289999390e+02 4.8220001221e+02 4.8160000610e+02
4.9339999390e+02 4.9279998779e+02 4.9220001221e+02 4.9170001221e+02 4.9139999390e+02 4.9129998779e+02 4.9120001221e+02 4.9110000610e+02 4.9110000610e+02 4.9110000610e+02 4.9100000000e+02 4.9089999390e+02 4.9089999390e+02 4.9089999390e+02 4.9089999390e+02 4.9089999390e+02 4.9089999390e+02 4.9079998779e+02 4.9079998779e+02 4.9079998779e+02 4.9070001221e+02 4.9070001221e+02 4.9070001221e+02 4.9060000610e+02 4.9060000610e+02 4.9060000610e+02 4.9060000610e+02 4.9060000610e+02 4.9060000610e+02 4.9070001221e+02 4.9079998779e+02 4.9079998779e+02 4.9039999390e+02 4.8989999390e+02 4.8939999390e+02 4.8879998779e+02 4.8810000610e+02 4.8739999390e+02 4.8670001221e+02 4.8589999390e+02 4.8520001221e+02 4.8439999390e+02 4.8360000610e+02 4.8289999390e+02 4.8220001221e+02 4.8150000000e+02
4.9360000610e+02 4.9300000000e+02 4.9239999390e+02 4.9189999390e+02 4.9150000000e+02 4.9129998779e+02 4.9120001221e+02 4.9110000610e+02 4.9110000610e+02 4.9110000610e+02 4.9110000610e+02 4.9100000000e+02 4.9100000000e+02 4.9100000000e+02 4.9100000000e+02 4.9089999390e+02 4.9089999390e+02 4.9089999390e+02 4.9089999390e+02 4.9089999390e+02 4.9079998779e+02 4.9079998779e+02 4.9079998779e+02 4.9070001221e+02 4.9070001221e+02 4.9070001221e+02 4.9070001221e+02 4.9070001221e+02 4.9079998779e+02 4.9089999390e+02 4.9100000000e+02 4.9100000000e+02 4.9060000610e+02 4.9000000000e+02 4.8939999390e+02 4.8870001221e+02 4.8800000000e+02 4.8729998779e+02 4.8670001221e+02 4.8589999390e+02 4.8520001221e+02 4.8439999390e+02 4.8360000610e+02 4.8289999390e+02 4.8220001221e+02 4.8150000000e+02
4.9379998779e+02 4.9310000610e+02 4.9260000610e+02 4.9220001221e+02 4.9170001221e+02 4.9129998779e+02 4.9120001221e+02 4.9120001221e+02 4.9120001221e+02 4.9120001221e+02 4.9110000610e+02 4.9110000610e+02 4.9100000000e+02 4.9100000000e+02 4.9100000000e+02 4.9100000000e+02 4.9100000000e+02 4.9089999390e+02 4.9089999390e+02 4.9089999390e+02 4.9089999390e+02 4.9089999390e+02 4.9089999390e+02 4.9079998779e+02 4.9079998779e+02 4.9079998779e+02 4.9079998779e+02 4.9079998779e+02 4.9089999390e+02 4.9100000000e+02 4.9120001221e+02 4.9110000610e+02 4.9070001221e+02 4.9010000610e+02 4.8939999390e+02 4.8870001221e+02 4.8800000000e+02 4.8729998779e+02 4.8660000610e+02 4.8589999390e+02 4.8510000610e+02 4.8439999390e+02 4.8370001221e+02 4.8289999390e+02 4.8220001221e+02 4.8150000000e+02
4.9410000610e+02 4.9329998779e+02 4.9279998779e+02 4.9239999390e+02 4.9189999390e+02 4.9139999390e+02 4.9129998779e+02 4.9120001221e+02 4.9120001221e+02 4.9120001221e+02 4.9110000610e+02 4.9110000610e+02 4.9110000610e+02 4.9110000610e+02 4.9110000610e+02 4.9100000000e+02 4.9100000000e+02 4.9100000000e+02 4.9100000000e+02 4.9100000000e+02 4.9089999390e+02 4.9089999390e+02 4.9089999390e+02 4.9089999390e+02 4.9089999390e+02 4.9089999390e+02 4.9089999390e+02 4.9089999390e+02 4.9100000000e+02 4.9110000610e+02 4.9129998779e+02 4.9120001221e+02 4.9079998779e+02 4.9020001221e+02 4.8950000000e+02 4.8870001221e+02 4.8800000000e+02 4.8729998779e+02 4.8660000610e+02 4.8579998779e+02 4.8500000000e+02 4.8429998779e+02 4.8370001221e+02 4.8289999390e+02 4.8220001221e+02 4.8150000000e+02
