DGM_1M_UPPER_AUSTRIA/39/2.asc
NCOLS 100
NROWS 100
XLLCORNER 6.4050500000e+04
YLLCORNER 2.9508850000e+05
CELLSIZE 1.0000000000e+00
NODATA_VALUE -9.9990000000e+03
[rows 20 to 39 of 100, columns 0 to 45 of 100]
9.1840002441e+02 9.1850000000e+02 9.1850000000e+02 9.1859997559e+02 9.1870001221e+02 9.1879998779e+02 9.1879998779e+02 9.1879998779e+02 9.1879998779e+02 9.1890002441e+02 9.1890002441e+02 9.1900000000e+02 9.1909997559e+02 9.1920001221e+02 9.1929998779e+02 9.1940002441e+02 9.1940002441e+02 9.1959997559e+02 9.1970001221e+02 9.1970001221e+02 9.1970001221e+02 9.1979998779e+02 9.1990002441e+02 9.2000000000e+02 9.2029998779e+02 9.2029998779e+02 9.2029998779e+02 9.2029998779e+02 9.2029998779e+02 9.2040002441e+02 9.2040002441e+02 9.2040002441e+02 9.2029998779e+02 9.2029998779e+02 9.2020001221e+02 9.2009997559e+02 9.2000000000e+02 9.1990002441e+02 9.1990002441e+02 9.1970001221e+02 9.1950000000e+02 9.1929998779e+02 9.1909997559e+02 9.1890002441e+02 9.1870001221e+02 9.1850000000e+02
9.1770001221e+02 9.1770001221e+02 9.1779998779e+02 9.1790002441e+02 9.1790002441e+02 9.1800000000e+02 9.1800000000e+02 9.1800000000e+02 9.1809997559e+02 9.1809997559e+02 9.1820001221e+02 9.1829998779e+02 9.1840002441e+02 9.1840002441e+02 9.1850000000e+02 9.1859997559e+02 9.1870001221e+02 9.1890002441e+02 9.1890002441e+02 9.1900000000e+02 9.1900000000e+02 9.1909997559e+02 9.1920001221e+02 9.1940002441e+02 9.1959997559e+02 9.1970001221e+02 9.1970001221e+02 9.1970001221e+02 9.1970001221e+02 9.1979998779e+02 9.1979998779e+02 9.1979998779e+02 9.1970001221e+02 9.1959997559e+02 9.1959997559e+02 9.1950000000e+02 9.1940002441e+02 9.1929998779e+02 9.1920001221e+02 9.1900000000e+02 9.1879998779e+02 9.1859997559e+02 9.1840002441e+02 9.1809997559e+02 9.1790002441e+02 9.1770001221e+02
9.1700000000e+02 9.1700000000e+02 9.1709997559e+02 9.1720001221e+02 9.1729998779e+02 9.1729998779e+02 9.1729998779e+02 9.1740002441e+02 9.1750000000e+02 9.1750000000e+02 9.1750000000e+02 9.1750000000e+02 9.1759997559e+02 9.1770001221e+02 9.1779998779e+02 9.1790002441e+02 9.1800000000e+02 9.1809997559e+02 9.1829998779e+02 9.1840002441e+02 9.1840002441e+02 9.1850000000e+02 9.1850000000e+02 9.1870001221e+02 9.1879998779e+02 9.1890002441e+02 9.1890002441e+02 9.1900000000e+02 9.1909997559e+02 9.1909997559e+02 9.1909997559e+02 9.1909997559e+02 9.1909997559e+02 9.1900000000e+02 9.1890002441e+02 9.1879998779e+02 9.1870001221e+02 9.1859997559e+02 9.1840002441e+02 9.1820001221e+02 9.1800000000e+02 9.1779998779e+02 9.1759997559e+02 9.1740002441e+02 9.1720001221e+02 9.1700000000e+02
9.1620001221e+02 9.1620001221e+02 9.1629998779e+02 9.1640002441e+02 9.1650000000e+02 9.1659997559e+02 9.1659997559e+02 9.1670001221e+02 9.1670001221e+02 9.1679998779e+02 9.1679998779e+02 9.1690002441e+02 9.1690002441e+02 9.1700000000e+02 9.1700000000e+02 9.1720001221e+02 9.1729998779e+02 9.1750000000e+02 9.1759997559e+02 9.1770001221e+02 9.1770001221e+02 9.1779998779e+02 9.1790002441e+02 9.1790002441e+02 9.1800000000e+02 9.1809997559e+02 9.1829998779e+02 9.1840002441e+02 9.1850000000e+02 9.1850000000e+02 9.1840002441e+02 9.1840002441e+02 9.1840002441e+02 9.1840002441e+02 9.1820001221e+02 9.1809997559e+02 9.1790002441e+02 9.1790002441e+02 9.1770001221e+02 9.1740002441e+02 9.1720001221e+02 9.1709997559e+02 9.1690002441e+02 9.1670001221e+02 9.1650000000e+02 9.1640002441e+02
9.1550000000e+02 9.1550000000e+02 9.1559997559e+02 9.1570001221e+02 9.1579998779e+02 9.1590002441e+02 9.1590002441e+02 9.1590002441e+02 9.1600000000e+02 9.1600000000e+02 9.1609997559e+02 9.1620001221e+02 9.1620001221e+02 9.1629998779e+02 9.1629998779e+02 9.1640002441e+02 9.1659997559e+02 9.1679998779e+02 9.1690002441e+02 9.1700000000e+02 9.1700000000e+02 9.1709997559e+02 9.1720001221e+02 9.1720001221e+02 9.1729998779e+02 9.1740002441e+02 9.1759997559e+02 9.1770001221e+02 9.1779998779e+02 9.1779998779e+02 9.1770001221e+02 9.1759997559e+02 9.1759997559e+02 9.1759997559e+02 9.1750000000e+02 9.1740002441e+02 9.1720001221e+02 9.1709997559e+02 9.1690002441e+02 9.1670001221e+02 9.1650000000e+02 9.1629998779e+02 9.1609997559e+02 9.1590002441e+02 9.1579998779e+02 9.1570001221e+02
9.1470001221e+02 9.1479998779e+02 9.1490002441e+02 9.1500000000e+02 9.1509997559e+02 9.1520001221e+02 9.1520001221e+02 9.1520001221e+02 9.1520001221e+02 9.1529998779e+02 9.1540002441e+02 9.1550000000e+02 9.1559997559e+02 9.1559997559e+02 9.1570001221e+02 9.1570001221e+02 9.1579998779e+02 9.1600000000e+02 9.1620001221e+02 9.1629998779e+02 9.1640002441e+02 9.1640002441e+02 9.1650000000e+02 9.1659997559e+02 9.1670001221e+02 9.1679998779e+02 9.1690002441e+02 9.1700000000e+02 9.1700000000e+02 9.1700000000e+02 9.1690002441e+02 9.1679998779e+02 9.1679998779e+02 9.1679998779e+02 9.1670001221e+02 9.1659997559e+02 9.1640002441e+02 9.1629998779e+02 9.1620001221e+02 9.1590002441e+02 9.1570001221e+02 9.1550000000e+02 9.1540002441e+02 9.1520001221e+02 9.1509997559e+02 9.1500000000e+02
9.1400000000e+02 9.1409997559e+02 9.1420001221e+02 9.1420001221e+02 9.1429998779e+02 9.1440002441e+02 9.1450000000e+02 9.1450000000e+02 9.1450000000e+02 9.1459997559e+02 9.1470001221e+02 9.1479998779e+02 9.1490002441e+02 9.1500000000e+02 9.1500000000e+02 9.1500000000e+02 9.1509997559e+02 9.1529998779e+02 9.1540002441e+02 9.1559997559e+02 9.1570001221e+02 9.1579998779e+02 9.1590002441e+02 9.1590002441e+02 9.1609997559e+02 9.1620001221e+02 9.1629998779e+02 9.1629998779e+02 9.1629998779e+02 9.1629998779e+02 9.1620001221e+02 9.1609997559e+02 9.1609997559e+02 9.1600000000e+02 9.1590002441e+02 9.1570001221e+02 9.1559997559e+02 9.1550000000e+02 9.1529998779e+02 9.1509997559e+02 9.1500000000e+02 9.1479998779e+02 9.1470001221e+02 9.1450000000e+02 9.1440002441e+02 9.1420001221e+02
9.1320001221e+02 9.1329998779e+02 9.1340002441e+02 9.1350000000e+02 9.1359997559e+02 9.1370001221e+02 9.1390002441e+02 9.1390002441e+02 9.1390002441e+02 9.1390002441e+02 9.1400000000e+02 9.1409997559e+02 9.1420001221e+02 9.1429998779e+02 9.1429998779e+02 9.1440002441e+02 9.1450000000e+02 9.1459997559e+02 9.1470001221e+02 9.1479998779e+02 9.1500000000e+02 9.1520001221e+02 9.1529998779e+02 9.1540002441e+02 9.1540002441e+02 9.1550000000e+02 9.1559997559e+02 9.1559997559e+02 9.1570001221e+02 9.1559997559e+02 9.1550000000e+02 9.1540002441e+02 9.1529998779e+02 9.1520001221e+02 9.1509997559e+02 9.1490002441e+02 9.1479998779e+02 9.1470001221e+02 9.1459997559e+02 9.1440002441e+02 9.1420001221e+02 9.1409997559e+02 9.1390002441e+02 9.1379998779e+02 9.1370001221e+02 9.1350000000e+02
9.1250000000e+02 9.1259997559e+02 9.1270001221e+02 9.1270001221e+02 9.1279998779e+02 9.1300000000e+02 9.1309997559e+02 9.1320001221e+02 9.1320001221e+02 9.1329998779e+02 9.1340002441e+02 9.1350000000e+02 9.1350000000e+02 9.1359997559e+02 9.1370001221e+02 9.1370001221e+02 9.1379998779e+02 9.1390002441e+02 9.1400000000e+02 9.1420001221e+02 9.1440002441e+02 9.1459997559e+02 9.1470001221e+02 9.1470001221e+02 9.1479998779e+02 9.1490002441e+02 9.1490002441e+02 9.1500000000e+02 9.1500000000e+02 9.1490002441e+02 9.1479998779e+02 9.1459997559e+02 9.1450000000e+02 9.1440002441e+02 9.1429998779e+02 9.1420001221e+02 9.1409997559e+02 9.1390002441e+02 9.1379998779e+02 9.1370001221e+02 9.1350000000e+02 9.1340002441e+02 9.1320001221e+02 9.1309997559e+02 9.1300000000e+02 9.1279998779e+02
9.1179998779e+02 9.1190002441e+02 9.1190002441e+02 9.1200000000e+02 9.1209997559e+02 9.1220001221e+02 9.1229998779e+02 9.1240002441e+02 9.1250000000e+02 9.1259997559e+02 9.1259997559e+02 9.1270001221e+02 9.1279998779e+02 9.1290002441e+02 9.1300000000e+02 9.1300000000e+02 9.1309997559e+02 9.1320001221e+02 9.1329998779e+02 9.1350000000e+02 9.1370001221e+02 9.1390002441e+02 9.1400000000e+02 9.1400000000e+02 9.1409997559e+02 9.1409997559e+02 9.1420001221e+02 9.1420001221e+02 9.1420001221e+02 9.1420001221e+02 9.1400000000e+02 9.1390002441e+02 9.1379998779e+02 9.1370001221e+02 9.1359997559e+02 9.1340002441e+02 9.1329998779e+02 9.1320001221e+02 9.1309997559e+02 9.1300000000e+02 9.1290002441e+02 9.1270001221e+02 9.1259997559e+02 9.1250000000e+02 9.1229998779e+02 9.1220001221e+02
9.1120001221e+02 9.1120001221e+02 9.1120001221e+02 9.1120001221e+02 9.1129998779e+02 9.1140002441e+02 9.1159997559e+02 9.1159997559e+02 9.1170001221e+02 9.1179998779e+02 9.1190002441e+02 9.1200000000e+02 9.1209997559e+02 9.1220001221e+02 9.1229998779e+02 9.1240002441e+02 9.1240002441e+02 9.1250000000e+02 9.1270001221e+02 9.1279998779e+02 9.1300000000e+02 9.1320001221e+02 9.1329998779e+02 9.1340002441e+02 9.1340002441e+02 9.1340002441e+02 9.1340002441e+02 9.1340002441e+02 9.1350000000e+02 9.1340002441e+02 9.1340002441e+02 9.1320001221e+02 9.1309997559e+02 9.1300000000e+02 9.1279998779e+02 9.1270001221e+02 9.1259997559e+02 9.1250000000e+02 9.1240002441e+02 9.1240002441e+02 9.1220001221e+02 9.1200000000e+02 9.1190002441e+02 9.1179998779e+02 9.1170001221e+02 9.1150000000e+02
9.1050000000e+02 9.1050000000e+02 9.1050000000e+02 9.1059997559e+02 9.1059997559e+02 9.1059997559e+02 9.1079998779e+02 9.1090002441e+02 9.1100000000e+02 9.1109997559e+02 9.1109997559e+02 9.1129998779e+02 9.1140002441e+02 9.1150000000e+02 9.1159997559e+02 9.1170001221e+02 9.1170001221e+02 9.1179998779e+02 9.1190002441e+02 9.1209997559e+02 9.1229998779e+02 9.1240002441e+02 9.1259997559e+02 9.1270001221e+02 9.1270001221e+02 9.1259997559e+02 9.1250000000e+02 9.1259997559e+02 9.1270001221e+02 9.1270001221e+02 9.1259997559e+02 9.1250000000e+02 9.1229998779e+02 9.1220001221e+02 9.1209997559e+02 9.1200000000e+02 9.1179998779e+02 9.1179998779e+02 9.1170001221e+02 9.1159997559e+02 9.1150000000e+02 9.1129998779e+02 9.1120001221e+02 9.1109997559e+02 9.1090002441e+02 9.1070001221e+02
9.0979998779e+02 9.0979998779e+02 9.0990002441e+02 9.0990002441e+02 9.0990002441e+02 9.0990002441e+02 9.1009997559e+02 9.1020001221e+02 9.1029998779e+02 9.1040002441e+02 9.1050000000e+02 9.1059997559e+02 9.1059997559e+02 9.1079998779e+02 9.1090002441e+02 9.1100000000e+02 9.1100000000e+02 9.1109997559e+02 9.1120001221e+02 9.1140002441e+02 9.1159997559e+02 9.1170001221e+02 9.1170001221e+02 9.1179998779e+02 9.1179998779e+02 9.1179998779e+02 9.1179998779e+02 9.1179998779e+02 9.1190002441e+02 9.1190002441e+02 9.1179998779e+02 9.1170001221e+02 9.1159997559e+02 9.1140002441e+02 9.1140002441e+02 9.1120001221e+02 9.1109997559e+02 9.1100000000e+02 9.1090002441e+02 9.1079998779e+02 9.1070001221e+02 9.1059997559e+02 9.1050000000e+02 9.1029998779e+02 9.1020001221e+02 9.1000000000e+02
9.0909997559e+02 9.0909997559e+02 9.0920001221e+02 9.0920001221e+02 9.0920001221e+02 9.0929998779e+02 9.0940002441e+02 9.0959997559e+02 9.0970001221e+02 9.0970001221e+02 9.0979998779e+02 9.0979998779e+02 9.0990002441e+02 9.1009997559e+02 9.1009997559e+02 9.1020001221e+02 9.1029998779e+02 9.1040002441e+02 9.1050000000e+02 9.1059997559e+02 9.1079998779e+02 9.1090002441e+02 9.1100000000e+02 9.1100000000e+02 9.1100000000e+02 9.1100000000e+02 9.1100000000e+02 9.1100000000e+02 9.1100000000e+02 9.1100000000e+02 9.1100000000e+02 9.1090002441e+02 9.1079998779e+02 9.1070001221e+02 9.1059997559e+02 9.1050000000e+02 9.1040002441e+02 9.1029998779e+02 9.1009997559e+02 9.1000000000e+02 9.0990002441e+02 9.0990002441e+02 9.0979998779e+02 9.0959997559e+02 9.0950000000e+02 9.0929998779e+02
9.0850000000e+02 9.0850000000e+02 9.0850000000e+02 9.0850000000e+02 9.0850000000e+02 9.0859997559e+02 9.0879998779e+02 9.0890002441e+02 9.0900000000e+02 9.0909997559e+02 9.0909997559e+02 9.0920001221e+02 9.0920001221e+02 9.0929998779e+02 9.0940002441e+02 9.0950000000e+02 9.0959997559e+02 9.0970001221e+02 9.0979998779e+02 9.0990002441e+02 9.1009997559e+02 9.1009997559e+02 9.1020001221e+02 9.1020001221e+02 9.1029998779e+02 9.1029998779e+02 9.1020001221e+02 9.1020001221e+02 9.1020001221e+02 9.1020001221e+02 9.1020001221e+02 9.1020001221e+02 9.1009997559e+02 9.0990002441e+02 9.0990002441e+02 9.0979998779e+02 9.0970001221e+02 9.0959997559e+02 9.0950000000e+02 9.0940002441e+02 9.0929998779e+02 9.0920001221e+02 9.0909997559e+02 9.0900000000e+02 9.0879998779e+02 9.0870001221e+02
9.0779998779e+02 9.0779998779e+02 9.0779998779e+02 9.0779998779e+02 9.0790002441e+02 9.0790002441e+02 9.0800000000e+02 9.0820001221e+02 9.0829998779e+02 9.0840002441e+02 9.0850000000e+02 9.0850000000e+02 9.0859997559e+02 9.0859997559e+02 9.0870001221e+02 9.0879998779e+02 9.0890002441e+02 9.0900000000e+02 9.0909997559e+02 9.0929998779e+02 9.0940002441e+02 9.0940002441e+02 9.0940002441e+02 9.0950000000e+02 9.0950000000e+02 9.0950000000e+02 9.0950000000e+02 9.0950000000e+02 9.0940002441e+02 9.0940002441e+02 9.0929998779e+02 9.0929998779e+02 9.0920001221e+02 9.0920001221e+02 9.0909997559e+02 9.0909997559e+02 9.0900000000e+02 9.0890002441e+02 9.0890002441e+02 9.0879998779e+02 9.0870001221e+02 9.0850000000e+02 9.0840002441e+02 9.0829998779e+02 9.0809997559e+02 9.0800000000e+02
9.0720001221e+02 9.0720001221e+02 9.0720001221e+02 9.0720001221e+02 9.0720001221e+02 9.0720001221e+02 9.0729998779e+02 9.0750000000e+02 9.0759997559e+02 9.0779998779e+02 9.0779998779e+02 9.0779998779e+02 9.0790002441e+02 9.0790002441e+02 9.0800000000e+02 9.0809997559e+02 9.0820001221e+02 9.0829998779e+02 9.0840002441e+02 9.0859997559e+02 9.0859997559e+02 9.0870001221e+02 9.0870001221e+02 9.0879998779e+02 9.0879998779e+02 9.0879998779e+02 9.0879998779e+02 9.0879998779e+02 9.0870001221e+02 9.0859997559e+02 9.0850000000e+02 9.0850000000e+02 9.0850000000e+02 9.0840002441e+02 9.0840002441e+02 9.0840002441e+02 9.0840002441e+02 9.0829998779e+02 9.0829998779e+02 9.0820001221e+02 9.0800000000e+02 9.0790002441e+02 9.0779998779e+02 9.0759997559e+02 9.0740002441e+02 9.0729998779e+02
9.0640002441e+02 9.0640002441e+02 9.0650000000e+02 9.0650000000e+02 9.0659997559e+02 9.0670001221e+02 9.0670001221e+02 9.0679998779e+02 9.0690002441e+02 9.0709997559e+02 9.0720001221e+02 9.0720001221e+02 9.0729998779e+02 9.0729998779e+02 9.0729998779e+02 9.0740002441e+02 9.0750000000e+02 9.0759997559e+02 9.0779998779e+02 9.0790002441e+02 9.0790002441e+02 9.0800000000e+02 9.0809997559e+02 9.0809997559e+02 9.0809997559e+02 9.0809997559e+02 9.0809997559e+02 9.0809997559e+02 9.0800000000e+02 9.0790002441e+02 9.0779998779e+02 9.0779998779e+02 9.0779998779e+02 9.0779998779e+02 9.0779998779e+02 9.0779998779e+02 9.0779998779e+02 9.0770001221e+02 9.0759997559e+02 9.0750000000e+02 9.0740002441e+02 9.0729998779e+02 9.0720001221e+02 9.0700000000e+02 9.0679998779e+02 9.0650000000e+02
9.0570001221e+02 9.0570001221e+02 9.0579998779e+02 9.0590002441e+02 9.0590002441e+02 9.0609997559e+02 9.0620001221e+02 9.0620001221e+02 9.0629998779e+02 9.0650000000e+02 9.0659997559e+02 9.0659997559e+02 9.0670001221e+02 9.0670001221e+02 9.0670001221e+02 9.0670001221e+02 9.0679998779e+02 9.0690002441e+02 9.0709997559e+02 9.0720001221e+02 9.0720001221e+02 9.0729998779e+02 9.0740002441e+02 9.0750000000e+02 9.0740002441e+02 9.0740002441e+02 9.0740002441e+02 9.0740002441e+02 9.0740002441e+02 9.0729998779e+02 9.0729998779e+02 9.0720001221e+02 9.0720001221e+02 9.0720001221e+02 9.0720001221e+02 9.0709997559e+02 9.0709997559e+02 9.0700000000e+02 9.0690002441e+02 9.0679998779e+02 9.0679998779e+02 9.0670001221e+02 9.0659997559e+02 9.0640002441e+02 9.0609997559e+02 9.0590002441e+02
9.0500000000e+02 9.0509997559e+02 9.0509997559e+02 9.0520001221e+02 9.0529998779e+02 9.0540002441e+02 9.0550000000e+02 9.0550000000e+02 9.0559997559e+02 9.0579998779e+02 9.0590002441e+02 9.0590002441e+02 9.0590002441e+02 9.0600000000e+02 9.0609997559e+02 9.0609997559e+02 9.0629998779e+02 9.0640002441e+02 9.0640002441e+02 9.0650000000e+02 9.0659997559e+02 9.0670001221e+02 9.0670001221e+02 9.0670001221e+02 9.0679998779e+02 9.0670001221e+02 9.0670001221e+02 9.0670001221e+02 9.0670001221e+02 9.0670001221e+02 9.0659997559e+02 9.0659997559e+02 9.0659997559e+02 9.0659997559e+02 9.0659997559e+02 9.0650000000e+02 9.0640002441e+02 9.0640002441e+02 9.0629998779e+02 9.0620001221e+02 9.0609997559e+02 9.0600000000e+02 9.0590002441e+02 9.0579998779e+02 9.0559997559e+02 9.0529998779e+02
