DGM_1M_UPPER_AUSTRIA/39/2.asc
NCOLS 100
NROWS 100
XLLCORNER 6.4050500000e+04
YLLCORNER 2.9508850000e+05
CELLSIZE 1.0000000000e+00
NODATA_VALUE -9.9990000000e+03
[rows 80 to 99 of 100, columns 46 to 91 of 100]
8.7950000000e+02 8.7940002441e+02 8.7940002441e+02 8.7940002441e+02 8.7940002441e+02 8.7940002441e+02 8.7929998779e+02 8.7920001221e+02 8.7909997559e+02 8.7909997559e+02 8.7890002441e+02 8.7879998779e+02 8.7879998779e+02 8.7870001221e+02 8.7859997559e+02 8.7850000000e+02 8.7859997559e+02 8.7859997559e+02 8.7859997559e+02 8.7870001221e+02 8.7870001221e+02 8.7870001221e+02 8.7870001221e+02 8.7870001221e+02 8.7870001221e+02 8.7879998779e+02 8.7879998779e+02 8.7879998779e+02 8.7879998779e+02 8.7879998779e+02 8.7870001221e+02 8.7870001221e+02 8.7870001221e+02 8.7879998779e+02 8.7870001221e+02 8.7879998779e+02 8.7879998779e+02 8.7879998779e+02 8.7879998779e+02 8.7870001221e+02 8.7879998779e+02 8.7879998779e+02 8.7890002441e+02 8.7890002441e+02 8.7879998779e+02 8.7879998779e+02
8.7879998779e+02 8.7879998779e+02 8.7879998779e+02 8.7879998779e+02 8.7879998779e+02 8.7879998779e+02 8.7870001221e+02 8.7859997559e+02 8.7859997559e+02 8.7850000000e+02 8.7840002441e+02 8.7820001221e+02 8.7809997559e+02 8.7809997559e+02 8.7800000000e+02 8.7790002441e+02 8.7790002441e+02 8.7800000000e+02 8.7800000000e+02 8.7800000000e+02 8.7800000000e+02 8.7809997559e+02 8.7809997559e+02 8.7820001221e+02 8.7820001221e+02 8.7820001221e+02 8.7820001221e+02 8.7820001221e+02 8.7820001221e+02 8.7820001221e+02 8.7809997559e+02 8.7809997559e+02 8.7809997559e+02 8.7820001221e+02 8.7820001221e+02 8.7820001221e+02 8.7829998779e+02 8.7829998779e+02 8.7829998779e+02 8.7820001221e+02 8.7820001221e+02 8.7820001221e+02 8.7829998779e+02 8.7829998779e+02 8.7820001221e+02 8.7809997559e+02
8.7820001221e+02 8.7809997559e+02 8.7809997559e+02 8.7809997559e+02 8.7809997559e+02 8.7809997559e+02 8.7809997559e+02 8.7800000000e+02 8.7800000000e+02 8.7800000000e+02 8.7800000000e+02 8.7779998779e+02 8.7759997559e+02 8.7740002441e+02 8.7729998779e+02 8.7729998779e+02 8.7729998779e+02 8.7729998779e+02 8.7740002441e+02 8.7750000000e+02 8.7750000000e+02 8.7750000000e+02 8.7750000000e+02 8.7750000000e+02 8.7750000000e+02 8.7750000000e+02 8.7750000000e+02 8.7750000000e+02 8.7750000000e+02 8.7750000000e+02 8.7750000000e+02 8.7750000000e+02 8.7750000000e+02 8.7759997559e+02 8.7759997559e+02 8.7759997559e+02 8.7770001221e+02 8.7770001221e+02 8.7779998779e+02 8.7779998779e+02 8.7779998779e+02 8.7770001221e+02 8.7779998779e+02 8.7770001221e+02 8.7770001221e+02 8.7759997559e+02
8.7759997559e+02 8.7750000000e+02 8.7750000000e+02 8.7750000000e+02 8.7750000000e+02 8.7750000000e+02 8.7750000000e+02 8.7750000000e+02 8.7740002441e+02 8.7740002441e+02 8.7740002441e+02 8.7720001221e+02 8.7700000000e+02 8.7690002441e+02 8.7679998779e+02 8.7679998779e+02 8.7679998779e+02 8.7679998779e+02 8.7679998779e+02 8.7679998779e+02 8.7679998779e+02 8.7679998779e+02 8.7679998779e+02 8.7670001221e+02 8.7679998779e+02 8.7679998779e+02 8.7690002441e+02 8.7690002441e+02 8.7700000000e+02 8.7700000000e+02 8.7700000000e+02 8.7700000000e+02 8.7690002441e+02 8.7700000000e+02 8.7700000000e+02 8.7709997559e+02 8.7720001221e+02 8.7720001221e+02 8.7729998779e+02 8.7729998779e+02 8.7720001221e+02 8.7720001221e+02 8.7720001221e+02 8.7709997559e+02 8.7709997559e+02 8.7700000000e+02
8.7700000000e+02 8.7700000000e+02 8.7690002441e+02 8.7679998779e+02 8.7679998779e+02 8.7679998779e+02 8.7679998779e+02 8.7679998779e+02 8.7679998779e+02 8.7670001221e+02 8.7670001221e+02 8.7659997559e+02 8.7650000000e+02 8.7640002441e+02 8.7629998779e+02 8.7629998779e+02 8.7629998779e+02 8.7629998779e+02 8.7629998779e+02 8.7620001221e+02 8.7620001221e+02 8.7620001221e+02 8.7609997559e+02 8.7600000000e+02 8.7600000000e+02 8.7609997559e+02 8.7620001221e+02 8.7629998779e+02 8.7640002441e+02 8.7640002441e+02 8.7640002441e+02 8.7640002441e+02 8.7629998779e+02 8.7640002441e+02 8.7650000000e+02 8.7659997559e+02 8.7670001221e+02 8.7670001221e+02 8.7670001221e+02 8.7670001221e+02 8.7670001221e+02 8.7659997559e+02 8.7650000000e+02 8.7650000000e+02 8.7650000000e+02 8.7640002441e+02
8.7640002441e+02 8.7640002441e+02 8.7629998779e+02 8.7620001221e+02 8.7609997559e+02 8.7609997559e+02 8.7620001221e+02 8.7620001221e+02 8.7609997559e+02 8.7609997559e+02 8.7609997559e+02 8.7600000000e+02 8.7600000000e+02 8.7590002441e+02 8.7590002441e+02 8.7590002441e+02 8.7579998779e+02 8.7579998779e+02 8.7570001221e+02 8.7559997559e+02 8.7559997559e+02 8.7550000000e+02 8.7540002441e+02 8.7529998779e+02 8.7540002441e+02 8.7550000000e+02 8.7559997559e+02 8.7570001221e+02 8.7579998779e+02 8.7579998779e+02 8.7579998779e+02 8.7579998779e+02 8.7570001221e+02 8.7579998779e+02 8.7600000000e+02 8.7609997559e+02 8.7620001221e+02 8.7620001221e+02 8.7620001221e+02 8.7620001221e+02 8.7609997559e+02 8.7600000000e+02 8.7600000000e+02 8.7590002441e+02 8.7590002441e+02 8.7579998779e+02
8.7590002441e+02 8.7579998779e+02 8.7579998779e+02 8.7570001221e+02 8.7550000000e+02 8.7550000000e+02 8.7550000000e+02 8.7550000000e+02 8.7550000000e+02 8.7550000000e+02 8.7550000000e+02 8.7550000000e+02 8.7540002441e+02 8.7540002441e+02 8.7540002441e+02 8.7529998779e+02 8.7529998779e+02 8.7520001221e+02 8.7509997559e+02 8.7509997559e+02 8.7490002441e+02 8.7479998779e+02 8.7470001221e+02 8.7470001221e+02 8.7479998779e+02 8.7490002441e+02 8.7500000000e+02 8.7520001221e+02 8.7520001221e+02 8.7520001221e+02 8.7520001221e+02 8.7520001221e+02 8.7520001221e+02 8.7520001221e+02 8.7540002441e+02 8.7559997559e+02 8.7559997559e+02 8.7550000000e+02 8.7540002441e+02 8.7550000000e+02 8.7550000000e+02 8.7540002441e+02 8.7529998779e+02 8.7529998779e+02 8.7529998779e+02 8.7529998779e+02
8.7529998779e+02 8.7529998779e+02 8.7520001221e+02 8.7509997559e+02 8.7500000000e+02 8.7490002441e+02 8.7490002441e+02 8.7490002441e+02 8.7490002441e+02 8.7490002441e+02 8.7490002441e+02 8.7479998779e+02 8.7479998779e+02 8.7479998779e+02 8.7479998779e+02 8.7479998779e+02 8.7470001221e+02 8.7459997559e+02 8.7450000000e+02 8.7450000000e+02 8.7440002441e+02 8.7420001221e+02 8.7420001221e+02 8.7429998779e+02 8.7440002441e+02 8.7450000000e+02 8.7459997559e+02 8.7459997559e+02 8.7459997559e+02 8.7470001221e+02 8.7470001221e+02 8.7459997559e+02 8.7459997559e+02 8.7459997559e+02 8.7470001221e+02 8.7490002441e+02 8.7490002441e+02 8.7470001221e+02 8.7459997559e+02 8.7470001221e+02 8.7470001221e+02 8.7470001221e+02 8.7470001221e+02 8.7470001221e+02 8.7479998779e+02 8.7470001221e+02
8.7479998779e+02 8.7479998779e+02 8.7470001221e+02 8.7459997559e+02 8.7440002441e+02 8.7440002441e+02 8.7429998779e+02 8.7429998779e+02 8.7429998779e+02 8.7429998779e+02 8.7420001221e+02 8.7420001221e+02 8.7409997559e+02 8.7409997559e+02 8.7409997559e+02 8.7409997559e+02 8.7409997559e+02 8.7400000000e+02 8.7390002441e+02 8.7379998779e+02 8.7379998779e+02 8.7379998779e+02 8.7370001221e+02 8.7379998779e+02 8.7390002441e+02 8.7400000000e+02 8.7409997559e+02 8.7409997559e+02 8.7409997559e+02 8.7409997559e+02 8.7409997559e+02 8.7409997559e+02 8.7409997559e+02 8.7400000000e+02 8.7409997559e+02 8.7409997559e+02 8.7409997559e+02 8.7400000000e+02 8.7400000000e+02 8.7409997559e+02 8.7409997559e+02 8.7409997559e+02 8.7409997559e+02 8.7420001221e+02 8.7420001221e+02 8.7409997559e+02
8.7409997559e+02 8.7420001221e+02 8.7409997559e+02 8.7409997559e+02 8.7400000000e+02 8.7390002441e+02 8.7390002441e+02 8.7379998779e+02 8.7379998779e+02 8.7370001221e+02 8.7359997559e+02 8.7340002441e+02 8.7329998779e+02 8.7329998779e+02 8.7329998779e+02 8.7340002441e+02 8.7350000000e+02 8.7340002441e+02 8.7340002441e+02 8.7329998779e+02 8.7329998779e+02 8.7329998779e+02 8.7329998779e+02 8.7340002441e+02 8.7340002441e+02 8.7350000000e+02 8.7350000000e+02 8.7350000000e+02 8.7350000000e+02 8.7370001221e+02 8.7359997559e+02 8.7359997559e+02 8.7350000000e+02 8.7350000000e+02 8.7350000000e+02 8.7350000000e+02 8.7350000000e+02 8.7340002441e+02 8.7350000000e+02 8.7359997559e+02 8.7359997559e+02 8.7359997559e+02 8.7359997559e+02 8.7359997559e+02 8.7359997559e+02 8.7359997559e+02
8.7350000000e+02 8.7350000000e+02 8.7350000000e+02 8.7350000000e+02 8.7340002441e+02 8.7340002441e+02 8.7340002441e+02 8.7329998779e+02 8.7320001221e+02 8.7309997559e+02 8.7300000000e+02 8.7279998779e+02 8.7259997559e+02 8.7259997559e+02 8.7270001221e+02 8.7279998779e+02 8.7290002441e+02 8.7290002441e+02 8.7279998779e+02 8.7279998779e+02 8.7279998779e+02 8.7279998779e+02 8.7279998779e+02 8.7279998779e+02 8.7279998779e+02 8.7279998779e+02 8.7279998779e+02 8.7290002441e+02 8.7290002441e+02 8.7300000000e+02 8.7300000000e+02 8.7300000000e+02 8.7290002441e+02 8.7290002441e+02 8.7300000000e+02 8.7300000000e+02 8.7290002441e+02 8.7290002441e+02 8.7290002441e+02 8.7300000000e+02 8.7300000000e+02 8.7300000000e+02 8.7309997559e+02 8.7309997559e+02 8.7300000000e+02 8.7300000000e+02
8.7290002441e+02 8.7290002441e+02 8.7290002441e+02 8.7290002441e+02 8.7279998779e+02 8.7279998779e+02 8.7279998779e+02 8.7270001221e+02 8.7259997559e+02 8.7250000000e+02 8.7240002441e+02 8.7220001221e+02 8.7209997559e+02 8.7209997559e+02 8.7209997559e+02 8.7220001221e+02 8.7229998779e+02 8.7240002441e+02 8.7240002441e+02 8.7229998779e+02 8.7229998779e+02 8.7220001221e+02 8.7220001221e+02 8.7220001221e+02 8.7229998779e+02 8.7220001221e+02 8.7220001221e+02 8.7220001221e+02 8.7229998779e+02 8.7240002441e+02 8.7240002441e+02 8.7240002441e+02 8.7229998779e+02 8.7240002441e+02 8.7240002441e+02 8.7240002441e+02 8.7240002441e+02 8.7240002441e+02 8.7240002441e+02 8.7250000000e+02 8.7250000000e+02 8.7250000000e+02 8.7250000000e+02 8.7250000000e+02 8.7240002441e+02 8.7250000000e+02
8.7229998779e+02 8.7229998779e+02 8.7229998779e+02 8.7229998779e+02 8.7229998779e+02 8.7220001221e+02 8.7200000000e+02 8.7200000000e+02 8.7200000000e+02 8.7190002441e+02 8.7190002441e+02 8.7170001221e+02 8.7159997559e+02 8.7159997559e+02 8.7170001221e+02 8.7170001221e+02 8.7170001221e+02 8.7179998779e+02 8.7179998779e+02 8.7170001221e+02 8.7159997559e+02 8.7159997559e+02 8.7150000000e+02 8.7159997559e+02 8.7159997559e+02 8.7159997559e+02 8.7159997559e+02 8.7159997559e+02 8.7159997559e+02 8.7170001221e+02 8.7179998779e+02 8.7179998779e+02 8.7179998779e+02 8.7179998779e+02 8.7179998779e+02 8.7179998779e+02 8.7179998779e+02 8.7190002441e+02 8.7190002441e+02 8.7190002441e+02 8.7190002441e+02 8.7190002441e+02 8.7190002441e+02 8.7190002441e+02 8.7179998779e+02 8.7190002441e+02
8.7159997559e+02 8.7170001221e+02 8.7170001221e+02 8.7170001221e+02 8.7159997559e+02 8.7150000000e+02 8.7150000000e+02 8.7140002441e+02 8.7129998779e+02 8.7129998779e+02 8.7129998779e+02 8.7120001221e+02 8.7120001221e+02 8.7120001221e+02 8.7120001221e+02 8.7109997559e+02 8.7100000000e+02 8.7100000000e+02 8.7100000000e+02 8.7100000000e+02 8.7100000000e+02 8.7100000000e+02 8.7090002441e+02 8.7100000000e+02 8.7109997559e+02 8.7109997559e+02 8.7109997559e+02 8.7109997559e+02 8.7109997559e+02 8.7120001221e+02 8.7120001221e+02 8.7120001221e+02 8.7129998779e+02 8.7129998779e+02 8.7129998779e+02 8.7120001221e+02 8.7120001221e+02 8.7120001221e+02 8.7120001221e+02 8.7129998779e+02 8.7129998779e+02 8.7140002441e+02 8.7140002441e+02 8.7120001221e+02 8.7120001221e+02 8.7129998779e+02
8.7100000000e+02 8.7120001221e+02 8.7120001221e+02 8.7109997559e+02 8.7109997559e+02 8.7100000000e+02 8.7090002441e+02 8.7079998779e+02 8.7079998779e+02 8.7070001221e+02 8.7070001221e+02 8.7070001221e+02 8.7070001221e+02 8.7070001221e+02 8.7070001221e+02 8.7059997559e+02 8.7040002441e+02 8.7029998779e+02 8.7029998779e+02 8.7029998779e+02 8.7040002441e+02 8.7040002441e+02 8.7029998779e+02 8.7040002441e+02 8.7050000000e+02 8.7050000000e+02 8.7050000000e+02 8.7050000000e+02 8.7059997559e+02 8.7070001221e+02 8.7070001221e+02 8.7070001221e+02 8.7070001221e+02 8.7070001221e+02 8.7070001221e+02 8.7059997559e+02 8.7059997559e+02 8.7059997559e+02 8.7059997559e+02 8.7059997559e+02 8.7059997559e+02 8.7070001221e+02 8.7070001221e+02 8.7059997559e+02 8.7059997559e+02 8.7070001221e+02
8.7059997559e+02 8.7059997559e+02 8.7059997559e+02 8.7059997559e+02 8.7050000000e+02 8.7050000000e+02 8.7040002441e+02 8.7029998779e+02 8.7029998779e+02 8.7029998779e+02 8.7020001221e+02 8.7009997559e+02 8.7009997559e+02 8.7009997559e+02 8.7009997559e+02 8.7000000000e+02 8.6979998779e+02 8.6959997559e+02 8.6959997559e+02 8.6970001221e+02 8.6979998779e+02 8.6990002441e+02 8.6979998779e+02 8.6979998779e+02 8.6990002441e+02 8.7000000000e+02 8.7000000000e+02 8.7000000000e+02 8.7009997559e+02 8.7020001221e+02 8.7020001221e+02 8.7020001221e+02 8.7020001221e+02 8.7009997559e+02 8.7009997559e+02 8.7009997559e+02 8.7009997559e+02 8.7000000000e+02 8.7009997559e+02 8.7020001221e+02 8.7009997559e+02 8.7009997559e+02 8.7020001221e+02 8.7009997559e+02 8.7000000000e+02 8.7009997559e+02
8.7000000000e+02 8.6990002441e+02 8.7000000000e+02 8.7000000000e+02 8.7000000000e+02 8.7000000000e+02 8.6990002441e+02 8.6990002441e+02 8.6979998779e+02 8.6979998779e+02 8.6970001221e+02 8.6970001221e+02 8.6970001221e+02 8.6959997559e+02 8.6950000000e+02 8.6950000000e+02 8.6929998779e+02 8.6909997559e+02 8.6909997559e+02 8.6920001221e+02 8.6929998779e+02 8.6929998779e+02 8.6929998779e+02 8.6929998779e+02 8.6940002441e+02 8.6940002441e+02 8.6950000000e+02 8.6950000000e+02 8.6959997559e+02 8.6959997559e+02 8.6959997559e+02 8.6959997559e+02 8.6959997559e+02 8.6959997559e+02 8.6959997559e+02 8.6959997559e+02 8.6959997559e+02 8.6950000000e+02 8.6959997559e+02 8.6959997559e+02 8.6959997559e+02 8.6950000000e+02 8.6950000000e+02 8.6940002441e+02 8.6940002441e+02 8.6940002441e+02
8.6929998779e+02 8.6929998779e+02 8.6940002441e+02 8.6950000000e+02 8.6940002441e+02 8.6950000000e+02 8.6940002441e+02 8.6929998779e+02 8.6920001221e+02 8.6920001221e+02 8.6909997559e+02 8.6909997559e+02 8.6909997559e+02 8.6909997559e+02 8.6900000000e+02 8.6890002441e+02 8.6879998779e+02 8.6859997559e+02 8.6859997559e+02 8.6859997559e+02 8.6870001221e+02 8.6879998779e+02 8.6879998779e+02 8.6879998779e+02 8.6890002441e+02 8.6890002441e+02 8.6890002441e+02 8.6890002441e+02 8.6900000000e+02 8.6909997559e+02 8.6900000000e+02 8.6900000000e+02 8.6909997559e+02 8.6909997559e+02 8.6900000000e+02 8.6900000000e+02 8.6900000000e+02 8.6890002441e+02 8.6890002441e+02 8.6900000000e+02 8.6890002441e+02 8.6890002441e+02 8.6879998779e+02 8.6879998779e+02 8.6879998779e+02 8.6870001221e+02
8.6879998779e+02 8.6870001221e+02 8.6870001221e+02 8.6879998779e+02 8.6879998779e+02 8.6879998779e+02 8.6879998779e+02 8.6870001221e+02 8.6859997559e+02 8.6859997559e+02 8.6850000000e+02 8.6850000000e+02 8.6850000000e+02 8.6850000000e+02 8.6850000000e+02 8.6840002441e+02 8.6829998779e+02 8.6820001221e+02 8.6820001221e+02 8.6820001221e+02 8.6820001221e+02 8.6820001221e+02 8.6820001221e+02 8.6829998779e+02 8.6840002441e+02 8.6840002441e+02 8.6840002441e+02 8.6829998779e+02 8.6840002441e+02 8.6840002441e+02 8.6840002441e+02 8.6840002441e+02 8.6850000000e+02 8.6850000000e+02 8.6840002441e+02 8.6829998779e+02 8.6829998779e+02 8.6820001221e+02 8.6829998779e+02 8.6829998779e+02 8.6820001221e+02 8.6820001221e+02 8.6809997559e+02 8.6809997559e+02 8.6809997559e+02 8.6800000000e+02
8.6820001221e+02 8.6809997559e+02 8.6809997559e+02 8.6809997559e+02 8.6809997559e+02 8.6820001221e+02 8.6809997559e+02 8.6809997559e+02 8.6800000000e+02 8.6790002441e+02 8.6790002441e+02 8.6800000000e+02 8.6800000000e+02 8.6790002441e+02 8.6790002441e+02 8.6790002441e+02 8.6790002441e+02 8.6779998779e+02 8.6779998779e+02 8.6770001221e+02 8.6770001221e+02 8.6770001221e+02 8.6770001221e+02 8.6770001221e+02 8.6779998779e+02 8.6779998779e+02 8.6779998779e+02 8.6779998779e+02 8.6779998779e+02 8.6779998779e+02 8.6779998779e+02 8.6790002441e+02 8.6790002441e+02 8.6790002441e+02 8.6779998779e+02 8.6779998779e+02 8.6770001221e+02 8.6770001221e+02 8.6770001221e+02 8.6770001221e+02 8.6759997559e+02 8.6750000000e+02 8.6750000000e+02 8.6740002441e+02 8.6740002441e+02 8.6740002441e+02
