DGM_1M_UPPER_AUSTRIA/39/2.asc
NCOLS 100
NROWS 100
XLLCORNER 6.4050500000e+04
YLLCORNER 2.9508850000e+05
CELLSIZE 1.0000000000e+00
NODATA_VALUE -9.9990000000e+03
[rows 0 to 19 of 100, columns 46 to 91 of 100]
9.3300000000e+02 9.3279998779e+02 9.3259997559e+02 9.3240002441e+02 9.3220001221e+02 9.3190002441e+02 9.3170001221e+02 9.3140002441e+02 9.3120001221e+02 9.3100000000e+02 9.3070001221e+02 9.3040002441e+02 9.3000000000e+02 9.2970001221e+02 9.2940002441e+02 9.2909997559e+02 9.2890002441e+02 9.2859997559e+02 9.2829998779e+02 9.2809997559e+02 9.2790002441e+02 9.2770001221e+02 9.2750000000e+02 9.2729998779e+02 9.2700000000e+02 9.2679998779e+02 9.2659997559e+02 9.2650000000e+02 9.2640002441e+02 9.2609997559e+02 9.2590002441e+02 9.2570001221e+02 9.2540002441e+02 9.2509997559e+02 9.2479998779e+02 9.2459997559e+02 9.2450000000e+02 9.2450000000e+02 9.2450000000e+02 9.2440002441e+02 9.2420001221e+02 9.2409997559e+02 9.2400000000e+02 9.2379998779e+02 9.2359997559e+02 9.2350000000e+02
9.3220001221e+02 9.3200000000e+02 9.3190002441e+02 9.3170001221e+02 9.3150000000e+02 9.3120001221e+02 9.3100000000e+02 9.3079998779e+02 9.3050000000e+02 9.3029998779e+02 9.3000000000e+02 9.2959997559e+02 9.2929998779e+02 9.2900000000e+02 9.2870001221e+02 9.2840002441e+02 9.2809997559e+02 9.2790002441e+02 9.2759997559e+02 9.2750000000e+02 9.2720001221e+02 9.2700000000e+02 9.2679998779e+02 9.2659997559e+02 9.2629998779e+02 9.2609997559e+02 9.2600000000e+02 9.2579998779e+02 9.2559997559e+02 9.2540002441e+02 9.2509997559e+02 9.2490002441e+02 9.2459997559e+02 9.2440002441e+02 9.2409997559e+02 9.2400000000e+02 9.2390002441e+02 9.2379998779e+02 9.2379998779e+02 9.2370001221e+02 9.2359997559e+02 9.2359997559e+02 9.2350000000e+02 9.2329998779e+02 9.2309997559e+02 9.2300000000e+02
9.3150000000e+02 9.3129998779e+02 9.3120001221e+02 9.3100000000e+02 9.3079998779e+02 9.3050000000e+02 9.3029998779e+02 9.3000000000e+02 9.2979998779e+02 9.2959997559e+02 9.2929998779e+02 9.2890002441e+02 9.2859997559e+02 9.2829998779e+02 9.2800000000e+02 9.2770001221e+02 9.2740002441e+02 9.2720001221e+02 9.2700000000e+02 9.2679998779e+02 9.2659997559e+02 9.2640002441e+02 9.2609997559e+02 9.2590002441e+02 9.2570001221e+02 9.2550000000e+02 9.2529998779e+02 9.2509997559e+02 9.2490002441e+02 9.2470001221e+02 9.2450000000e+02 9.2420001221e+02 9.2390002441e+02 9.2370001221e+02 9.2350000000e+02 9.2340002441e+02 9.2329998779e+02 9.2320001221e+02 9.2309997559e+02 9.2309997559e+02 9.2300000000e+02 9.2300000000e+02 9.2290002441e+02 9.2279998779e+02 9.2259997559e+02 9.2240002441e+02
9.3079998779e+02 9.3059997559e+02 9.3050000000e+02 9.3029998779e+02 9.3000000000e+02 9.2979998779e+02 9.2950000000e+02 9.2929998779e+02 9.2909997559e+02 9.2879998779e+02 9.2850000000e+02 9.2820001221e+02 9.2790002441e+02 9.2759997559e+02 9.2740002441e+02 9.2709997559e+02 9.2679998779e+02 9.2659997559e+02 9.2640002441e+02 9.2620001221e+02 9.2600000000e+02 9.2570001221e+02 9.2550000000e+02 9.2529998779e+02 9.2509997559e+02 9.2490002441e+02 9.2459997559e+02 9.2440002441e+02 9.2409997559e+02 9.2400000000e+02 9.2379998779e+02 9.2359997559e+02 9.2340002441e+02 9.2320001221e+02 9.2300000000e+02 9.2290002441e+02 9.2270001221e+02 9.2270001221e+02 9.2259997559e+02 9.2250000000e+02 9.2240002441e+02 9.2229998779e+02 9.2220001221e+02 9.2200000000e+02 9.2190002441e+02 9.2170001221e+02
9.3020001221e+02 9.3000000000e+02 9.2979998779e+02 9.2959997559e+02 9.2929998779e+02 9.2909997559e+02 9.2890002441e+02 9.2859997559e+02 9.2840002441e+02 9.2809997559e+02 9.2770001221e+02 9.2740002441e+02 9.2709997559e+02 9.2679998779e+02 9.2659997559e+02 9.2640002441e+02 9.2620001221e+02 9.2590002441e+02 9.2570001221e+02 9.2540002441e+02 9.2520001221e+02 9.2500000000e+02 9.2479998779e+02 9.2470001221e+02 9.2450000000e+02 9.2420001221e+02 9.2390002441e+02 9.2370001221e+02 9.2350000000e+02 9.2329998779e+02 9.2309997559e+02 9.2300000000e+02 9.2279998779e+02 9.2259997559e+02 9.2250000000e+02 9.2229998779e+02 9.2209997559e+02 9.2209997559e+02 9.2200000000e+02 9.2190002441e+02 9.2179998779e+02 9.2170001221e+02 9.2140002441e+02 9.2140002441e+02 9.2120001221e+02 9.2109997559e+02
9.2959997559e+02 9.2940002441e+02 9.2909997559e+02 9.2890002441e+02 9.2870001221e+02 9.2840002441e+02 9.2820001221e+02 9.2800000000e+02 9.2770001221e+02 9.2740002441e+02 9.2700000000e+02 9.2670001221e+02 9.2640002441e+02 9.2609997559e+02 9.2590002441e+02 9.2570001221e+02 9.2540002441e+02 9.2520001221e+02 9.2490002441e+02 9.2470001221e+02 9.2440002441e+02 9.2420001221e+02 9.2409997559e+02 9.2400000000e+02 9.2379998779e+02 9.2350000000e+02 9.2329998779e+02 9.2300000000e+02 9.2279998779e+02 9.2259997559e+02 9.2250000000e+02 9.2229998779e+02 9.2209997559e+02 9.2200000000e+02 9.2179998779e+02 9.2159997559e+02 9.2159997559e+02 9.2150000000e+02 9.2140002441e+02 9.2120001221e+02 9.2109997559e+02 9.2100000000e+02 9.2070001221e+02 9.2070001221e+02 9.2059997559e+02 9.2050000000e+02
9.2890002441e+02 9.2870001221e+02 9.2840002441e+02 9.2820001221e+02 9.2800000000e+02 9.2779998779e+02 9.2750000000e+02 9.2720001221e+02 9.2690002441e+02 9.2670001221e+02 9.2640002441e+02 9.2600000000e+02 9.2579998779e+02 9.2559997559e+02 9.2529998779e+02 9.2500000000e+02 9.2470001221e+02 9.2440002441e+02 9.2420001221e+02 9.2390002441e+02 9.2370001221e+02 9.2350000000e+02 9.2340002441e+02 9.2320001221e+02 9.2300000000e+02 9.2279998779e+02 9.2259997559e+02 9.2240002441e+02 9.2220001221e+02 9.2200000000e+02 9.2179998779e+02 9.2159997559e+02 9.2150000000e+02 9.2129998779e+02 9.2109997559e+02 9.2109997559e+02 9.2100000000e+02 9.2090002441e+02 9.2070001221e+02 9.2059997559e+02 9.2040002441e+02 9.2020001221e+02 9.2009997559e+02 9.2009997559e+02 9.2000000000e+02 9.2000000000e+02
9.2809997559e+02 9.2790002441e+02 9.2759997559e+02 9.2750000000e+02 9.2729998779e+02 9.2700000000e+02 9.2670001221e+02 9.2640002441e+02 9.2620001221e+02 9.2590002441e+02 9.2570001221e+02 9.2550000000e+02 9.2529998779e+02 9.2500000000e+02 9.2470001221e+02 9.2429998779e+02 9.2400000000e+02 9.2370001221e+02 9.2340002441e+02 9.2320001221e+02 9.2300000000e+02 9.2279998779e+02 9.2270001221e+02 9.2250000000e+02 9.2229998779e+02 9.2209997559e+02 9.2200000000e+02 9.2179998779e+02 9.2150000000e+02 9.2129998779e+02 9.2109997559e+02 9.2090002441e+02 9.2079998779e+02 9.2059997559e+02 9.2050000000e+02 9.2040002441e+02 9.2029998779e+02 9.2020001221e+02 9.2000000000e+02 9.1990002441e+02 9.1970001221e+02 9.1970001221e+02 9.1959997559e+02 9.1950000000e+02 9.1950000000e+02 9.1940002441e+02
9.2729998779e+02 9.2709997559e+02 9.2690002441e+02 9.2670001221e+02 9.2650000000e+02 9.2620001221e+02 9.2590002441e+02 9.2559997559e+02 9.2540002441e+02 9.2520001221e+02 9.2500000000e+02 9.2479998779e+02 9.2459997559e+02 9.2429998779e+02 9.2400000000e+02 9.2359997559e+02 9.2329998779e+02 9.2300000000e+02 9.2270001221e+02 9.2240002441e+02 9.2240002441e+02 9.2220001221e+02 9.2200000000e+02 9.2179998779e+02 9.2159997559e+02 9.2140002441e+02 9.2120001221e+02 9.2100000000e+02 9.2079998779e+02 9.2059997559e+02 9.2040002441e+02 9.2029998779e+02 9.2020001221e+02 9.2000000000e+02 9.1990002441e+02 9.1970001221e+02 9.1959997559e+02 9.1950000000e+02 9.1940002441e+02 9.1920001221e+02 9.1920001221e+02 9.1909997559e+02 9.1900000000e+02 9.1900000000e+02 9.1890002441e+02 9.1890002441e+02
9.2650000000e+02 9.2629998779e+02 9.2609997559e+02 9.2590002441e+02 9.2570001221e+02 9.2550000000e+02 9.2529998779e+02 9.2500000000e+02 9.2470001221e+02 9.2440002441e+02 9.2420001221e+02 9.2400000000e+02 9.2379998779e+02 9.2350000000e+02 9.2320001221e+02 9.2290002441e+02 9.2259997559e+02 9.2229998779e+02 9.2190002441e+02 9.2170001221e+02 9.2159997559e+02 9.2140002441e+02 9.2129998779e+02 9.2109997559e+02 9.2100000000e+02 9.2079998779e+02 9.2050000000e+02 9.2029998779e+02 9.2009997559e+02 9.1990002441e+02 9.1970001221e+02 9.1959997559e+02 9.1950000000e+02 9.1940002441e+02 9.1920001221e+02 9.1900000000e+02 9.1890002441e+02 9.1890002441e+02 9.1879998779e+02 9.1870001221e+02 9.1859997559e+02 9.1850000000e+02 9.1840002441e+02 9.1840002441e+02 9.1850000000e+02 9.1840002441e+02
9.2570001221e+02 9.2550000000e+02 9.2529998779e+02 9.2520001221e+02 9.2490002441e+02 9.2470001221e+02 9.2459997559e+02 9.2440002441e+02 9.2400000000e+02 9.2379998779e+02 9.2350000000e+02 9.2329998779e+02 9.2300000000e+02 9.2270001221e+02 9.2240002441e+02 9.2220001221e+02 9.2190002441e+02 9.2150000000e+02 9.2129998779e+02 9.2100000000e+02 9.2079998779e+02 9.2070001221e+02 9.2050000000e+02 9.2029998779e+02 9.2029998779e+02 9.2009997559e+02 9.1990002441e+02 9.1970001221e+02 9.1940002441e+02 9.1920001221e+02 9.1900000000e+02 9.1890002441e+02 9.1879998779e+02 9.1870001221e+02 9.1859997559e+02 9.1850000000e+02 9.1840002441e+02 9.1820001221e+02 9.1820001221e+02 9.1809997559e+02 9.1800000000e+02 9.1790002441e+02 9.1779998779e+02 9.1779998779e+02 9.1790002441e+02 9.1779998779e+02
9.2490002441e+02 9.2470001221e+02 9.2450000000e+02 9.2429998779e+02 9.2409997559e+02 9.2400000000e+02 9.2390002441e+02 9.2379998779e+02 9.2340002441e+02 9.2300000000e+02 9.2279998779e+02 9.2250000000e+02 9.2220001221e+02 9.2190002441e+02 9.2170001221e+02 9.2140002441e+02 9.2100000000e+02 9.2079998779e+02 9.2050000000e+02 9.2040002441e+02 9.2009997559e+02 9.2000000000e+02 9.1979998779e+02 9.1959997559e+02 9.1959997559e+02 9.1950000000e+02 9.1929998779e+02 9.1909997559e+02 9.1890002441e+02 9.1859997559e+02 9.1840002441e+02 9.1829998779e+02 9.1820001221e+02 9.1809997559e+02 9.1800000000e+02 9.1790002441e+02 9.1779998779e+02 9.1770001221e+02 9.1750000000e+02 9.1740002441e+02 9.1740002441e+02 9.1729998779e+02 9.1709997559e+02 9.1720001221e+02 9.1720001221e+02 9.1700000000e+02
9.2420001221e+02 9.2400000000e+02 9.2379998779e+02 9.2359997559e+02 9.2329998779e+02 9.2320001221e+02 9.2309997559e+02 9.2300000000e+02 9.2259997559e+02 9.2220001221e+02 9.2190002441e+02 9.2170001221e+02 9.2140002441e+02 9.2120001221e+02 9.2090002441e+02 9.2059997559e+02 9.2029998779e+02 9.2000000000e+02 9.1979998779e+02 9.1970001221e+02 9.1950000000e+02 9.1929998779e+02 9.1909997559e+02 9.1909997559e+02 9.1900000000e+02 9.1879998779e+02 9.1859997559e+02 9.1840002441e+02 9.1829998779e+02 9.1809997559e+02 9.1800000000e+02 9.1779998779e+02 9.1759997559e+02 9.1750000000e+02 9.1740002441e+02 9.1740002441e+02 9.1720001221e+02 9.1709997559e+02 9.1690002441e+02 9.1679998779e+02 9.1670001221e+02 9.1659997559e+02 9.1650000000e+02 9.1650000000e+02 9.1650000000e+02 9.1640002441e+02
9.2340002441e+02 9.2320001221e+02 9.2309997559e+02 9.2290002441e+02 9.2259997559e+02 9.2240002441e+02 9.2220001221e+02 9.2209997559e+02 9.2179998779e+02 9.2140002441e+02 9.2109997559e+02 9.2079998779e+02 9.2059997559e+02 9.2040002441e+02 9.2020001221e+02 9.1990002441e+02 9.1959997559e+02 9.1929998779e+02 9.1909997559e+02 9.1890002441e+02 9.1870001221e+02 9.1859997559e+02 9.1850000000e+02 9.1840002441e+02 9.1829998779e+02 9.1800000000e+02 9.1779998779e+02 9.1770001221e+02 9.1759997559e+02 9.1759997559e+02 9.1740002441e+02 9.1709997559e+02 9.1700000000e+02 9.1690002441e+02 9.1679998779e+02 9.1670001221e+02 9.1650000000e+02 9.1640002441e+02 9.1629998779e+02 9.1620001221e+02 9.1600000000e+02 9.1590002441e+02 9.1590002441e+02 9.1590002441e+02 9.1579998779e+02 9.1579998779e+02
9.2259997559e+02 9.2240002441e+02 9.2220001221e+02 9.2209997559e+02 9.2179998779e+02 9.2159997559e+02 9.2129998779e+02 9.2109997559e+02 9.2079998779e+02 9.2050000000e+02 9.2020001221e+02 9.2000000000e+02 9.1979998779e+02 9.1970001221e+02 9.1940002441e+02 9.1920001221e+02 9.1890002441e+02 9.1870001221e+02 9.1850000000e+02 9.1829998779e+02 9.1809997559e+02 9.1790002441e+02 9.1779998779e+02 9.1770001221e+02 9.1750000000e+02 9.1720001221e+02 9.1709997559e+02 9.1700000000e+02 9.1700000000e+02 9.1690002441e+02 9.1670001221e+02 9.1650000000e+02 9.1640002441e+02 9.1629998779e+02 9.1629998779e+02 9.1609997559e+02 9.1600000000e+02 9.1579998779e+02 9.1570001221e+02 9.1559997559e+02 9.1550000000e+02 9.1540002441e+02 9.1529998779e+02 9.1529998779e+02 9.1520001221e+02 9.1520001221e+02
9.2190002441e+02 9.2170001221e+02 9.2150000000e+02 9.2120001221e+02 9.2100000000e+02 9.2079998779e+02 9.2059997559e+02 9.2029998779e+02 9.2000000000e+02 9.1970001221e+02 9.1940002441e+02 9.1920001221e+02 9.1900000000e+02 9.1879998779e+02 9.1859997559e+02 9.1840002441e+02 9.1820001221e+02 9.1790002441e+02 9.1770001221e+02 9.1759997559e+02 9.1740002441e+02 9.1729998779e+02 9.1720001221e+02 9.1700000000e+02 9.1679998779e+02 9.1659997559e+02 9.1650000000e+02 9.1640002441e+02 9.1629998779e+02 9.1620001221e+02 9.1600000000e+02 9.1590002441e+02 9.1579998779e+02 9.1570001221e+02 9.1570001221e+02 9.1559997559e+02 9.1540002441e+02 9.1529998779e+02 9.1509997559e+02 9.1500000000e+02 9.1490002441e+02 9.1490002441e+02 9.1470001221e+02 9.1470001221e+02 9.1470001221e+02 9.1459997559e+02
9.2120001221e+02 9.2100000000e+02 9.2079998779e+02 9.2059997559e+02 9.2029998779e+02 9.2009997559e+02 9.1979998779e+02 9.1950000000e+02 9.1920001221e+02 9.1890002441e+02 9.1859997559e+02 9.1840002441e+02 9.1820001221e+02 9.1800000000e+02 9.1779998779e+02 9.1770001221e+02 9.1750000000e+02 9.1729998779e+02 9.1700000000e+02 9.1690002441e+02 9.1670001221e+02 9.1659997559e+02 9.1650000000e+02 9.1629998779e+02 9.1609997559e+02 9.1600000000e+02 9.1590002441e+02 9.1570001221e+02 9.1559997559e+02 9.1550000000e+02 9.1529998779e+02 9.1529998779e+02 9.1520001221e+02 9.1509997559e+02 9.1509997559e+02 9.1500000000e+02 9.1490002441e+02 9.1470001221e+02 9.1450000000e+02 9.1440002441e+02 9.1429998779e+02 9.1429998779e+02 9.1420001221e+02 9.1420001221e+02 9.1409997559e+02 9.1400000000e+02
9.2050000000e+02 9.2029998779e+02 9.2009997559e+02 9.1979998779e+02 9.1959997559e+02 9.1940002441e+02 9.1900000000e+02 9.1879998779e+02 9.1850000000e+02 9.1820001221e+02 9.1790002441e+02 9.1770001221e+02 9.1750000000e+02 9.1729998779e+02 9.1709997559e+02 9.1690002441e+02 9.1670001221e+02 9.1659997559e+02 9.1640002441e+02 9.1620001221e+02 9.1609997559e+02 9.1600000000e+02 9.1590002441e+02 9.1570001221e+02 9.1559997559e+02 9.1550000000e+02 9.1540002441e+02 9.1520001221e+02 9.1500000000e+02 9.1479998779e+02 9.1459997559e+02 9.1459997559e+02 9.1450000000e+02 9.1450000000e+02 9.1450000000e+02 9.1440002441e+02 9.1420001221e+02 9.1409997559e+02 9.1400000000e+02 9.1390002441e+02 9.1370001221e+02 9.1370001221e+02 9.1359997559e+02 9.1359997559e+02 9.1350000000e+02 9.1340002441e+02
9.1970001221e+02 9.1950000000e+02 9.1929998779e+02 9.1909997559e+02 9.1890002441e+02 9.1870001221e+02 9.1829998779e+02 9.1800000000e+02 9.1770001221e+02 9.1750000000e+02 9.1729998779e+02 9.1700000000e+02 9.1679998779e+02 9.1650000000e+02 9.1629998779e+02 9.1620001221e+02 9.1600000000e+02 9.1590002441e+02 9.1570001221e+02 9.1550000000e+02 9.1540002441e+02 9.1529998779e+02 9.1520001221e+02 9.1509997559e+02 9.1500000000e+02 9.1490002441e+02 9.1479998779e+02 9.1459997559e+02 9.1440002441e+02 9.1420001221e+02 9.1409997559e+02 9.1400000000e+02 9.1390002441e+02 9.1390002441e+02 9.1379998779e+02 9.1370001221e+02 9.1359997559e+02 9.1359997559e+02 9.1350000000e+02 9.1340002441e+02 9.1320001221e+02 9.1309997559e+02 9.1309997559e+02 9.1300000000e+02 9.1290002441e+02 9.1279998779e+02
9.1900000000e+02 9.1879998779e+02 9.1859997559e+02 9.1829998779e+02 9.1809997559e+02 9.1790002441e+02 9.1759997559e+02 9.1740002441e+02 9.1709997559e+02 9.1690002441e+02 9.1659997559e+02 9.1629998779e+02 9.1600000000e+02 9.1579998779e+02 9.1559997559e+02 9.1550000000e+02 9.1529998779e+02 9.1520001221e+02 9.1500000000e+02 9.1490002441e+02 9.1470001221e+02 9.1459997559e+02 9.1459997559e+02 9.1450000000e+02 9.1440002441e+02 9.1429998779e+02 9.1420001221e+02 9.1409997559e+02 9.1400000000e+02 9.1379998779e+02 9.1370001221e+02 9.1350000000e+02 9.1340002441e+02 9.1329998779e+02 9.1320001221e+02 9.1309997559e+02 9.1309997559e+02 9.1300000000e+02 9.1300000000e+02 9.1279998779e+02 9.1259997559e+02 9.1250000000e+02 9.1240002441e+02 9.1240002441e+02 9.1229998779e+02 9.1220001221e+02
