DGM_1M_UPPER_AUSTRIA/39/30.asc
NCOLS 100
NROWS 100
XLLCORNER 6.4050500000e+04
YLLCORNER 2.9228850000e+05
CELLSIZE 1.0000000000e+00
NODATA_VALUE -9.9990000000e+03
[rows 40 to 59 of 100, columns 46 to 91 of 100]
5.4829998779e+02 5.4829998779e+02 5.4829998779e+02 5.4840002441e+02 5.4859997559e+02 5.4859997559e+02 5.4859997559e+02 5.4870001221e+02 5.4879998779e+02 5.4879998779e+02 5.4870001221e+02 5.4870001221e+02 5.4879998779e+02 5.4870001221e+02 5.4859997559e+02 5.4870001221e+02 5.4850000000e+02 5.4840002441e+02 5.4829998779e+02 5.4820001221e+02 5.4829998779e+02 5.4829998779e+02 5.4809997559e+02 5.4800000000e+02 5.4800000000e+02 5.4790002441e+02 5.4779998779e+02 5.4770001221e+02 5.4759997559e+02 5.4740002441e+02 5.4740002441e+02 5.4729998779e+02 5.4709997559e+02 5.4709997559e+02 5.4729998779e+02 5.4720001221e+02 5.4709997559e+02 5.4709997559e+02 5.4700000000e+02 5.4679998779e+02 5.4670001221e+02 5.4650000000e+02 5.4640002441e+02 5.4640002441e+02 5.4629998779e+02 5.4600000000e+02
5.4870001221e+02 5.4879998779e+02 5.4879998779e+02 5.4890002441e+02 5.4909997559e+02 5.4920001221e+02 5.4920001221e+02 5.4929998779e+02 5.4940002441e+02 5.4940002441e+02 5.4929998779e+02 5.4929998779e+02 5.4929998779e+02 5.4920001221e+02 5.4920001221e+02 5.4920001221e+02 5.4909997559e+02 5.4900000000e+02 5.4879998779e+02 5.4870001221e+02 5.4859997559e+02 5.4859997559e+02 5.4859997559e+02 5.4850000000e+02 5.4840002441e+02 5.4840002441e+02 5.4820001221e+02 5.4809997559e+02 5.4790002441e+02 5.4779998779e+02 5.4779998779e+02 5.4759997559e+02 5.4750000000e+02 5.4750000000e+02 5.4759997559e+02 5.4759997559e+02 5.4759997559e+02 5.4750000000e+02 5.4740002441e+02 5.4729998779e+02 5.4720001221e+02 5.4700000000e+02 5.4690002441e+02 5.4679998779e+02 5.4659997559e+02 5.4620001221e+02
5.4929998779e+02 5.4929998779e+02 5.4940002441e+02 5.4959997559e+02 5.4979998779e+02 5.4990002441e+02 5.5000000000e+02 5.4990002441e+02 5.4990002441e+02 5.4990002441e+02 5.5000000000e+02 5.5000000000e+02 5.4979998779e+02 5.4970001221e+02 5.4959997559e+02 5.4959997559e+02 5.4950000000e+02 5.4940002441e+02 5.4929998779e+02 5.4920001221e+02 5.4909997559e+02 5.4900000000e+02 5.4900000000e+02 5.4890002441e+02 5.4879998779e+02 5.4879998779e+02 5.4870001221e+02 5.4850000000e+02 5.4840002441e+02 5.4829998779e+02 5.4820001221e+02 5.4800000000e+02 5.4779998779e+02 5.4790002441e+02 5.4800000000e+02 5.4820001221e+02 5.4820001221e+02 5.4800000000e+02 5.4790002441e+02 5.4779998779e+02 5.4759997559e+02 5.4750000000e+02 5.4740002441e+02 5.4720001221e+02 5.4690002441e+02 5.4650000000e+02
5.4979998779e+02 5.4979998779e+02 5.5000000000e+02 5.5020001221e+02 5.5040002441e+02 5.5059997559e+02 5.5070001221e+02 5.5059997559e+02 5.5050000000e+02 5.5050000000e+02 5.5059997559e+02 5.5050000000e+02 5.5040002441e+02 5.5020001221e+02 5.5020001221e+02 5.5009997559e+02 5.5000000000e+02 5.4990002441e+02 5.4990002441e+02 5.4979998779e+02 5.4959997559e+02 5.4950000000e+02 5.4940002441e+02 5.4929998779e+02 5.4929998779e+02 5.4929998779e+02 5.4920001221e+02 5.4900000000e+02 5.4890002441e+02 5.4870001221e+02 5.4859997559e+02 5.4840002441e+02 5.4829998779e+02 5.4840002441e+02 5.4850000000e+02 5.4859997559e+02 5.4859997559e+02 5.4840002441e+02 5.4840002441e+02 5.4829998779e+02 5.4809997559e+02 5.4800000000e+02 5.4779998779e+02 5.4750000000e+02 5.4729998779e+02 5.4690002441e+02
5.5029998779e+02 5.5029998779e+02 5.5050000000e+02 5.5059997559e+02 5.5090002441e+02 5.5109997559e+02 5.5120001221e+02 5.5109997559e+02 5.5100000000e+02 5.5100000000e+02 5.5100000000e+02 5.5090002441e+02 5.5079998779e+02 5.5070001221e+02 5.5070001221e+02 5.5059997559e+02 5.5050000000e+02 5.5040002441e+02 5.5040002441e+02 5.5029998779e+02 5.5009997559e+02 5.4990002441e+02 5.4979998779e+02 5.4970001221e+02 5.4959997559e+02 5.4959997559e+02 5.4959997559e+02 5.4940002441e+02 5.4929998779e+02 5.4920001221e+02 5.4909997559e+02 5.4890002441e+02 5.4879998779e+02 5.4890002441e+02 5.4900000000e+02 5.4909997559e+02 5.4900000000e+02 5.4890002441e+02 5.4879998779e+02 5.4879998779e+02 5.4870001221e+02 5.4850000000e+02 5.4820001221e+02 5.4790002441e+02 5.4759997559e+02 5.4729998779e+02
5.5079998779e+02 5.5079998779e+02 5.5100000000e+02 5.5100000000e+02 5.5109997559e+02 5.5129998779e+02 5.5150000000e+02 5.5150000000e+02 5.5140002441e+02 5.5140002441e+02 5.5140002441e+02 5.5120001221e+02 5.5120001221e+02 5.5120001221e+02 5.5109997559e+02 5.5100000000e+02 5.5090002441e+02 5.5090002441e+02 5.5090002441e+02 5.5079998779e+02 5.5059997559e+02 5.5050000000e+02 5.5040002441e+02 5.5020001221e+02 5.5009997559e+02 5.5000000000e+02 5.4990002441e+02 5.4990002441e+02 5.4979998779e+02 5.4970001221e+02 5.4970001221e+02 5.4950000000e+02 5.4929998779e+02 5.4940002441e+02 5.4950000000e+02 5.4950000000e+02 5.4950000000e+02 5.4929998779e+02 5.4920001221e+02 5.4920001221e+02 5.4920001221e+02 5.4900000000e+02 5.4859997559e+02 5.4829998779e+02 5.4800000000e+02 5.4759997559e+02
5.5120001221e+02 5.5129998779e+02 5.5140002441e+02 5.5129998779e+02 5.5129998779e+02 5.5140002441e+02 5.5159997559e+02 5.5170001221e+02 5.5179998779e+02 5.5179998779e+02 5.5179998779e+02 5.5159997559e+02 5.5159997559e+02 5.5159997559e+02 5.5150000000e+02 5.5140002441e+02 5.5129998779e+02 5.5129998779e+02 5.5120001221e+02 5.5109997559e+02 5.5109997559e+02 5.5109997559e+02 5.5100000000e+02 5.5079998779e+02 5.5070001221e+02 5.5050000000e+02 5.5040002441e+02 5.5029998779e+02 5.5020001221e+02 5.5029998779e+02 5.5020001221e+02 5.5000000000e+02 5.4990002441e+02 5.4979998779e+02 5.4979998779e+02 5.4979998779e+02 5.4979998779e+02 5.4970001221e+02 5.4959997559e+02 5.4950000000e+02 5.4950000000e+02 5.4940002441e+02 5.4900000000e+02 5.4859997559e+02 5.4840002441e+02 5.4809997559e+02
5.5159997559e+02 5.5170001221e+02 5.5170001221e+02 5.5150000000e+02 5.5140002441e+02 5.5150000000e+02 5.5179998779e+02 5.5200000000e+02 5.5220001221e+02 5.5220001221e+02 5.5209997559e+02 5.5200000000e+02 5.5190002441e+02 5.5179998779e+02 5.5179998779e+02 5.5179998779e+02 5.5170001221e+02 5.5159997559e+02 5.5159997559e+02 5.5159997559e+02 5.5159997559e+02 5.5170001221e+02 5.5150000000e+02 5.5140002441e+02 5.5129998779e+02 5.5109997559e+02 5.5079998779e+02 5.5059997559e+02 5.5059997559e+02 5.5070001221e+02 5.5070001221e+02 5.5050000000e+02 5.5029998779e+02 5.5020001221e+02 5.5009997559e+02 5.5009997559e+02 5.5009997559e+02 5.5009997559e+02 5.4990002441e+02 5.4970001221e+02 5.4979998779e+02 5.4970001221e+02 5.4929998779e+02 5.4890002441e+02 5.4879998779e+02 5.4870001221e+02
5.5190002441e+02 5.5200000000e+02 5.5209997559e+02 5.5190002441e+02 5.5179998779e+02 5.5179998779e+02 5.5209997559e+02 5.5250000000e+02 5.5259997559e+02 5.5259997559e+02 5.5250000000e+02 5.5240002441e+02 5.5220001221e+02 5.5220001221e+02 5.5220001221e+02 5.5209997559e+02 5.5209997559e+02 5.5200000000e+02 5.5200000000e+02 5.5200000000e+02 5.5209997559e+02 5.5209997559e+02 5.5200000000e+02 5.5190002441e+02 5.5170001221e+02 5.5150000000e+02 5.5120001221e+02 5.5100000000e+02 5.5100000000e+02 5.5120001221e+02 5.5120001221e+02 5.5100000000e+02 5.5079998779e+02 5.5070001221e+02 5.5059997559e+02 5.5050000000e+02 5.5050000000e+02 5.5050000000e+02 5.5029998779e+02 5.5009997559e+02 5.5009997559e+02 5.5000000000e+02 5.4970001221e+02 5.4940002441e+02 5.4920001221e+02 5.4909997559e+02
5.5200000000e+02 5.5229998779e+02 5.5240002441e+02 5.5240002441e+02 5.5229998779e+02 5.5240002441e+02 5.5259997559e+02 5.5279998779e+02 5.5300000000e+02 5.5300000000e+02 5.5279998779e+02 5.5259997559e+02 5.5250000000e+02 5.5250000000e+02 5.5259997559e+02 5.5250000000e+02 5.5250000000e+02 5.5250000000e+02 5.5250000000e+02 5.5259997559e+02 5.5270001221e+02 5.5259997559e+02 5.5250000000e+02 5.5229998779e+02 5.5209997559e+02 5.5190002441e+02 5.5159997559e+02 5.5140002441e+02 5.5159997559e+02 5.5170001221e+02 5.5159997559e+02 5.5159997559e+02 5.5150000000e+02 5.5129998779e+02 5.5109997559e+02 5.5100000000e+02 5.5100000000e+02 5.5090002441e+02 5.5079998779e+02 5.5070001221e+02 5.5050000000e+02 5.5040002441e+02 5.5009997559e+02 5.5000000000e+02 5.4979998779e+02 5.4950000000e+02
5.5229998779e+02 5.5270001221e+02 5.5279998779e+02 5.5279998779e+02 5.5290002441e+02 5.5300000000e+02 5.5309997559e+02 5.5329998779e+02 5.5329998779e+02 5.5329998779e+02 5.5320001221e+02 5.5309997559e+02 5.5300000000e+02 5.5300000000e+02 5.5300000000e+02 5.5300000000e+02 5.5300000000e+02 5.5300000000e+02 5.5300000000e+02 5.5320001221e+02 5.5320001221e+02 5.5320001221e+02 5.5300000000e+02 5.5270001221e+02 5.5250000000e+02 5.5229998779e+02 5.5200000000e+02 5.5190002441e+02 5.5209997559e+02 5.5209997559e+02 5.5209997559e+02 5.5200000000e+02 5.5200000000e+02 5.5190002441e+02 5.5159997559e+02 5.5140002441e+02 5.5140002441e+02 5.5140002441e+02 5.5129998779e+02 5.5120001221e+02 5.5100000000e+02 5.5070001221e+02 5.5059997559e+02 5.5040002441e+02 5.5029998779e+02 5.4990002441e+02
5.5270001221e+02 5.5309997559e+02 5.5320001221e+02 5.5329998779e+02 5.5340002441e+02 5.5350000000e+02 5.5370001221e+02 5.5370001221e+02 5.5370001221e+02 5.5370001221e+02 5.5370001221e+02 5.5359997559e+02 5.5350000000e+02 5.5340002441e+02 5.5340002441e+02 5.5340002441e+02 5.5350000000e+02 5.5350000000e+02 5.5350000000e+02 5.5359997559e+02 5.5370001221e+02 5.5359997559e+02 5.5340002441e+02 5.5320001221e+02 5.5300000000e+02 5.5270001221e+02 5.5240002441e+02 5.5250000000e+02 5.5259997559e+02 5.5259997559e+02 5.5250000000e+02 5.5240002441e+02 5.5229998779e+02 5.5229998779e+02 5.5209997559e+02 5.5190002441e+02 5.5179998779e+02 5.5179998779e+02 5.5179998779e+02 5.5159997559e+02 5.5140002441e+02 5.5109997559e+02 5.5090002441e+02 5.5070001221e+02 5.5059997559e+02 5.5029998779e+02
5.5309997559e+02 5.5340002441e+02 5.5359997559e+02 5.5370001221e+02 5.5379998779e+02 5.5400000000e+02 5.5409997559e+02 5.5420001221e+02 5.5420001221e+02 5.5420001221e+02 5.5420001221e+02 5.5420001221e+02 5.5400000000e+02 5.5390002441e+02 5.5390002441e+02 5.5379998779e+02 5.5390002441e+02 5.5400000000e+02 5.5409997559e+02 5.5409997559e+02 5.5409997559e+02 5.5400000000e+02 5.5390002441e+02 5.5370001221e+02 5.5340002441e+02 5.5309997559e+02 5.5290002441e+02 5.5300000000e+02 5.5309997559e+02 5.5290002441e+02 5.5290002441e+02 5.5279998779e+02 5.5270001221e+02 5.5270001221e+02 5.5270001221e+02 5.5250000000e+02 5.5229998779e+02 5.5229998779e+02 5.5220001221e+02 5.5209997559e+02 5.5190002441e+02 5.5159997559e+02 5.5129998779e+02 5.5100000000e+02 5.5079998779e+02 5.5070001221e+02
5.5370001221e+02 5.5379998779e+02 5.5400000000e+02 5.5420001221e+02 5.5429998779e+02 5.5440002441e+02 5.5450000000e+02 5.5470001221e+02 5.5470001221e+02 5.5470001221e+02 5.5470001221e+02 5.5470001221e+02 5.5450000000e+02 5.5440002441e+02 5.5429998779e+02 5.5429998779e+02 5.5420001221e+02 5.5429998779e+02 5.5450000000e+02 5.5450000000e+02 5.5450000000e+02 5.5440002441e+02 5.5429998779e+02 5.5409997559e+02 5.5379998779e+02 5.5350000000e+02 5.5340002441e+02 5.5340002441e+02 5.5340002441e+02 5.5329998779e+02 5.5320001221e+02 5.5320001221e+02 5.5320001221e+02 5.5320001221e+02 5.5320001221e+02 5.5309997559e+02 5.5290002441e+02 5.5290002441e+02 5.5279998779e+02 5.5270001221e+02 5.5240002441e+02 5.5209997559e+02 5.5170001221e+02 5.5140002441e+02 5.5129998779e+02 5.5109997559e+02
5.5440002441e+02 5.5440002441e+02 5.5450000000e+02 5.5470001221e+02 5.5479998779e+02 5.5490002441e+02 5.5509997559e+02 5.5529998779e+02 5.5540002441e+02 5.5540002441e+02 5.5540002441e+02 5.5529998779e+02 5.5500000000e+02 5.5500000000e+02 5.5500000000e+02 5.5479998779e+02 5.5470001221e+02 5.5470001221e+02 5.5479998779e+02 5.5490002441e+02 5.5490002441e+02 5.5479998779e+02 5.5470001221e+02 5.5450000000e+02 5.5420001221e+02 5.5390002441e+02 5.5379998779e+02 5.5379998779e+02 5.5370001221e+02 5.5359997559e+02 5.5359997559e+02 5.5359997559e+02 5.5359997559e+02 5.5370001221e+02 5.5370001221e+02 5.5370001221e+02 5.5350000000e+02 5.5340002441e+02 5.5329998779e+02 5.5309997559e+02 5.5279998779e+02 5.5250000000e+02 5.5220001221e+02 5.5200000000e+02 5.5179998779e+02 5.5140002441e+02
5.5490002441e+02 5.5500000000e+02 5.5509997559e+02 5.5529998779e+02 5.5550000000e+02 5.5559997559e+02 5.5570001221e+02 5.5590002441e+02 5.5600000000e+02 5.5600000000e+02 5.5609997559e+02 5.5609997559e+02 5.5590002441e+02 5.5570001221e+02 5.5570001221e+02 5.5559997559e+02 5.5540002441e+02 5.5529998779e+02 5.5540002441e+02 5.5540002441e+02 5.5540002441e+02 5.5529998779e+02 5.5520001221e+02 5.5490002441e+02 5.5459997559e+02 5.5429998779e+02 5.5429998779e+02 5.5420001221e+02 5.5409997559e+02 5.5400000000e+02 5.5400000000e+02 5.5400000000e+02 5.5409997559e+02 5.5420001221e+02 5.5420001221e+02 5.5420001221e+02 5.5400000000e+02 5.5379998779e+02 5.5370001221e+02 5.5350000000e+02 5.5329998779e+02 5.5300000000e+02 5.5270001221e+02 5.5240002441e+02 5.5209997559e+02 5.5170001221e+02
5.5540002441e+02 5.5559997559e+02 5.5579998779e+02 5.5590002441e+02 5.5609997559e+02 5.5629998779e+02 5.5640002441e+02 5.5659997559e+02 5.5659997559e+02 5.5670001221e+02 5.5679998779e+02 5.5679998779e+02 5.5670001221e+02 5.5659997559e+02 5.5650000000e+02 5.5640002441e+02 5.5629998779e+02 5.5629998779e+02 5.5620001221e+02 5.5620001221e+02 5.5609997559e+02 5.5600000000e+02 5.5590002441e+02 5.5570001221e+02 5.5540002441e+02 5.5509997559e+02 5.5490002441e+02 5.5470001221e+02 5.5459997559e+02 5.5450000000e+02 5.5450000000e+02 5.5450000000e+02 5.5459997559e+02 5.5470001221e+02 5.5479998779e+02 5.5470001221e+02 5.5450000000e+02 5.5429998779e+02 5.5409997559e+02 5.5390002441e+02 5.5370001221e+02 5.5340002441e+02 5.5309997559e+02 5.5270001221e+02 5.5229998779e+02 5.5190002441e+02
5.5600000000e+02 5.5629998779e+02 5.5650000000e+02 5.5659997559e+02 5.5679998779e+02 5.5690002441e+02 5.5700000000e+02 5.5709997559e+02 5.5709997559e+02 5.5720001221e+02 5.5729998779e+02 5.5720001221e+02 5.5729998779e+02 5.5720001221e+02 5.5709997559e+02 5.5709997559e+02 5.5709997559e+02 5.5700000000e+02 5.5690002441e+02 5.5690002441e+02 5.5679998779e+02 5.5679998779e+02 5.5659997559e+02 5.5640002441e+02 5.5629998779e+02 5.5600000000e+02 5.5570001221e+02 5.5550000000e+02 5.5529998779e+02 5.5520001221e+02 5.5509997559e+02 5.5509997559e+02 5.5509997559e+02 5.5520001221e+02 5.5529998779e+02 5.5529998779e+02 5.5520001221e+02 5.5490002441e+02 5.5459997559e+02 5.5420001221e+02 5.5400000000e+02 5.5370001221e+02 5.5329998779e+02 5.5290002441e+02 5.5250000000e+02 5.5220001221e+02
5.5659997559e+02 5.5690002441e+02 5.5709997559e+02 5.5720001221e+02 5.5720001221e+02 5.5729998779e+02 5.5729998779e+02 5.5729998779e+02 5.5740002441e+02 5.5740002441e+02 5.5750000000e+02 5.5750000000e+02 5.5750000000e+02 5.5750000000e+02 5.5750000000e+02 5.5750000000e+02 5.5740002441e+02 5.5740002441e+02 5.5729998779e+02 5.5729998779e+02 5.5740002441e+02 5.5729998779e+02 5.5720001221e+02 5.5700000000e+02 5.5690002441e+02 5.5679998779e+02 5.5670001221e+02 5.5640002441e+02 5.5620001221e+02 5.5590002441e+02 5.5579998779e+02 5.5570001221e+02 5.5559997559e+02 5.5570001221e+02 5.5579998779e+02 5.5590002441e+02 5.5590002441e+02 5.5559997559e+02 5.5509997559e+02 5.5459997559e+02 5.5429998779e+02 5.5390002441e+02 5.5350000000e+02 5.5309997559e+02 5.5290002441e+02 5.5259997559e+02
5.5700000000e+02 5.5720001221e+02 5.5740002441e+02 5.5750000000e+02 5.5740002441e+02 5.5740002441e+02 5.5740002441e+02 5.5740002441e+02 5.5740002441e+02 5.5750000000e+02 5.5750000000e+02 5.5750000000e+02 5.5750000000e+02 5.5750000000e+02 5.5750000000e+02 5.5750000000e+02 5.5750000000e+02 5.5750000000e+02 5.5750000000e+02 5.5750000000e+02 5.5750000000e+02 5.5750000000e+02 5.5740002441e+02 5.5729998779e+02 5.5729998779e+02 5.5720001221e+02 5.5720001221e+02 5.5700000000e+02 5.5679998779e+02 5.5670001221e+02 5.5659997559e+02 5.5650000000e+02 5.5629998779e+02 5.5629998779e+02 5.5640002441e+02 5.5650000000e+02 5.5650000000e+02 5.5620001221e+02 5.5570001221e+02 5.5509997559e+02 5.5459997559e+02 5.5409997559e+02 5.5370001221e+02 5.5350000000e+02 5.5340002441e+02 5.5309997559e+02
