DGM_1M_UPPER_AUSTRIA/38/15.asc
NCOLS 100
NROWS 100
XLLCORNER 6.3950500000e+04
YLLCORNER 2.9378850000e+05
CELLSIZE 1.0000000000e+00
NODATA_VALUE -9.9990000000e+03
[rows 20 to 39 of 100, columns 0 to 45 of 100]
5.6940002441e+02 5.6940002441e+02 5.6950000000e+02 5.6950000000e+02 5.6950000000e+02 5.6950000000e+02 5.6950000000e+02 5.6950000000e+02 5.6950000000e+02 5.6950000000e+02 5.6959997559e+02 5.6959997559e+02 5.6959997559e+02 5.6970001221e+02 5.6970001221e+02 5.6959997559e+02 5.6959997559e+02 5.6959997559e+02 5.6959997559e+02 5.6950000000e+02 5.6940002441e+02 5.6940002441e+02 5.6940002441e+02 5.6940002441e+02 5.6950000000e+02 5.6950000000e+02 5.6959997559e+02 5.6959997559e+02 5.6970001221e+02 5.6970001221e+02 5.6970001221e+02 5.6979998779e+02 5.6979998779e+02 5.6990002441e+02 5.7009997559e+02 5.7020001221e+02 5.7029998779e+02 5.7050000000e+02 5.7070001221e+02 5.7090002441e+02 5.7120001221e+02 5.7150000000e+02 5.7170001221e+02 5.7190002441e+02 5.7209997559e+02 5.7220001221e+02
5.6990002441e+02 5.6990002441e+02 5.6990002441e+02 5.6990002441e+02 5.6990002441e+02 5.6990002441e+02 5.6990002441e+02 5.6990002441e+02 5.7000000000e+02 5.7000000000e+02 5.7000000000e+02 5.7000000000e+02 5.7000000000e+02 5.7000000000e+02 5.7000000000e+02 5.7000000000e+02 5.7000000000e+02 5.7000000000e+02 5.7000000000e+02 5.6990002441e+02 5.6979998779e+02 5.6979998779e+02 5.6990002441e+02 5.7000000000e+02 5.7009997559e+02 5.7020001221e+02 5.7020001221e+02 5.7009997559e+02 5.7009997559e+02 5.7009997559e+02 5.7020001221e+02 5.7020001221e+02 5.7029998779e+02 5.7029998779e+02 5.7040002441e+02 5.7059997559e+02 5.7070001221e+02 5.7079998779e+02 5.7100000000e+02 5.7120001221e+02 5.7150000000e+02 5.7170001221e+02 5.7200000000e+02 5.7209997559e+02 5.7220001221e+02 5.7229998779e+02
5.7020001221e+02 5.7029998779e+02 5.7029998779e+02 5.7029998779e+02 5.7029998779e+02 5.7029998779e+02 5.7029998779e+02 5.7029998779e+02 5.7029998779e+02 5.7040002441e+02 5.7040002441e+02 5.7040002441e+02 5.7040002441e+02 5.7040002441e+02 5.7040002441e+02 5.7029998779e+02 5.7040002441e+02 5.7040002441e+02 5.7040002441e+02 5.7029998779e+02 5.7029998779e+02 5.7029998779e+02 5.7040002441e+02 5.7059997559e+02 5.7070001221e+02 5.7070001221e+02 5.7070001221e+02 5.7059997559e+02 5.7059997559e+02 5.7059997559e+02 5.7059997559e+02 5.7070001221e+02 5.7070001221e+02 5.7079998779e+02 5.7090002441e+02 5.7100000000e+02 5.7109997559e+02 5.7120001221e+02 5.7140002441e+02 5.7159997559e+02 5.7179998779e+02 5.7200000000e+02 5.7220001221e+02 5.7229998779e+02 5.7240002441e+02 5.7240002441e+02
5.7050000000e+02 5.7050000000e+02 5.7050000000e+02 5.7050000000e+02 5.7059997559e+02 5.7059997559e+02 5.7059997559e+02 5.7059997559e+02 5.7059997559e+02 5.7070001221e+02 5.7070001221e+02 5.7070001221e+02 5.7070001221e+02 5.7070001221e+02 5.7070001221e+02 5.7070001221e+02 5.7070001221e+02 5.7079998779e+02 5.7079998779e+02 5.7079998779e+02 5.7070001221e+02 5.7079998779e+02 5.7079998779e+02 5.7090002441e+02 5.7100000000e+02 5.7100000000e+02 5.7100000000e+02 5.7100000000e+02 5.7100000000e+02 5.7100000000e+02 5.7100000000e+02 5.7109997559e+02 5.7120001221e+02 5.7129998779e+02 5.7129998779e+02 5.7140002441e+02 5.7140002441e+02 5.7150000000e+02 5.7170001221e+02 5.7190002441e+02 5.7200000000e+02 5.7220001221e+02 5.7229998779e+02 5.7240002441e+02 5.7240002441e+02 5.7250000000e+02
5.7070001221e+02 5.7070001221e+02 5.7070001221e+02 5.7070001221e+02 5.7079998779e+02 5.7079998779e+02 5.7079998779e+02 5.7079998779e+02 5.7079998779e+02 5.7090002441e+02 5.7090002441e+02 5.7090002441e+02 5.7090002441e+02 5.7090002441e+02 5.7090002441e+02 5.7100000000e+02 5.7100000000e+02 5.7100000000e+02 5.7109997559e+02 5.7109997559e+02 5.7109997559e+02 5.7109997559e+02 5.7109997559e+02 5.7120001221e+02 5.7120001221e+02 5.7129998779e+02 5.7129998779e+02 5.7140002441e+02 5.7140002441e+02 5.7140002441e+02 5.7150000000e+02 5.7150000000e+02 5.7159997559e+02 5.7170001221e+02 5.7170001221e+02 5.7179998779e+02 5.7179998779e+02 5.7190002441e+02 5.7200000000e+02 5.7209997559e+02 5.7220001221e+02 5.7229998779e+02 5.7240002441e+02 5.7250000000e+02 5.7250000000e+02 5.7259997559e+02
5.7079998779e+02 5.7079998779e+02 5.7090002441e+02 5.7090002441e+02 5.7090002441e+02 5.7100000000e+02 5.7100000000e+02 5.7100000000e+02 5.7100000000e+02 5.7109997559e+02 5.7109997559e+02 5.7109997559e+02 5.7109997559e+02 5.7109997559e+02 5.7109997559e+02 5.7120001221e+02 5.7120001221e+02 5.7120001221e+02 5.7129998779e+02 5.7129998779e+02 5.7129998779e+02 5.7129998779e+02 5.7140002441e+02 5.7140002441e+02 5.7150000000e+02 5.7159997559e+02 5.7159997559e+02 5.7170001221e+02 5.7170001221e+02 5.7179998779e+02 5.7179998779e+02 5.7190002441e+02 5.7200000000e+02 5.7200000000e+02 5.7200000000e+02 5.7209997559e+02 5.7220001221e+02 5.7220001221e+02 5.7220001221e+02 5.7229998779e+02 5.7240002441e+02 5.7250000000e+02 5.7250000000e+02 5.7259997559e+02 5.7259997559e+02 5.7270001221e+02
5.7100000000e+02 5.7100000000e+02 5.7100000000e+02 5.7109997559e+02 5.7109997559e+02 5.7109997559e+02 5.7120001221e+02 5.7120001221e+02 5.7120001221e+02 5.7120001221e+02 5.7129998779e+02 5.7129998779e+02 5.7129998779e+02 5.7129998779e+02 5.7129998779e+02 5.7129998779e+02 5.7140002441e+02 5.7140002441e+02 5.7150000000e+02 5.7150000000e+02 5.7150000000e+02 5.7150000000e+02 5.7159997559e+02 5.7170001221e+02 5.7170001221e+02 5.7179998779e+02 5.7190002441e+02 5.7190002441e+02 5.7200000000e+02 5.7209997559e+02 5.7209997559e+02 5.7220001221e+02 5.7220001221e+02 5.7229998779e+02 5.7229998779e+02 5.7240002441e+02 5.7240002441e+02 5.7240002441e+02 5.7250000000e+02 5.7250000000e+02 5.7259997559e+02 5.7259997559e+02 5.7270001221e+02 5.7270001221e+02 5.7279998779e+02 5.7279998779e+02
5.7120001221e+02 5.7120001221e+02 5.7120001221e+02 5.7120001221e+02 5.7129998779e+02 5.7129998779e+02 5.7129998779e+02 5.7129998779e+02 5.7140002441e+02 5.7140002441e+02 5.7140002441e+02 5.7150000000e+02 5.7150000000e+02 5.7150000000e+02 5.7150000000e+02 5.7150000000e+02 5.7150000000e+02 5.7159997559e+02 5.7159997559e+02 5.7159997559e+02 5.7170001221e+02 5.7170001221e+02 5.7179998779e+02 5.7190002441e+02 5.7190002441e+02 5.7200000000e+02 5.7200000000e+02 5.7209997559e+02 5.7220001221e+02 5.7220001221e+02 5.7229998779e+02 5.7240002441e+02 5.7240002441e+02 5.7250000000e+02 5.7250000000e+02 5.7250000000e+02 5.7259997559e+02 5.7259997559e+02 5.7270001221e+02 5.7270001221e+02 5.7270001221e+02 5.7279998779e+02 5.7279998779e+02 5.7279998779e+02 5.7290002441e+02 5.7300000000e+02
5.7129998779e+02 5.7129998779e+02 5.7140002441e+02 5.7140002441e+02 5.7140002441e+02 5.7140002441e+02 5.7150000000e+02 5.7150000000e+02 5.7150000000e+02 5.7159997559e+02 5.7159997559e+02 5.7159997559e+02 5.7159997559e+02 5.7159997559e+02 5.7170001221e+02 5.7170001221e+02 5.7170001221e+02 5.7170001221e+02 5.7179998779e+02 5.7179998779e+02 5.7190002441e+02 5.7190002441e+02 5.7200000000e+02 5.7200000000e+02 5.7209997559e+02 5.7220001221e+02 5.7220001221e+02 5.7229998779e+02 5.7229998779e+02 5.7240002441e+02 5.7250000000e+02 5.7250000000e+02 5.7259997559e+02 5.7259997559e+02 5.7270001221e+02 5.7270001221e+02 5.7279998779e+02 5.7279998779e+02 5.7279998779e+02 5.7290002441e+02 5.7290002441e+02 5.7290002441e+02 5.7300000000e+02 5.7300000000e+02 5.7300000000e+02 5.7309997559e+02
5.7150000000e+02 5.7150000000e+02 5.7150000000e+02 5.7150000000e+02 5.7159997559e+02 5.7159997559e+02 5.7159997559e+02 5.7170001221e+02 5.7170001221e+02 5.7170001221e+02 5.7170001221e+02 5.7179998779e+02 5.7179998779e+02 5.7179998779e+02 5.7179998779e+02 5.7190002441e+02 5.7190002441e+02 5.7190002441e+02 5.7200000000e+02 5.7200000000e+02 5.7200000000e+02 5.7209997559e+02 5.7209997559e+02 5.7220001221e+02 5.7229998779e+02 5.7229998779e+02 5.7240002441e+02 5.7240002441e+02 5.7250000000e+02 5.7259997559e+02 5.7259997559e+02 5.7270001221e+02 5.7270001221e+02 5.7279998779e+02 5.7279998779e+02 5.7290002441e+02 5.7290002441e+02 5.7300000000e+02 5.7300000000e+02 5.7300000000e+02 5.7309997559e+02 5.7309997559e+02 5.7309997559e+02 5.7309997559e+02 5.7320001221e+02 5.7320001221e+02
5.7159997559e+02 5.7159997559e+02 5.7170001221e+02 5.7170001221e+02 5.7170001221e+02 5.7170001221e+02 5.7179998779e+02 5.7179998779e+02 5.7179998779e+02 5.7179998779e+02 5.7190002441e+02 5.7190002441e+02 5.7190002441e+02 5.7190002441e+02 5.7200000000e+02 5.7200000000e+02 5.7200000000e+02 5.7209997559e+02 5.7209997559e+02 5.7209997559e+02 5.7220001221e+02 5.7220001221e+02 5.7229998779e+02 5.7229998779e+02 5.7240002441e+02 5.7250000000e+02 5.7250000000e+02 5.7259997559e+02 5.7259997559e+02 5.7270001221e+02 5.7270001221e+02 5.7279998779e+02 5.7279998779e+02 5.7290002441e+02 5.7300000000e+02 5.7300000000e+02 5.7300000000e+02 5.7309997559e+02 5.7309997559e+02 5.7320001221e+02 5.7320001221e+02 5.7329998779e+02 5.7329998779e+02 5.7329998779e+02 5.7329998779e+02 5.7340002441e+02
5.7179998779e+02 5.7179998779e+02 5.7179998779e+02 5.7179998779e+02 5.7179998779e+02 5.7190002441e+02 5.7190002441e+02 5.7190002441e+02 5.7190002441e+02 5.7200000000e+02 5.7200000000e+02 5.7200000000e+02 5.7200000000e+02 5.7209997559e+02 5.7209997559e+02 5.7209997559e+02 5.7220001221e+02 5.7220001221e+02 5.7229998779e+02 5.7229998779e+02 5.7229998779e+02 5.7240002441e+02 5.7240002441e+02 5.7250000000e+02 5.7250000000e+02 5.7259997559e+02 5.7259997559e+02 5.7270001221e+02 5.7279998779e+02 5.7279998779e+02 5.7290002441e+02 5.7290002441e+02 5.7300000000e+02 5.7300000000e+02 5.7309997559e+02 5.7309997559e+02 5.7320001221e+02 5.7320001221e+02 5.7329998779e+02 5.7329998779e+02 5.7340002441e+02 5.7340002441e+02 5.7340002441e+02 5.7340002441e+02 5.7350000000e+02 5.7350000000e+02
5.7190002441e+02 5.7190002441e+02 5.7190002441e+02 5.7200000000e+02 5.7200000000e+02 5.7200000000e+02 5.7209997559e+02 5.7209997559e+02 5.7209997559e+02 5.7209997559e+02 5.7209997559e+02 5.7209997559e+02 5.7220001221e+02 5.7220001221e+02 5.7220001221e+02 5.7229998779e+02 5.7229998779e+02 5.7229998779e+02 5.7240002441e+02 5.7240002441e+02 5.7250000000e+02 5.7250000000e+02 5.7250000000e+02 5.7259997559e+02 5.7259997559e+02 5.7270001221e+02 5.7279998779e+02 5.7279998779e+02 5.7290002441e+02 5.7300000000e+02 5.7300000000e+02 5.7309997559e+02 5.7309997559e+02 5.7320001221e+02 5.7329998779e+02 5.7329998779e+02 5.7329998779e+02 5.7340002441e+02 5.7350000000e+02 5.7350000000e+02 5.7350000000e+02 5.7350000000e+02 5.7359997559e+02 5.7359997559e+02 5.7359997559e+02 5.7370001221e+02
5.7209997559e+02 5.7209997559e+02 5.7209997559e+02 5.7209997559e+02 5.7220001221e+02 5.7220001221e+02 5.7220001221e+02 5.7220001221e+02 5.7229998779e+02 5.7229998779e+02 5.7229998779e+02 5.7229998779e+02 5.7229998779e+02 5.7229998779e+02 5.7240002441e+02 5.7240002441e+02 5.7250000000e+02 5.7250000000e+02 5.7250000000e+02 5.7259997559e+02 5.7259997559e+02 5.7259997559e+02 5.7270001221e+02 5.7270001221e+02 5.7279998779e+02 5.7290002441e+02 5.7290002441e+02 5.7300000000e+02 5.7300000000e+02 5.7309997559e+02 5.7309997559e+02 5.7320001221e+02 5.7329998779e+02 5.7329998779e+02 5.7340002441e+02 5.7340002441e+02 5.7350000000e+02 5.7359997559e+02 5.7359997559e+02 5.7359997559e+02 5.7370001221e+02 5.7370001221e+02 5.7370001221e+02 5.7379998779e+02 5.7379998779e+02 5.7379998779e+02
5.7220001221e+02 5.7220001221e+02 5.7220001221e+02 5.7229998779e+02 5.7229998779e+02 5.7229998779e+02 5.7240002441e+02 5.7240002441e+02 5.7240002441e+02 5.7240002441e+02 5.7240002441e+02 5.7250000000e+02 5.7250000000e+02 5.7250000000e+02 5.7250000000e+02 5.7259997559e+02 5.7259997559e+02 5.7259997559e+02 5.7270001221e+02 5.7270001221e+02 5.7279998779e+02 5.7279998779e+02 5.7279998779e+02 5.7290002441e+02 5.7300000000e+02 5.7300000000e+02 5.7309997559e+02 5.7309997559e+02 5.7320001221e+02 5.7320001221e+02 5.7329998779e+02 5.7340002441e+02 5.7340002441e+02 5.7350000000e+02 5.7350000000e+02 5.7359997559e+02 5.7359997559e+02 5.7370001221e+02 5.7370001221e+02 5.7379998779e+02 5.7379998779e+02 5.7379998779e+02 5.7390002441e+02 5.7390002441e+02 5.7390002441e+02 5.7400000000e+02
5.7229998779e+02 5.7240002441e+02 5.7240002441e+02 5.7240002441e+02 5.7250000000e+02 5.7250000000e+02 5.7250000000e+02 5.7250000000e+02 5.7259997559e+02 5.7259997559e+02 5.7259997559e+02 5.7259997559e+02 5.7259997559e+02 5.7270001221e+02 5.7270001221e+02 5.7270001221e+02 5.7279998779e+02 5.7279998779e+02 5.7279998779e+02 5.7290002441e+02 5.7290002441e+02 5.7300000000e+02 5.7300000000e+02 5.7300000000e+02 5.7309997559e+02 5.7320001221e+02 5.7320001221e+02 5.7329998779e+02 5.7340002441e+02 5.7340002441e+02 5.7350000000e+02 5.7350000000e+02 5.7359997559e+02 5.7359997559e+02 5.7370001221e+02 5.7379998779e+02 5.7379998779e+02 5.7379998779e+02 5.7390002441e+02 5.7390002441e+02 5.7390002441e+02 5.7400000000e+02 5.7400000000e+02 5.7409997559e+02 5.7409997559e+02 5.7409997559e+02
5.7250000000e+02 5.7250000000e+02 5.7259997559e+02 5.7259997559e+02 5.7259997559e+02 5.7270001221e+02 5.7270001221e+02 5.7270001221e+02 5.7279998779e+02 5.7279998779e+02 5.7279998779e+02 5.7279998779e+02 5.7279998779e+02 5.7290002441e+02 5.7290002441e+02 5.7290002441e+02 5.7290002441e+02 5.7300000000e+02 5.7300000000e+02 5.7300000000e+02 5.7309997559e+02 5.7309997559e+02 5.7320001221e+02 5.7320001221e+02 5.7329998779e+02 5.7329998779e+02 5.7340002441e+02 5.7350000000e+02 5.7350000000e+02 5.7359997559e+02 5.7359997559e+02 5.7370001221e+02 5.7370001221e+02 5.7379998779e+02 5.7390002441e+02 5.7390002441e+02 5.7390002441e+02 5.7400000000e+02 5.7400000000e+02 5.7409997559e+02 5.7409997559e+02 5.7420001221e+02 5.7420001221e+02 5.7420001221e+02 5.7429998779e+02 5.7429998779e+02
5.7259997559e+02 5.7270001221e+02 5.7270001221e+02 5.7270001221e+02 5.7279998779e+02 5.7279998779e+02 5.7279998779e+02 5.7290002441e+02 5.7290002441e+02 5.7290002441e+02 5.7300000000e+02 5.7300000000e+02 5.7300000000e+02 5.7300000000e+02 5.7309997559e+02 5.7309997559e+02 5.7309997559e+02 5.7309997559e+02 5.7320001221e+02 5.7320001221e+02 5.7329998779e+02 5.7329998779e+02 5.7329998779e+02 5.7340002441e+02 5.7340002441e+02 5.7350000000e+02 5.7350000000e+02 5.7359997559e+02 5.7370001221e+02 5.7370001221e+02 5.7379998779e+02 5.7379998779e+02 5.7390002441e+02 5.7400000000e+02 5.7400000000e+02 5.7409997559e+02 5.7409997559e+02 5.7420001221e+02 5.7420001221e+02 5.7420001221e+02 5.7429998779e+02 5.7429998779e+02 5.7429998779e+02 5.7440002441e+02 5.7440002441e+02 5.7450000000e+02
5.7279998779e+02 5.7279998779e+02 5.7279998779e+02 5.7290002441e+02 5.7290002441e+02 5.7300000000e+02 5.7300000000e+02 5.7300000000e+02 5.7309997559e+02 5.7309997559e+02 5.7309997559e+02 5.7309997559e+02 5.7320001221e+02 5.7320001221e+02 5.7320001221e+02 5.7329998779e+02 5.7329998779e+02 5.7329998779e+02 5.7329998779e+02 5.7340002441e+02 5.7340002441e+02 5.7350000000e+02 5.7350000000e+02 5.7350000000e+02 5.7359997559e+02 5.7370001221e+02 5.7370001221e+02 5.7379998779e+02 5.7379998779e+02 5.7390002441e+02 5.7400000000e+02 5.7400000000e+02 5.7400000000e+02 5.7409997559e+02 5.7420001221e+02 5.7420001221e+02 5.7429998779e+02 5.7429998779e+02 5.7440002441e+02 5.7440002441e+02 5.7440002441e+02 5.7450000000e+02 5.7450000000e+02 5.7450000000e+02 5.7459997559e+02 5.7459997559e+02
5.7290002441e+02 5.7300000000e+02 5.7300000000e+02 5.7300000000e+02 5.7309997559e+02 5.7309997559e+02 5.7320001221e+02 5.7320001221e+02 5.7320001221e+02 5.7329998779e+02 5.7329998779e+02 5.7329998779e+02 5.7329998779e+02 5.7340002441e+02 5.7340002441e+02 5.7340002441e+02 5.7350000000e+02 5.7350000000e+02 5.7350000000e+02 5.7359997559e+02 5.7359997559e+02 5.7359997559e+02 5.7370001221e+02 5.7370001221e+02 5.7379998779e+02 5.7379998779e+02 5.7390002441e+02 5.7390002441e+02 5.7400000000e+02 5.7409997559e+02 5.7409997559e+02 5.7409997559e+02 5.7420001221e+02 5.7429998779e+02 5.7440002441e+02 5.7440002441e+02 5.7450000000e+02 5.7450000000e+02 5.7450000000e+02 5.7459997559e+02 5.7459997559e+02 5.7470001221e+02 5.7470001221e+02 5.7470001221e+02 5.7470001221e+02 5.7479998779e+02
