DGM_1M_UPPER_AUSTRIA/38/15.asc
NCOLS 100
NROWS 100
XLLCORNER 6.3950500000e+04
YLLCORNER 2.9378850000e+05
CELLSIZE 1.0000000000e+00
NODATA_VALUE -9.9990000000e+03
[rows 80 to 99 of 100, columns 46 to 91 of 100]
5.8050000000e+02 5.8040002441e+02 5.8040002441e+02 5.8029998779e+02 5.8029998779e+02 5.8029998779e+02 5.8020001221e+02 5.8000000000e+02 5.7990002441e+02 5.7970001221e+02 5.7929998779e+02 5.7879998779e+02 5.7840002441e+02 5.7809997559e+02 5.7800000000e+02 5.7779998779e+02 5.7750000000e+02 5.7700000000e+02 5.7670001221e+02 5.7650000000e+02 5.7640002441e+02 5.7629998779e+02 5.7620001221e+02 5.7609997559e+02 5.7600000000e+02 5.7590002441e+02 5.7579998779e+02 5.7570001221e+02 5.7559997559e+02 5.7550000000e+02 5.7529998779e+02 5.7520001221e+02 5.7509997559e+02 5.7509997559e+02 5.7520001221e+02 5.7529998779e+02 5.7540002441e+02 5.7550000000e+02 5.7559997559e+02 5.7570001221e+02 5.7579998779e+02 5.7590002441e+02 5.7590002441e+02 5.7590002441e+02 5.7590002441e+02 5.7600000000e+02
5.8050000000e+02 5.8050000000e+02 5.8040002441e+02 5.8040002441e+02 5.8040002441e+02 5.8029998779e+02 5.8020001221e+02 5.8009997559e+02 5.7990002441e+02 5.7959997559e+02 5.7920001221e+02 5.7859997559e+02 5.7820001221e+02 5.7800000000e+02 5.7790002441e+02 5.7759997559e+02 5.7720001221e+02 5.7690002441e+02 5.7659997559e+02 5.7650000000e+02 5.7640002441e+02 5.7629998779e+02 5.7620001221e+02 5.7609997559e+02 5.7600000000e+02 5.7590002441e+02 5.7579998779e+02 5.7570001221e+02 5.7559997559e+02 5.7540002441e+02 5.7529998779e+02 5.7529998779e+02 5.7529998779e+02 5.7550000000e+02 5.7559997559e+02 5.7579998779e+02 5.7590002441e+02 5.7609997559e+02 5.7620001221e+02 5.7620001221e+02 5.7620001221e+02 5.7620001221e+02 5.7620001221e+02 5.7620001221e+02 5.7620001221e+02 5.7629998779e+02
5.8059997559e+02 5.8050000000e+02 5.8050000000e+02 5.8040002441e+02 5.8040002441e+02 5.8029998779e+02 5.8020001221e+02 5.8009997559e+02 5.7990002441e+02 5.7959997559e+02 5.7900000000e+02 5.7840002441e+02 5.7800000000e+02 5.7790002441e+02 5.7779998779e+02 5.7740002441e+02 5.7700000000e+02 5.7679998779e+02 5.7659997559e+02 5.7650000000e+02 5.7640002441e+02 5.7629998779e+02 5.7620001221e+02 5.7609997559e+02 5.7600000000e+02 5.7590002441e+02 5.7579998779e+02 5.7559997559e+02 5.7550000000e+02 5.7550000000e+02 5.7550000000e+02 5.7559997559e+02 5.7579998779e+02 5.7590002441e+02 5.7609997559e+02 5.7629998779e+02 5.7640002441e+02 5.7650000000e+02 5.7650000000e+02 5.7650000000e+02 5.7650000000e+02 5.7650000000e+02 5.7640002441e+02 5.7650000000e+02 5.7659997559e+02 5.7659997559e+02
5.8059997559e+02 5.8050000000e+02 5.8050000000e+02 5.8040002441e+02 5.8040002441e+02 5.8029998779e+02 5.8020001221e+02 5.8009997559e+02 5.7979998779e+02 5.7940002441e+02 5.7870001221e+02 5.7820001221e+02 5.7790002441e+02 5.7790002441e+02 5.7759997559e+02 5.7720001221e+02 5.7690002441e+02 5.7679998779e+02 5.7670001221e+02 5.7650000000e+02 5.7640002441e+02 5.7629998779e+02 5.7629998779e+02 5.7620001221e+02 5.7600000000e+02 5.7590002441e+02 5.7579998779e+02 5.7570001221e+02 5.7570001221e+02 5.7579998779e+02 5.7590002441e+02 5.7609997559e+02 5.7629998779e+02 5.7640002441e+02 5.7659997559e+02 5.7670001221e+02 5.7679998779e+02 5.7690002441e+02 5.7690002441e+02 5.7679998779e+02 5.7679998779e+02 5.7679998779e+02 5.7670001221e+02 5.7679998779e+02 5.7690002441e+02 5.7700000000e+02
5.8059997559e+02 5.8050000000e+02 5.8050000000e+02 5.8040002441e+02 5.8040002441e+02 5.8029998779e+02 5.8020001221e+02 5.8000000000e+02 5.7959997559e+02 5.7900000000e+02 5.7840002441e+02 5.7800000000e+02 5.7779998779e+02 5.7770001221e+02 5.7729998779e+02 5.7709997559e+02 5.7690002441e+02 5.7679998779e+02 5.7670001221e+02 5.7650000000e+02 5.7650000000e+02 5.7629998779e+02 5.7629998779e+02 5.7620001221e+02 5.7600000000e+02 5.7590002441e+02 5.7590002441e+02 5.7600000000e+02 5.7609997559e+02 5.7620001221e+02 5.7629998779e+02 5.7659997559e+02 5.7670001221e+02 5.7679998779e+02 5.7690002441e+02 5.7700000000e+02 5.7709997559e+02 5.7709997559e+02 5.7709997559e+02 5.7709997559e+02 5.7709997559e+02 5.7709997559e+02 5.7709997559e+02 5.7709997559e+02 5.7720001221e+02 5.7729998779e+02
5.8059997559e+02 5.8050000000e+02 5.8050000000e+02 5.8050000000e+02 5.8040002441e+02 5.8029998779e+02 5.8020001221e+02 5.7979998779e+02 5.7909997559e+02 5.7850000000e+02 5.7800000000e+02 5.7779998779e+02 5.7770001221e+02 5.7740002441e+02 5.7709997559e+02 5.7700000000e+02 5.7690002441e+02 5.7679998779e+02 5.7670001221e+02 5.7650000000e+02 5.7650000000e+02 5.7629998779e+02 5.7620001221e+02 5.7620001221e+02 5.7609997559e+02 5.7609997559e+02 5.7620001221e+02 5.7640002441e+02 5.7650000000e+02 5.7659997559e+02 5.7679998779e+02 5.7690002441e+02 5.7700000000e+02 5.7700000000e+02 5.7709997559e+02 5.7720001221e+02 5.7729998779e+02 5.7729998779e+02 5.7729998779e+02 5.7740002441e+02 5.7740002441e+02 5.7740002441e+02 5.7729998779e+02 5.7740002441e+02 5.7750000000e+02 5.7750000000e+02
5.8059997559e+02 5.8050000000e+02 5.8050000000e+02 5.8040002441e+02 5.8029998779e+02 5.8020001221e+02 5.8000000000e+02 5.7950000000e+02 5.7879998779e+02 5.7809997559e+02 5.7770001221e+02 5.7770001221e+02 5.7750000000e+02 5.7720001221e+02 5.7709997559e+02 5.7700000000e+02 5.7690002441e+02 5.7679998779e+02 5.7670001221e+02 5.7659997559e+02 5.7650000000e+02 5.7629998779e+02 5.7629998779e+02 5.7620001221e+02 5.7629998779e+02 5.7640002441e+02 5.7659997559e+02 5.7679998779e+02 5.7690002441e+02 5.7700000000e+02 5.7700000000e+02 5.7709997559e+02 5.7720001221e+02 5.7720001221e+02 5.7729998779e+02 5.7729998779e+02 5.7740002441e+02 5.7740002441e+02 5.7750000000e+02 5.7759997559e+02 5.7759997559e+02 5.7759997559e+02 5.7759997559e+02 5.7770001221e+02 5.7770001221e+02 5.7779998779e+02
5.8059997559e+02 5.8050000000e+02 5.8050000000e+02 5.8040002441e+02 5.8029998779e+02 5.8009997559e+02 5.7979998779e+02 5.7909997559e+02 5.7840002441e+02 5.7779998779e+02 5.7759997559e+02 5.7750000000e+02 5.7740002441e+02 5.7720001221e+02 5.7709997559e+02 5.7700000000e+02 5.7690002441e+02 5.7679998779e+02 5.7670001221e+02 5.7659997559e+02 5.7650000000e+02 5.7650000000e+02 5.7650000000e+02 5.7650000000e+02 5.7670001221e+02 5.7679998779e+02 5.7700000000e+02 5.7709997559e+02 5.7709997559e+02 5.7720001221e+02 5.7720001221e+02 5.7720001221e+02 5.7729998779e+02 5.7729998779e+02 5.7740002441e+02 5.7740002441e+02 5.7750000000e+02 5.7759997559e+02 5.7770001221e+02 5.7779998779e+02 5.7779998779e+02 5.7779998779e+02 5.7790002441e+02 5.7800000000e+02 5.7809997559e+02 5.7809997559e+02
5.8059997559e+02 5.8050000000e+02 5.8040002441e+02 5.8029998779e+02 5.8020001221e+02 5.7990002441e+02 5.7940002441e+02 5.7859997559e+02 5.7790002441e+02 5.7759997559e+02 5.7759997559e+02 5.7740002441e+02 5.7729998779e+02 5.7720001221e+02 5.7709997559e+02 5.7709997559e+02 5.7690002441e+02 5.7679998779e+02 5.7670001221e+02 5.7670001221e+02 5.7670001221e+02 5.7670001221e+02 5.7679998779e+02 5.7690002441e+02 5.7700000000e+02 5.7709997559e+02 5.7720001221e+02 5.7720001221e+02 5.7729998779e+02 5.7729998779e+02 5.7729998779e+02 5.7729998779e+02 5.7740002441e+02 5.7740002441e+02 5.7750000000e+02 5.7759997559e+02 5.7759997559e+02 5.7770001221e+02 5.7779998779e+02 5.7790002441e+02 5.7800000000e+02 5.7800000000e+02 5.7809997559e+02 5.7820001221e+02 5.7829998779e+02 5.7840002441e+02
5.8050000000e+02 5.8050000000e+02 5.8040002441e+02 5.8029998779e+02 5.8009997559e+02 5.7959997559e+02 5.7890002441e+02 5.7809997559e+02 5.7770001221e+02 5.7759997559e+02 5.7750000000e+02 5.7740002441e+02 5.7729998779e+02 5.7729998779e+02 5.7720001221e+02 5.7709997559e+02 5.7700000000e+02 5.7690002441e+02 5.7679998779e+02 5.7679998779e+02 5.7690002441e+02 5.7709997559e+02 5.7720001221e+02 5.7720001221e+02 5.7729998779e+02 5.7729998779e+02 5.7729998779e+02 5.7729998779e+02 5.7729998779e+02 5.7729998779e+02 5.7740002441e+02 5.7740002441e+02 5.7750000000e+02 5.7759997559e+02 5.7759997559e+02 5.7770001221e+02 5.7779998779e+02 5.7790002441e+02 5.7800000000e+02 5.7809997559e+02 5.7820001221e+02 5.7820001221e+02 5.7840002441e+02 5.7850000000e+02 5.7859997559e+02 5.7859997559e+02
5.8050000000e+02 5.8050000000e+02 5.8040002441e+02 5.8020001221e+02 5.7979998779e+02 5.7909997559e+02 5.7829998779e+02 5.7779998779e+02 5.7770001221e+02 5.7759997559e+02 5.7750000000e+02 5.7740002441e+02 5.7740002441e+02 5.7729998779e+02 5.7720001221e+02 5.7709997559e+02 5.7700000000e+02 5.7700000000e+02 5.7700000000e+02 5.7709997559e+02 5.7720001221e+02 5.7740002441e+02 5.7740002441e+02 5.7740002441e+02 5.7740002441e+02 5.7740002441e+02 5.7740002441e+02 5.7740002441e+02 5.7740002441e+02 5.7740002441e+02 5.7750000000e+02 5.7759997559e+02 5.7759997559e+02 5.7770001221e+02 5.7779998779e+02 5.7790002441e+02 5.7800000000e+02 5.7800000000e+02 5.7809997559e+02 5.7820001221e+02 5.7840002441e+02 5.7840002441e+02 5.7859997559e+02 5.7870001221e+02 5.7879998779e+02 5.7890002441e+02
5.8050000000e+02 5.8040002441e+02 5.8020001221e+02 5.8000000000e+02 5.7940002441e+02 5.7859997559e+02 5.7790002441e+02 5.7770001221e+02 5.7770001221e+02 5.7759997559e+02 5.7750000000e+02 5.7740002441e+02 5.7740002441e+02 5.7729998779e+02 5.7720001221e+02 5.7709997559e+02 5.7709997559e+02 5.7720001221e+02 5.7740002441e+02 5.7750000000e+02 5.7750000000e+02 5.7759997559e+02 5.7759997559e+02 5.7759997559e+02 5.7750000000e+02 5.7750000000e+02 5.7750000000e+02 5.7750000000e+02 5.7759997559e+02 5.7759997559e+02 5.7759997559e+02 5.7770001221e+02 5.7779998779e+02 5.7790002441e+02 5.7800000000e+02 5.7800000000e+02 5.7809997559e+02 5.7820001221e+02 5.7829998779e+02 5.7840002441e+02 5.7850000000e+02 5.7859997559e+02 5.7870001221e+02 5.7890002441e+02 5.7900000000e+02 5.7909997559e+02
5.8040002441e+02 5.8029998779e+02 5.8000000000e+02 5.7959997559e+02 5.7890002441e+02 5.7820001221e+02 5.7779998779e+02 5.7779998779e+02 5.7770001221e+02 5.7759997559e+02 5.7759997559e+02 5.7750000000e+02 5.7740002441e+02 5.7729998779e+02 5.7729998779e+02 5.7729998779e+02 5.7740002441e+02 5.7750000000e+02 5.7759997559e+02 5.7770001221e+02 5.7770001221e+02 5.7770001221e+02 5.7770001221e+02 5.7759997559e+02 5.7759997559e+02 5.7759997559e+02 5.7759997559e+02 5.7759997559e+02 5.7770001221e+02 5.7770001221e+02 5.7779998779e+02 5.7790002441e+02 5.7800000000e+02 5.7800000000e+02 5.7809997559e+02 5.7820001221e+02 5.7829998779e+02 5.7840002441e+02 5.7850000000e+02 5.7859997559e+02 5.7870001221e+02 5.7890002441e+02 5.7900000000e+02 5.7900000000e+02 5.7909997559e+02 5.7920001221e+02
5.8029998779e+02 5.8009997559e+02 5.7970001221e+02 5.7909997559e+02 5.7840002441e+02 5.7800000000e+02 5.7790002441e+02 5.7779998779e+02 5.7770001221e+02 5.7770001221e+02 5.7759997559e+02 5.7750000000e+02 5.7740002441e+02 5.7740002441e+02 5.7740002441e+02 5.7750000000e+02 5.7770001221e+02 5.7779998779e+02 5.7779998779e+02 5.7779998779e+02 5.7779998779e+02 5.7770001221e+02 5.7770001221e+02 5.7770001221e+02 5.7770001221e+02 5.7770001221e+02 5.7770001221e+02 5.7779998779e+02 5.7779998779e+02 5.7790002441e+02 5.7790002441e+02 5.7800000000e+02 5.7809997559e+02 5.7820001221e+02 5.7829998779e+02 5.7840002441e+02 5.7850000000e+02 5.7859997559e+02 5.7870001221e+02 5.7879998779e+02 5.7890002441e+02 5.7909997559e+02 5.7920001221e+02 5.7920001221e+02 5.7929998779e+02 5.7940002441e+02
5.8009997559e+02 5.7970001221e+02 5.7920001221e+02 5.7859997559e+02 5.7809997559e+02 5.7790002441e+02 5.7790002441e+02 5.7779998779e+02 5.7770001221e+02 5.7770001221e+02 5.7759997559e+02 5.7750000000e+02 5.7750000000e+02 5.7759997559e+02 5.7770001221e+02 5.7779998779e+02 5.7790002441e+02 5.7790002441e+02 5.7790002441e+02 5.7779998779e+02 5.7779998779e+02 5.7779998779e+02 5.7779998779e+02 5.7779998779e+02 5.7779998779e+02 5.7779998779e+02 5.7779998779e+02 5.7790002441e+02 5.7790002441e+02 5.7800000000e+02 5.7809997559e+02 5.7820001221e+02 5.7829998779e+02 5.7840002441e+02 5.7850000000e+02 5.7859997559e+02 5.7870001221e+02 5.7879998779e+02 5.7890002441e+02 5.7900000000e+02 5.7909997559e+02 5.7920001221e+02 5.7929998779e+02 5.7940002441e+02 5.7950000000e+02 5.7959997559e+02
5.7979998779e+02 5.7920001221e+02 5.7859997559e+02 5.7820001221e+02 5.7800000000e+02 5.7790002441e+02 5.7790002441e+02 5.7779998779e+02 5.7770001221e+02 5.7770001221e+02 5.7759997559e+02 5.7759997559e+02 5.7770001221e+02 5.7779998779e+02 5.7790002441e+02 5.7800000000e+02 5.7800000000e+02 5.7800000000e+02 5.7790002441e+02 5.7790002441e+02 5.7790002441e+02 5.7790002441e+02 5.7790002441e+02 5.7790002441e+02 5.7790002441e+02 5.7790002441e+02 5.7790002441e+02 5.7800000000e+02 5.7809997559e+02 5.7809997559e+02 5.7820001221e+02 5.7829998779e+02 5.7840002441e+02 5.7850000000e+02 5.7859997559e+02 5.7870001221e+02 5.7890002441e+02 5.7900000000e+02 5.7909997559e+02 5.7920001221e+02 5.7929998779e+02 5.7940002441e+02 5.7950000000e+02 5.7959997559e+02 5.7970001221e+02 5.7979998779e+02
5.7920001221e+02 5.7859997559e+02 5.7829998779e+02 5.7820001221e+02 5.7809997559e+02 5.7800000000e+02 5.7790002441e+02 5.7779998779e+02 5.7779998779e+02 5.7770001221e+02 5.7770001221e+02 5.7779998779e+02 5.7790002441e+02 5.7800000000e+02 5.7809997559e+02 5.7809997559e+02 5.7809997559e+02 5.7800000000e+02 5.7800000000e+02 5.7800000000e+02 5.7800000000e+02 5.7800000000e+02 5.7800000000e+02 5.7800000000e+02 5.7800000000e+02 5.7809997559e+02 5.7809997559e+02 5.7820001221e+02 5.7820001221e+02 5.7829998779e+02 5.7840002441e+02 5.7850000000e+02 5.7859997559e+02 5.7870001221e+02 5.7879998779e+02 5.7890002441e+02 5.7909997559e+02 5.7920001221e+02 5.7929998779e+02 5.7940002441e+02 5.7950000000e+02 5.7959997559e+02 5.7970001221e+02 5.7979998779e+02 5.7990002441e+02 5.8009997559e+02
5.7859997559e+02 5.7829998779e+02 5.7820001221e+02 5.7820001221e+02 5.7809997559e+02 5.7800000000e+02 5.7790002441e+02 5.7790002441e+02 5.7779998779e+02 5.7779998779e+02 5.7800000000e+02 5.7809997559e+02 5.7809997559e+02 5.7820001221e+02 5.7820001221e+02 5.7809997559e+02 5.7809997559e+02 5.7809997559e+02 5.7809997559e+02 5.7809997559e+02 5.7809997559e+02 5.7809997559e+02 5.7809997559e+02 5.7809997559e+02 5.7809997559e+02 5.7820001221e+02 5.7820001221e+02 5.7829998779e+02 5.7840002441e+02 5.7850000000e+02 5.7850000000e+02 5.7859997559e+02 5.7870001221e+02 5.7890002441e+02 5.7900000000e+02 5.7909997559e+02 5.7920001221e+02 5.7940002441e+02 5.7950000000e+02 5.7959997559e+02 5.7970001221e+02 5.7979998779e+02 5.7990002441e+02 5.8000000000e+02 5.8009997559e+02 5.8029998779e+02
5.7840002441e+02 5.7829998779e+02 5.7829998779e+02 5.7820001221e+02 5.7809997559e+02 5.7800000000e+02 5.7800000000e+02 5.7790002441e+02 5.7800000000e+02 5.7809997559e+02 5.7820001221e+02 5.7829998779e+02 5.7829998779e+02 5.7820001221e+02 5.7820001221e+02 5.7820001221e+02 5.7820001221e+02 5.7820001221e+02 5.7820001221e+02 5.7820001221e+02 5.7820001221e+02 5.7820001221e+02 5.7820001221e+02 5.7820001221e+02 5.7829998779e+02 5.7829998779e+02 5.7840002441e+02 5.7850000000e+02 5.7850000000e+02 5.7859997559e+02 5.7870001221e+02 5.7879998779e+02 5.7890002441e+02 5.7909997559e+02 5.7920001221e+02 5.7929998779e+02 5.7940002441e+02 5.7959997559e+02 5.7970001221e+02 5.7979998779e+02 5.7990002441e+02 5.8000000000e+02 5.8009997559e+02 5.8020001221e+02 5.8029998779e+02 5.8050000000e+02
5.7840002441e+02 5.7829998779e+02 5.7829998779e+02 5.7820001221e+02 5.7820001221e+02 5.7809997559e+02 5.7800000000e+02 5.7809997559e+02 5.7820001221e+02 5.7829998779e+02 5.7840002441e+02 5.7829998779e+02 5.7829998779e+02 5.7829998779e+02 5.7829998779e+02 5.7829998779e+02 5.7829998779e+02 5.7820001221e+02 5.7820001221e+02 5.7820001221e+02 5.7829998779e+02 5.7829998779e+02 5.7829998779e+02 5.7840002441e+02 5.7840002441e+02 5.7840002441e+02 5.7850000000e+02 5.7859997559e+02 5.7870001221e+02 5.7879998779e+02 5.7890002441e+02 5.7900000000e+02 5.7909997559e+02 5.7920001221e+02 5.7929998779e+02 5.7950000000e+02 5.7959997559e+02 5.7970001221e+02 5.7990002441e+02 5.8000000000e+02 5.8009997559e+02 5.8020001221e+02 5.8029998779e+02 5.8040002441e+02 5.8050000000e+02 5.8070001221e+02
