DGM_1M_UPPER_AUSTRIA/38/15.asc
NCOLS 100
NROWS 100
XLLCORNER 6.3950500000e+04
YLLCORNER 2.9378850000e+05
CELLSIZE 1.0000000000e+00
NODATA_VALUE -9.9990000000e+03
[rows 40 to 59 of 100, columns 0 to 45 of 100]
5.7309997559e+02 5.7309997559e+02 5.7309997559e+02 5.7320001221e+02 5.7320001221e+02 5.7329998779e+02 5.7329998779e+02 5.7329998779e+02 5.7340002441e+02 5.7340002441e+02 5.7350000000e+02 5.7350000000e+02 5.7350000000e+02 5.7350000000e+02 5.7359997559e+02 5.7359997559e+02 5.7359997559e+02 5.7370001221e+02 5.7370001221e+02 5.7370001221e+02 5.7379998779e+02 5.7379998779e+02 5.7390002441e+02 5.7390002441e+02 5.7390002441e+02 5.7400000000e+02 5.7400000000e+02 5.7409997559e+02 5.7420001221e+02 5.7420001221e+02 5.7429998779e+02 5.7429998779e+02 5.7440002441e+02 5.7450000000e+02 5.7450000000e+02 5.7459997559e+02 5.7459997559e+02 5.7470001221e+02 5.7470001221e+02 5.7479998779e+02 5.7479998779e+02 5.7479998779e+02 5.7479998779e+02 5.7490002441e+02 5.7490002441e+02 5.7490002441e+02
5.7320001221e+02 5.7320001221e+02 5.7329998779e+02 5.7329998779e+02 5.7329998779e+02 5.7340002441e+02 5.7340002441e+02 5.7350000000e+02 5.7350000000e+02 5.7359997559e+02 5.7359997559e+02 5.7359997559e+02 5.7370001221e+02 5.7370001221e+02 5.7379998779e+02 5.7379998779e+02 5.7379998779e+02 5.7379998779e+02 5.7390002441e+02 5.7390002441e+02 5.7390002441e+02 5.7400000000e+02 5.7400000000e+02 5.7409997559e+02 5.7409997559e+02 5.7420001221e+02 5.7420001221e+02 5.7429998779e+02 5.7429998779e+02 5.7440002441e+02 5.7440002441e+02 5.7450000000e+02 5.7450000000e+02 5.7459997559e+02 5.7470001221e+02 5.7470001221e+02 5.7479998779e+02 5.7479998779e+02 5.7490002441e+02 5.7490002441e+02 5.7500000000e+02 5.7500000000e+02 5.7500000000e+02 5.7500000000e+02 5.7509997559e+02 5.7509997559e+02
5.7329998779e+02 5.7329998779e+02 5.7340002441e+02 5.7340002441e+02 5.7350000000e+02 5.7350000000e+02 5.7359997559e+02 5.7359997559e+02 5.7370001221e+02 5.7370001221e+02 5.7379998779e+02 5.7379998779e+02 5.7379998779e+02 5.7390002441e+02 5.7390002441e+02 5.7390002441e+02 5.7400000000e+02 5.7400000000e+02 5.7400000000e+02 5.7409997559e+02 5.7409997559e+02 5.7420001221e+02 5.7420001221e+02 5.7420001221e+02 5.7429998779e+02 5.7429998779e+02 5.7440002441e+02 5.7440002441e+02 5.7450000000e+02 5.7450000000e+02 5.7459997559e+02 5.7459997559e+02 5.7470001221e+02 5.7479998779e+02 5.7479998779e+02 5.7490002441e+02 5.7490002441e+02 5.7500000000e+02 5.7500000000e+02 5.7509997559e+02 5.7509997559e+02 5.7509997559e+02 5.7520001221e+02 5.7520001221e+02 5.7529998779e+02 5.7529998779e+02
5.7340002441e+02 5.7350000000e+02 5.7350000000e+02 5.7359997559e+02 5.7359997559e+02 5.7370001221e+02 5.7370001221e+02 5.7379998779e+02 5.7379998779e+02 5.7379998779e+02 5.7390002441e+02 5.7390002441e+02 5.7400000000e+02 5.7400000000e+02 5.7409997559e+02 5.7409997559e+02 5.7409997559e+02 5.7420001221e+02 5.7420001221e+02 5.7420001221e+02 5.7429998779e+02 5.7429998779e+02 5.7440002441e+02 5.7440002441e+02 5.7440002441e+02 5.7450000000e+02 5.7450000000e+02 5.7459997559e+02 5.7459997559e+02 5.7470001221e+02 5.7470001221e+02 5.7479998779e+02 5.7490002441e+02 5.7490002441e+02 5.7500000000e+02 5.7500000000e+02 5.7509997559e+02 5.7520001221e+02 5.7520001221e+02 5.7529998779e+02 5.7529998779e+02 5.7529998779e+02 5.7540002441e+02 5.7540002441e+02 5.7540002441e+02 5.7550000000e+02
5.7350000000e+02 5.7359997559e+02 5.7359997559e+02 5.7370001221e+02 5.7370001221e+02 5.7379998779e+02 5.7379998779e+02 5.7390002441e+02 5.7400000000e+02 5.7400000000e+02 5.7400000000e+02 5.7409997559e+02 5.7420001221e+02 5.7420001221e+02 5.7420001221e+02 5.7429998779e+02 5.7429998779e+02 5.7429998779e+02 5.7440002441e+02 5.7440002441e+02 5.7440002441e+02 5.7450000000e+02 5.7450000000e+02 5.7459997559e+02 5.7459997559e+02 5.7470001221e+02 5.7470001221e+02 5.7470001221e+02 5.7479998779e+02 5.7490002441e+02 5.7490002441e+02 5.7500000000e+02 5.7509997559e+02 5.7509997559e+02 5.7520001221e+02 5.7520001221e+02 5.7529998779e+02 5.7540002441e+02 5.7540002441e+02 5.7540002441e+02 5.7540002441e+02 5.7550000000e+02 5.7550000000e+02 5.7559997559e+02 5.7559997559e+02 5.7559997559e+02
5.7359997559e+02 5.7370001221e+02 5.7370001221e+02 5.7379998779e+02 5.7379998779e+02 5.7390002441e+02 5.7400000000e+02 5.7400000000e+02 5.7409997559e+02 5.7409997559e+02 5.7420001221e+02 5.7429998779e+02 5.7429998779e+02 5.7440002441e+02 5.7440002441e+02 5.7440002441e+02 5.7450000000e+02 5.7450000000e+02 5.7450000000e+02 5.7459997559e+02 5.7459997559e+02 5.7470001221e+02 5.7470001221e+02 5.7479998779e+02 5.7479998779e+02 5.7479998779e+02 5.7490002441e+02 5.7490002441e+02 5.7500000000e+02 5.7500000000e+02 5.7509997559e+02 5.7520001221e+02 5.7520001221e+02 5.7529998779e+02 5.7540002441e+02 5.7540002441e+02 5.7550000000e+02 5.7550000000e+02 5.7559997559e+02 5.7559997559e+02 5.7559997559e+02 5.7570001221e+02 5.7570001221e+02 5.7570001221e+02 5.7579998779e+02 5.7579998779e+02
5.7379998779e+02 5.7379998779e+02 5.7379998779e+02 5.7390002441e+02 5.7400000000e+02 5.7400000000e+02 5.7409997559e+02 5.7409997559e+02 5.7420001221e+02 5.7429998779e+02 5.7429998779e+02 5.7440002441e+02 5.7450000000e+02 5.7450000000e+02 5.7459997559e+02 5.7459997559e+02 5.7459997559e+02 5.7470001221e+02 5.7470001221e+02 5.7470001221e+02 5.7479998779e+02 5.7479998779e+02 5.7490002441e+02 5.7490002441e+02 5.7500000000e+02 5.7500000000e+02 5.7500000000e+02 5.7509997559e+02 5.7520001221e+02 5.7520001221e+02 5.7529998779e+02 5.7540002441e+02 5.7540002441e+02 5.7550000000e+02 5.7550000000e+02 5.7559997559e+02 5.7559997559e+02 5.7570001221e+02 5.7570001221e+02 5.7579998779e+02 5.7579998779e+02 5.7579998779e+02 5.7579998779e+02 5.7590002441e+02 5.7590002441e+02 5.7590002441e+02
5.7390002441e+02 5.7390002441e+02 5.7400000000e+02 5.7400000000e+02 5.7409997559e+02 5.7409997559e+02 5.7420001221e+02 5.7429998779e+02 5.7429998779e+02 5.7440002441e+02 5.7450000000e+02 5.7450000000e+02 5.7459997559e+02 5.7459997559e+02 5.7470001221e+02 5.7479998779e+02 5.7479998779e+02 5.7479998779e+02 5.7490002441e+02 5.7490002441e+02 5.7490002441e+02 5.7500000000e+02 5.7500000000e+02 5.7509997559e+02 5.7509997559e+02 5.7520001221e+02 5.7520001221e+02 5.7529998779e+02 5.7540002441e+02 5.7540002441e+02 5.7550000000e+02 5.7550000000e+02 5.7559997559e+02 5.7570001221e+02 5.7570001221e+02 5.7570001221e+02 5.7579998779e+02 5.7579998779e+02 5.7590002441e+02 5.7590002441e+02 5.7600000000e+02 5.7600000000e+02 5.7600000000e+02 5.7600000000e+02 5.7609997559e+02 5.7609997559e+02
5.7400000000e+02 5.7400000000e+02 5.7400000000e+02 5.7409997559e+02 5.7420001221e+02 5.7420001221e+02 5.7429998779e+02 5.7440002441e+02 5.7440002441e+02 5.7450000000e+02 5.7459997559e+02 5.7470001221e+02 5.7470001221e+02 5.7479998779e+02 5.7479998779e+02 5.7490002441e+02 5.7490002441e+02 5.7500000000e+02 5.7500000000e+02 5.7509997559e+02 5.7509997559e+02 5.7520001221e+02 5.7520001221e+02 5.7529998779e+02 5.7529998779e+02 5.7540002441e+02 5.7540002441e+02 5.7550000000e+02 5.7550000000e+02 5.7559997559e+02 5.7570001221e+02 5.7570001221e+02 5.7570001221e+02 5.7579998779e+02 5.7590002441e+02 5.7590002441e+02 5.7600000000e+02 5.7600000000e+02 5.7600000000e+02 5.7609997559e+02 5.7609997559e+02 5.7620001221e+02 5.7620001221e+02 5.7620001221e+02 5.7629998779e+02 5.7629998779e+02
5.7409997559e+02 5.7409997559e+02 5.7409997559e+02 5.7420001221e+02 5.7429998779e+02 5.7429998779e+02 5.7440002441e+02 5.7450000000e+02 5.7450000000e+02 5.7459997559e+02 5.7470001221e+02 5.7479998779e+02 5.7479998779e+02 5.7490002441e+02 5.7500000000e+02 5.7500000000e+02 5.7509997559e+02 5.7509997559e+02 5.7520001221e+02 5.7520001221e+02 5.7529998779e+02 5.7529998779e+02 5.7540002441e+02 5.7540002441e+02 5.7550000000e+02 5.7559997559e+02 5.7559997559e+02 5.7559997559e+02 5.7570001221e+02 5.7579998779e+02 5.7579998779e+02 5.7590002441e+02 5.7590002441e+02 5.7600000000e+02 5.7600000000e+02 5.7609997559e+02 5.7609997559e+02 5.7620001221e+02 5.7620001221e+02 5.7629998779e+02 5.7629998779e+02 5.7629998779e+02 5.7629998779e+02 5.7640002441e+02 5.7640002441e+02 5.7640002441e+02
5.7420001221e+02 5.7420001221e+02 5.7429998779e+02 5.7429998779e+02 5.7440002441e+02 5.7440002441e+02 5.7450000000e+02 5.7459997559e+02 5.7459997559e+02 5.7470001221e+02 5.7479998779e+02 5.7490002441e+02 5.7500000000e+02 5.7500000000e+02 5.7509997559e+02 5.7509997559e+02 5.7520001221e+02 5.7529998779e+02 5.7529998779e+02 5.7540002441e+02 5.7550000000e+02 5.7550000000e+02 5.7550000000e+02 5.7559997559e+02 5.7570001221e+02 5.7570001221e+02 5.7579998779e+02 5.7579998779e+02 5.7590002441e+02 5.7590002441e+02 5.7600000000e+02 5.7600000000e+02 5.7609997559e+02 5.7620001221e+02 5.7620001221e+02 5.7629998779e+02 5.7629998779e+02 5.7640002441e+02 5.7640002441e+02 5.7640002441e+02 5.7650000000e+02 5.7650000000e+02 5.7650000000e+02 5.7650000000e+02 5.7659997559e+02 5.7659997559e+02
5.7429998779e+02 5.7429998779e+02 5.7440002441e+02 5.7440002441e+02 5.7450000000e+02 5.7450000000e+02 5.7459997559e+02 5.7470001221e+02 5.7479998779e+02 5.7479998779e+02 5.7490002441e+02 5.7500000000e+02 5.7509997559e+02 5.7509997559e+02 5.7520001221e+02 5.7529998779e+02 5.7540002441e+02 5.7540002441e+02 5.7550000000e+02 5.7550000000e+02 5.7559997559e+02 5.7570001221e+02 5.7570001221e+02 5.7579998779e+02 5.7579998779e+02 5.7590002441e+02 5.7590002441e+02 5.7600000000e+02 5.7600000000e+02 5.7609997559e+02 5.7620001221e+02 5.7620001221e+02 5.7629998779e+02 5.7629998779e+02 5.7640002441e+02 5.7640002441e+02 5.7650000000e+02 5.7650000000e+02 5.7659997559e+02 5.7659997559e+02 5.7659997559e+02 5.7670001221e+02 5.7670001221e+02 5.7670001221e+02 5.7670001221e+02 5.7679998779e+02
5.7440002441e+02 5.7440002441e+02 5.7450000000e+02 5.7450000000e+02 5.7450000000e+02 5.7459997559e+02 5.7470001221e+02 5.7479998779e+02 5.7490002441e+02 5.7490002441e+02 5.7500000000e+02 5.7509997559e+02 5.7520001221e+02 5.7529998779e+02 5.7529998779e+02 5.7550000000e+02 5.7550000000e+02 5.7559997559e+02 5.7559997559e+02 5.7570001221e+02 5.7579998779e+02 5.7579998779e+02 5.7590002441e+02 5.7600000000e+02 5.7600000000e+02 5.7600000000e+02 5.7609997559e+02 5.7620001221e+02 5.7620001221e+02 5.7629998779e+02 5.7629998779e+02 5.7640002441e+02 5.7650000000e+02 5.7650000000e+02 5.7650000000e+02 5.7659997559e+02 5.7670001221e+02 5.7670001221e+02 5.7670001221e+02 5.7679998779e+02 5.7679998779e+02 5.7679998779e+02 5.7690002441e+02 5.7690002441e+02 5.7690002441e+02 5.7690002441e+02
5.7450000000e+02 5.7450000000e+02 5.7450000000e+02 5.7459997559e+02 5.7459997559e+02 5.7470001221e+02 5.7479998779e+02 5.7490002441e+02 5.7500000000e+02 5.7500000000e+02 5.7509997559e+02 5.7520001221e+02 5.7529998779e+02 5.7540002441e+02 5.7550000000e+02 5.7559997559e+02 5.7559997559e+02 5.7570001221e+02 5.7579998779e+02 5.7590002441e+02 5.7590002441e+02 5.7600000000e+02 5.7600000000e+02 5.7609997559e+02 5.7620001221e+02 5.7620001221e+02 5.7629998779e+02 5.7629998779e+02 5.7640002441e+02 5.7640002441e+02 5.7650000000e+02 5.7650000000e+02 5.7659997559e+02 5.7670001221e+02 5.7670001221e+02 5.7679998779e+02 5.7679998779e+02 5.7679998779e+02 5.7690002441e+02 5.7690002441e+02 5.7700000000e+02 5.7700000000e+02 5.7700000000e+02 5.7700000000e+02 5.7709997559e+02 5.7709997559e+02
5.7459997559e+02 5.7459997559e+02 5.7459997559e+02 5.7470001221e+02 5.7479998779e+02 5.7479998779e+02 5.7490002441e+02 5.7500000000e+02 5.7509997559e+02 5.7509997559e+02 5.7520001221e+02 5.7529998779e+02 5.7540002441e+02 5.7550000000e+02 5.7559997559e+02 5.7570001221e+02 5.7579998779e+02 5.7579998779e+02 5.7590002441e+02 5.7600000000e+02 5.7609997559e+02 5.7609997559e+02 5.7620001221e+02 5.7629998779e+02 5.7640002441e+02 5.7640002441e+02 5.7650000000e+02 5.7650000000e+02 5.7650000000e+02 5.7659997559e+02 5.7670001221e+02 5.7670001221e+02 5.7679998779e+02 5.7690002441e+02 5.7690002441e+02 5.7700000000e+02 5.7700000000e+02 5.7700000000e+02 5.7700000000e+02 5.7709997559e+02 5.7709997559e+02 5.7709997559e+02 5.7720001221e+02 5.7720001221e+02 5.7720001221e+02 5.7720001221e+02
5.7459997559e+02 5.7470001221e+02 5.7470001221e+02 5.7479998779e+02 5.7479998779e+02 5.7490002441e+02 5.7500000000e+02 5.7509997559e+02 5.7509997559e+02 5.7520001221e+02 5.7529998779e+02 5.7540002441e+02 5.7550000000e+02 5.7559997559e+02 5.7570001221e+02 5.7579998779e+02 5.7590002441e+02 5.7600000000e+02 5.7609997559e+02 5.7609997559e+02 5.7620001221e+02 5.7629998779e+02 5.7640002441e+02 5.7650000000e+02 5.7650000000e+02 5.7659997559e+02 5.7659997559e+02 5.7670001221e+02 5.7670001221e+02 5.7679998779e+02 5.7690002441e+02 5.7690002441e+02 5.7700000000e+02 5.7700000000e+02 5.7709997559e+02 5.7709997559e+02 5.7720001221e+02 5.7720001221e+02 5.7720001221e+02 5.7720001221e+02 5.7729998779e+02 5.7729998779e+02 5.7729998779e+02 5.7729998779e+02 5.7729998779e+02 5.7740002441e+02
5.7470001221e+02 5.7470001221e+02 5.7479998779e+02 5.7490002441e+02 5.7490002441e+02 5.7500000000e+02 5.7509997559e+02 5.7509997559e+02 5.7520001221e+02 5.7529998779e+02 5.7540002441e+02 5.7550000000e+02 5.7559997559e+02 5.7570001221e+02 5.7579998779e+02 5.7590002441e+02 5.7600000000e+02 5.7609997559e+02 5.7620001221e+02 5.7629998779e+02 5.7629998779e+02 5.7640002441e+02 5.7650000000e+02 5.7659997559e+02 5.7670001221e+02 5.7679998779e+02 5.7679998779e+02 5.7690002441e+02 5.7690002441e+02 5.7700000000e+02 5.7700000000e+02 5.7709997559e+02 5.7709997559e+02 5.7720001221e+02 5.7729998779e+02 5.7729998779e+02 5.7729998779e+02 5.7729998779e+02 5.7740002441e+02 5.7740002441e+02 5.7740002441e+02 5.7740002441e+02 5.7750000000e+02 5.7750000000e+02 5.7750000000e+02 5.7750000000e+02
5.7479998779e+02 5.7479998779e+02 5.7490002441e+02 5.7500000000e+02 5.7500000000e+02 5.7509997559e+02 5.7520001221e+02 5.7520001221e+02 5.7529998779e+02 5.7540002441e+02 5.7550000000e+02 5.7559997559e+02 5.7570001221e+02 5.7579998779e+02 5.7600000000e+02 5.7600000000e+02 5.7609997559e+02 5.7620001221e+02 5.7629998779e+02 5.7640002441e+02 5.7650000000e+02 5.7659997559e+02 5.7659997559e+02 5.7670001221e+02 5.7679998779e+02 5.7690002441e+02 5.7700000000e+02 5.7700000000e+02 5.7709997559e+02 5.7709997559e+02 5.7720001221e+02 5.7729998779e+02 5.7729998779e+02 5.7740002441e+02 5.7740002441e+02 5.7750000000e+02 5.7750000000e+02 5.7750000000e+02 5.7750000000e+02 5.7759997559e+02 5.7759997559e+02 5.7759997559e+02 5.7759997559e+02 5.7759997559e+02 5.7759997559e+02 5.7759997559e+02
5.7490002441e+02 5.7500000000e+02 5.7500000000e+02 5.7509997559e+02 5.7509997559e+02 5.7520001221e+02 5.7520001221e+02 5.7529998779e+02 5.7540002441e+02 5.7550000000e+02 5.7559997559e+02 5.7570001221e+02 5.7579998779e+02 5.7600000000e+02 5.7609997559e+02 5.7620001221e+02 5.7629998779e+02 5.7629998779e+02 5.7650000000e+02 5.7650000000e+02 5.7659997559e+02 5.7670001221e+02 5.7679998779e+02 5.7690002441e+02 5.7700000000e+02 5.7700000000e+02 5.7709997559e+02 5.7720001221e+02 5.7720001221e+02 5.7729998779e+02 5.7740002441e+02 5.7740002441e+02 5.7750000000e+02 5.7750000000e+02 5.7759997559e+02 5.7759997559e+02 5.7770001221e+02 5.7770001221e+02 5.7770001221e+02 5.7770001221e+02 5.7770001221e+02 5.7779998779e+02 5.7779998779e+02 5.7779998779e+02 5.7779998779e+02 5.7779998779e+02
5.7500000000e+02 5.7500000000e+02 5.7509997559e+02 5.7520001221e+02 5.7520001221e+02 5.7520001221e+02 5.7529998779e+02 5.7540002441e+02 5.7550000000e+02 5.7559997559e+02 5.7570001221e+02 5.7579998779e+02 5.7600000000e+02 5.7609997559e+02 5.7620001221e+02 5.7629998779e+02 5.7640002441e+02 5.7650000000e+02 5.7659997559e+02 5.7659997559e+02 5.7670001221e+02 5.7679998779e+02 5.7700000000e+02 5.7700000000e+02 5.7709997559e+02 5.7720001221e+02 5.7720001221e+02 5.7729998779e+02 5.7740002441e+02 5.7750000000e+02 5.7750000000e+02 5.7759997559e+02 5.7759997559e+02 5.7770001221e+02 5.7779998779e+02 5.7779998779e+02 5.7779998779e+02 5.7779998779e+02 5.7790002441e+02 5.7790002441e+02 5.7790002441e+02 5.7790002441e+02 5.7790002441e+02 5.7790002441e+02 5.7790002441e+02 5.7800000000e+02
