DGM_1M_UPPER_AUSTRIA/38/18.asc
NCOLS 100
NROWS 100
XLLCORNER 6.3950500000e+04
YLLCORNER 2.9348850000e+05
CELLSIZE 1.0000000000e+00
NODATA_VALUE -9.9990000000e+03
[rows 40 to 59 of 100, columns 0 to 45 of 100]
6.0459997559e+02 6.0459997559e+02 6.0470001221e+02 6.0479998779e+02 6.0479998779e+02 6.0479998779e+02 6.0479998779e+02 6.0490002441e+02 6.0509997559e+02 6.0529998779e+02 6.0570001221e+02 6.0590002441e+02 6.0620001221e+02 6.0640002441e+02 6.0670001221e+02 6.0690002441e+02 6.0709997559e+02 6.0740002441e+02 6.0770001221e+02 6.0800000000e+02 6.0820001221e+02 6.0850000000e+02 6.0870001221e+02 6.0890002441e+02 6.0909997559e+02 6.0929998779e+02 6.0950000000e+02 6.0970001221e+02 6.0979998779e+02 6.0990002441e+02 6.1000000000e+02 6.1009997559e+02 6.1029998779e+02 6.1029998779e+02 6.1040002441e+02 6.1050000000e+02 6.1050000000e+02 6.1059997559e+02 6.1059997559e+02 6.1070001221e+02 6.1070001221e+02 6.1079998779e+02 6.1070001221e+02 6.1059997559e+02 6.1050000000e+02 6.1040002441e+02
6.0500000000e+02 6.0500000000e+02 6.0500000000e+02 6.0509997559e+02 6.0509997559e+02 6.0509997559e+02 6.0509997559e+02 6.0520001221e+02 6.0529998779e+02 6.0550000000e+02 6.0579998779e+02 6.0609997559e+02 6.0640002441e+02 6.0659997559e+02 6.0679998779e+02 6.0700000000e+02 6.0729998779e+02 6.0759997559e+02 6.0779998779e+02 6.0809997559e+02 6.0840002441e+02 6.0859997559e+02 6.0879998779e+02 6.0900000000e+02 6.0920001221e+02 6.0940002441e+02 6.0959997559e+02 6.0979998779e+02 6.1000000000e+02 6.1009997559e+02 6.1020001221e+02 6.1029998779e+02 6.1040002441e+02 6.1050000000e+02 6.1059997559e+02 6.1059997559e+02 6.1070001221e+02 6.1070001221e+02 6.1079998779e+02 6.1090002441e+02 6.1090002441e+02 6.1090002441e+02 6.1100000000e+02 6.1090002441e+02 6.1070001221e+02 6.1070001221e+02
6.0540002441e+02 6.0529998779e+02 6.0529998779e+02 6.0540002441e+02 6.0540002441e+02 6.0540002441e+02 6.0540002441e+02 6.0550000000e+02 6.0559997559e+02 6.0579998779e+02 6.0600000000e+02 6.0629998779e+02 6.0650000000e+02 6.0670001221e+02 6.0700000000e+02 6.0720001221e+02 6.0750000000e+02 6.0770001221e+02 6.0800000000e+02 6.0820001221e+02 6.0850000000e+02 6.0870001221e+02 6.0900000000e+02 6.0920001221e+02 6.0940002441e+02 6.0959997559e+02 6.0970001221e+02 6.0990002441e+02 6.1009997559e+02 6.1020001221e+02 6.1029998779e+02 6.1050000000e+02 6.1059997559e+02 6.1070001221e+02 6.1070001221e+02 6.1079998779e+02 6.1090002441e+02 6.1090002441e+02 6.1090002441e+02 6.1100000000e+02 6.1100000000e+02 6.1109997559e+02 6.1109997559e+02 6.1109997559e+02 6.1100000000e+02 6.1100000000e+02
6.0570001221e+02 6.0559997559e+02 6.0570001221e+02 6.0570001221e+02 6.0570001221e+02 6.0570001221e+02 6.0570001221e+02 6.0570001221e+02 6.0579998779e+02 6.0600000000e+02 6.0620001221e+02 6.0650000000e+02 6.0670001221e+02 6.0690002441e+02 6.0709997559e+02 6.0740002441e+02 6.0759997559e+02 6.0790002441e+02 6.0809997559e+02 6.0840002441e+02 6.0859997559e+02 6.0890002441e+02 6.0909997559e+02 6.0929998779e+02 6.0950000000e+02 6.0970001221e+02 6.0990002441e+02 6.1009997559e+02 6.1020001221e+02 6.1029998779e+02 6.1050000000e+02 6.1059997559e+02 6.1070001221e+02 6.1079998779e+02 6.1090002441e+02 6.1090002441e+02 6.1100000000e+02 6.1100000000e+02 6.1109997559e+02 6.1109997559e+02 6.1109997559e+02 6.1120001221e+02 6.1120001221e+02 6.1129998779e+02 6.1120001221e+02 6.1120001221e+02
6.0590002441e+02 6.0590002441e+02 6.0590002441e+02 6.0600000000e+02 6.0600000000e+02 6.0600000000e+02 6.0600000000e+02 6.0590002441e+02 6.0600000000e+02 6.0620001221e+02 6.0640002441e+02 6.0670001221e+02 6.0690002441e+02 6.0709997559e+02 6.0729998779e+02 6.0750000000e+02 6.0770001221e+02 6.0800000000e+02 6.0829998779e+02 6.0859997559e+02 6.0879998779e+02 6.0909997559e+02 6.0929998779e+02 6.0950000000e+02 6.0970001221e+02 6.0979998779e+02 6.1000000000e+02 6.1020001221e+02 6.1029998779e+02 6.1050000000e+02 6.1059997559e+02 6.1070001221e+02 6.1079998779e+02 6.1090002441e+02 6.1100000000e+02 6.1109997559e+02 6.1109997559e+02 6.1109997559e+02 6.1120001221e+02 6.1120001221e+02 6.1120001221e+02 6.1129998779e+02 6.1140002441e+02 6.1140002441e+02 6.1140002441e+02 6.1140002441e+02
6.0609997559e+02 6.0609997559e+02 6.0609997559e+02 6.0620001221e+02 6.0620001221e+02 6.0629998779e+02 6.0629998779e+02 6.0629998779e+02 6.0629998779e+02 6.0640002441e+02 6.0670001221e+02 6.0690002441e+02 6.0709997559e+02 6.0729998779e+02 6.0750000000e+02 6.0770001221e+02 6.0790002441e+02 6.0820001221e+02 6.0840002441e+02 6.0870001221e+02 6.0900000000e+02 6.0920001221e+02 6.0940002441e+02 6.0959997559e+02 6.0979998779e+02 6.1000000000e+02 6.1009997559e+02 6.1029998779e+02 6.1040002441e+02 6.1059997559e+02 6.1059997559e+02 6.1070001221e+02 6.1090002441e+02 6.1100000000e+02 6.1109997559e+02 6.1120001221e+02 6.1120001221e+02 6.1120001221e+02 6.1129998779e+02 6.1129998779e+02 6.1140002441e+02 6.1150000000e+02 6.1159997559e+02 6.1159997559e+02 6.1159997559e+02 6.1159997559e+02
6.0640002441e+02 6.0640002441e+02 6.0640002441e+02 6.0640002441e+02 6.0650000000e+02 6.0650000000e+02 6.0659997559e+02 6.0659997559e+02 6.0659997559e+02 6.0670001221e+02 6.0690002441e+02 6.0709997559e+02 6.0729998779e+02 6.0750000000e+02 6.0770001221e+02 6.0790002441e+02 6.0809997559e+02 6.0840002441e+02 6.0859997559e+02 6.0890002441e+02 6.0909997559e+02 6.0940002441e+02 6.0959997559e+02 6.0979998779e+02 6.1000000000e+02 6.1009997559e+02 6.1029998779e+02 6.1040002441e+02 6.1050000000e+02 6.1059997559e+02 6.1070001221e+02 6.1079998779e+02 6.1090002441e+02 6.1100000000e+02 6.1120001221e+02 6.1120001221e+02 6.1129998779e+02 6.1140002441e+02 6.1140002441e+02 6.1140002441e+02 6.1150000000e+02 6.1159997559e+02 6.1179998779e+02 6.1179998779e+02 6.1179998779e+02 6.1179998779e+02
6.0670001221e+02 6.0670001221e+02 6.0670001221e+02 6.0670001221e+02 6.0670001221e+02 6.0679998779e+02 6.0690002441e+02 6.0690002441e+02 6.0700000000e+02 6.0709997559e+02 6.0720001221e+02 6.0740002441e+02 6.0750000000e+02 6.0770001221e+02 6.0790002441e+02 6.0809997559e+02 6.0829998779e+02 6.0850000000e+02 6.0870001221e+02 6.0900000000e+02 6.0929998779e+02 6.0950000000e+02 6.0970001221e+02 6.0990002441e+02 6.1009997559e+02 6.1020001221e+02 6.1029998779e+02 6.1050000000e+02 6.1059997559e+02 6.1070001221e+02 6.1079998779e+02 6.1090002441e+02 6.1100000000e+02 6.1109997559e+02 6.1120001221e+02 6.1129998779e+02 6.1140002441e+02 6.1150000000e+02 6.1150000000e+02 6.1159997559e+02 6.1170001221e+02 6.1179998779e+02 6.1190002441e+02 6.1190002441e+02 6.1190002441e+02 6.1190002441e+02
6.0700000000e+02 6.0700000000e+02 6.0700000000e+02 6.0700000000e+02 6.0700000000e+02 6.0709997559e+02 6.0709997559e+02 6.0720001221e+02 6.0729998779e+02 6.0740002441e+02 6.0750000000e+02 6.0759997559e+02 6.0770001221e+02 6.0790002441e+02 6.0809997559e+02 6.0829998779e+02 6.0850000000e+02 6.0870001221e+02 6.0890002441e+02 6.0920001221e+02 6.0940002441e+02 6.0959997559e+02 6.0979998779e+02 6.1000000000e+02 6.1009997559e+02 6.1029998779e+02 6.1050000000e+02 6.1059997559e+02 6.1070001221e+02 6.1079998779e+02 6.1100000000e+02 6.1109997559e+02 6.1120001221e+02 6.1129998779e+02 6.1140002441e+02 6.1140002441e+02 6.1150000000e+02 6.1159997559e+02 6.1159997559e+02 6.1170001221e+02 6.1179998779e+02 6.1190002441e+02 6.1200000000e+02 6.1200000000e+02 6.1200000000e+02 6.1200000000e+02
6.0729998779e+02 6.0729998779e+02 6.0729998779e+02 6.0729998779e+02 6.0729998779e+02 6.0740002441e+02 6.0740002441e+02 6.0740002441e+02 6.0750000000e+02 6.0759997559e+02 6.0770001221e+02 6.0779998779e+02 6.0790002441e+02 6.0809997559e+02 6.0829998779e+02 6.0850000000e+02 6.0870001221e+02 6.0890002441e+02 6.0909997559e+02 6.0929998779e+02 6.0950000000e+02 6.0970001221e+02 6.0990002441e+02 6.1009997559e+02 6.1029998779e+02 6.1040002441e+02 6.1059997559e+02 6.1070001221e+02 6.1079998779e+02 6.1100000000e+02 6.1109997559e+02 6.1120001221e+02 6.1129998779e+02 6.1140002441e+02 6.1150000000e+02 6.1150000000e+02 6.1159997559e+02 6.1170001221e+02 6.1179998779e+02 6.1190002441e+02 6.1200000000e+02 6.1209997559e+02 6.1209997559e+02 6.1220001221e+02 6.1220001221e+02 6.1220001221e+02
6.0759997559e+02 6.0750000000e+02 6.0750000000e+02 6.0759997559e+02 6.0759997559e+02 6.0770001221e+02 6.0770001221e+02 6.0770001221e+02 6.0779998779e+02 6.0790002441e+02 6.0790002441e+02 6.0809997559e+02 6.0820001221e+02 6.0829998779e+02 6.0850000000e+02 6.0870001221e+02 6.0879998779e+02 6.0900000000e+02 6.0920001221e+02 6.0940002441e+02 6.0950000000e+02 6.0979998779e+02 6.1000000000e+02 6.1020001221e+02 6.1029998779e+02 6.1050000000e+02 6.1070001221e+02 6.1079998779e+02 6.1090002441e+02 6.1109997559e+02 6.1120001221e+02 6.1129998779e+02 6.1140002441e+02 6.1159997559e+02 6.1159997559e+02 6.1170001221e+02 6.1179998779e+02 6.1190002441e+02 6.1200000000e+02 6.1209997559e+02 6.1220001221e+02 6.1229998779e+02 6.1229998779e+02 6.1240002441e+02 6.1240002441e+02 6.1240002441e+02
6.0779998779e+02 6.0779998779e+02 6.0779998779e+02 6.0790002441e+02 6.0790002441e+02 6.0790002441e+02 6.0790002441e+02 6.0800000000e+02 6.0809997559e+02 6.0820001221e+02 6.0820001221e+02 6.0829998779e+02 6.0840002441e+02 6.0859997559e+02 6.0870001221e+02 6.0879998779e+02 6.0900000000e+02 6.0909997559e+02 6.0929998779e+02 6.0940002441e+02 6.0959997559e+02 6.0979998779e+02 6.1000000000e+02 6.1020001221e+02 6.1040002441e+02 6.1059997559e+02 6.1079998779e+02 6.1090002441e+02 6.1100000000e+02 6.1109997559e+02 6.1129998779e+02 6.1140002441e+02 6.1150000000e+02 6.1170001221e+02 6.1170001221e+02 6.1179998779e+02 6.1190002441e+02 6.1200000000e+02 6.1220001221e+02 6.1229998779e+02 6.1240002441e+02 6.1250000000e+02 6.1250000000e+02 6.1250000000e+02 6.1259997559e+02 6.1259997559e+02
6.0809997559e+02 6.0809997559e+02 6.0809997559e+02 6.0809997559e+02 6.0809997559e+02 6.0820001221e+02 6.0820001221e+02 6.0820001221e+02 6.0840002441e+02 6.0840002441e+02 6.0850000000e+02 6.0859997559e+02 6.0870001221e+02 6.0879998779e+02 6.0900000000e+02 6.0909997559e+02 6.0920001221e+02 6.0929998779e+02 6.0940002441e+02 6.0959997559e+02 6.0970001221e+02 6.0990002441e+02 6.1009997559e+02 6.1029998779e+02 6.1050000000e+02 6.1059997559e+02 6.1079998779e+02 6.1100000000e+02 6.1109997559e+02 6.1120001221e+02 6.1140002441e+02 6.1150000000e+02 6.1159997559e+02 6.1170001221e+02 6.1190002441e+02 6.1200000000e+02 6.1209997559e+02 6.1220001221e+02 6.1229998779e+02 6.1240002441e+02 6.1250000000e+02 6.1259997559e+02 6.1270001221e+02 6.1270001221e+02 6.1270001221e+02 6.1279998779e+02
6.0829998779e+02 6.0829998779e+02 6.0829998779e+02 6.0829998779e+02 6.0840002441e+02 6.0840002441e+02 6.0850000000e+02 6.0850000000e+02 6.0859997559e+02 6.0870001221e+02 6.0879998779e+02 6.0890002441e+02 6.0900000000e+02 6.0909997559e+02 6.0920001221e+02 6.0940002441e+02 6.0950000000e+02 6.0959997559e+02 6.0979998779e+02 6.0979998779e+02 6.1000000000e+02 6.1009997559e+02 6.1029998779e+02 6.1040002441e+02 6.1059997559e+02 6.1070001221e+02 6.1079998779e+02 6.1100000000e+02 6.1109997559e+02 6.1129998779e+02 6.1140002441e+02 6.1159997559e+02 6.1170001221e+02 6.1179998779e+02 6.1200000000e+02 6.1209997559e+02 6.1220001221e+02 6.1229998779e+02 6.1240002441e+02 6.1250000000e+02 6.1259997559e+02 6.1270001221e+02 6.1279998779e+02 6.1279998779e+02 6.1290002441e+02 6.1290002441e+02
6.0859997559e+02 6.0859997559e+02 6.0859997559e+02 6.0859997559e+02 6.0859997559e+02 6.0870001221e+02 6.0870001221e+02 6.0879998779e+02 6.0890002441e+02 6.0890002441e+02 6.0900000000e+02 6.0909997559e+02 6.0920001221e+02 6.0940002441e+02 6.0950000000e+02 6.0959997559e+02 6.0970001221e+02 6.0990002441e+02 6.1009997559e+02 6.1020001221e+02 6.1029998779e+02 6.1040002441e+02 6.1050000000e+02 6.1070001221e+02 6.1079998779e+02 6.1090002441e+02 6.1100000000e+02 6.1109997559e+02 6.1129998779e+02 6.1140002441e+02 6.1150000000e+02 6.1170001221e+02 6.1179998779e+02 6.1200000000e+02 6.1209997559e+02 6.1220001221e+02 6.1229998779e+02 6.1240002441e+02 6.1250000000e+02 6.1259997559e+02 6.1270001221e+02 6.1279998779e+02 6.1290002441e+02 6.1290002441e+02 6.1300000000e+02 6.1309997559e+02
6.0879998779e+02 6.0879998779e+02 6.0890002441e+02 6.0890002441e+02 6.0890002441e+02 6.0890002441e+02 6.0890002441e+02 6.0900000000e+02 6.0909997559e+02 6.0920001221e+02 6.0920001221e+02 6.0940002441e+02 6.0950000000e+02 6.0959997559e+02 6.0970001221e+02 6.0979998779e+02 6.1000000000e+02 6.1009997559e+02 6.1029998779e+02 6.1040002441e+02 6.1050000000e+02 6.1059997559e+02 6.1079998779e+02 6.1090002441e+02 6.1109997559e+02 6.1120001221e+02 6.1129998779e+02 6.1140002441e+02 6.1150000000e+02 6.1159997559e+02 6.1179998779e+02 6.1190002441e+02 6.1200000000e+02 6.1209997559e+02 6.1229998779e+02 6.1240002441e+02 6.1240002441e+02 6.1250000000e+02 6.1270001221e+02 6.1279998779e+02 6.1290002441e+02 6.1290002441e+02 6.1300000000e+02 6.1309997559e+02 6.1309997559e+02 6.1320001221e+02
6.0909997559e+02 6.0909997559e+02 6.0909997559e+02 6.0909997559e+02 6.0909997559e+02 6.0909997559e+02 6.0920001221e+02 6.0920001221e+02 6.0929998779e+02 6.0940002441e+02 6.0950000000e+02 6.0959997559e+02 6.0970001221e+02 6.0990002441e+02 6.1000000000e+02 6.1009997559e+02 6.1020001221e+02 6.1040002441e+02 6.1050000000e+02 6.1070001221e+02 6.1079998779e+02 6.1090002441e+02 6.1100000000e+02 6.1109997559e+02 6.1129998779e+02 6.1140002441e+02 6.1150000000e+02 6.1170001221e+02 6.1179998779e+02 6.1190002441e+02 6.1200000000e+02 6.1209997559e+02 6.1220001221e+02 6.1229998779e+02 6.1250000000e+02 6.1250000000e+02 6.1259997559e+02 6.1270001221e+02 6.1290002441e+02 6.1300000000e+02 6.1300000000e+02 6.1309997559e+02 6.1309997559e+02 6.1320001221e+02 6.1320001221e+02 6.1329998779e+02
6.0940002441e+02 6.0940002441e+02 6.0940002441e+02 6.0940002441e+02 6.0940002441e+02 6.0940002441e+02 6.0940002441e+02 6.0950000000e+02 6.0950000000e+02 6.0959997559e+02 6.0970001221e+02 6.0990002441e+02 6.1000000000e+02 6.1009997559e+02 6.1020001221e+02 6.1029998779e+02 6.1040002441e+02 6.1059997559e+02 6.1079998779e+02 6.1090002441e+02 6.1100000000e+02 6.1109997559e+02 6.1120001221e+02 6.1129998779e+02 6.1150000000e+02 6.1159997559e+02 6.1170001221e+02 6.1179998779e+02 6.1200000000e+02 6.1209997559e+02 6.1220001221e+02 6.1229998779e+02 6.1240002441e+02 6.1250000000e+02 6.1259997559e+02 6.1270001221e+02 6.1279998779e+02 6.1300000000e+02 6.1309997559e+02 6.1309997559e+02 6.1320001221e+02 6.1320001221e+02 6.1329998779e+02 6.1329998779e+02 6.1340002441e+02 6.1350000000e+02
6.0970001221e+02 6.0959997559e+02 6.0959997559e+02 6.0959997559e+02 6.0970001221e+02 6.0970001221e+02 6.0970001221e+02 6.0979998779e+02 6.0979998779e+02 6.0990002441e+02 6.1000000000e+02 6.1009997559e+02 6.1020001221e+02 6.1040002441e+02 6.1050000000e+02 6.1059997559e+02 6.1070001221e+02 6.1079998779e+02 6.1100000000e+02 6.1109997559e+02 6.1120001221e+02 6.1129998779e+02 6.1129998779e+02 6.1150000000e+02 6.1170001221e+02 6.1179998779e+02 6.1190002441e+02 6.1200000000e+02 6.1209997559e+02 6.1220001221e+02 6.1229998779e+02 6.1240002441e+02 6.1250000000e+02 6.1259997559e+02 6.1270001221e+02 6.1279998779e+02 6.1300000000e+02 6.1309997559e+02 6.1320001221e+02 6.1320001221e+02 6.1329998779e+02 6.1340002441e+02 6.1340002441e+02 6.1350000000e+02 6.1359997559e+02 6.1359997559e+02
6.0990002441e+02 6.0990002441e+02 6.0990002441e+02 6.0990002441e+02 6.0990002441e+02 6.1000000000e+02 6.1000000000e+02 6.1000000000e+02 6.1000000000e+02 6.1009997559e+02 6.1020001221e+02 6.1040002441e+02 6.1050000000e+02 6.1059997559e+02 6.1070001221e+02 6.1079998779e+02 6.1090002441e+02 6.1100000000e+02 6.1109997559e+02 6.1120001221e+02 6.1129998779e+02 6.1150000000e+02 6.1159997559e+02 6.1170001221e+02 6.1179998779e+02 6.1200000000e+02 6.1209997559e+02 6.1220001221e+02 6.1229998779e+02 6.1240002441e+02 6.1250000000e+02 6.1259997559e+02 6.1270001221e+02 6.1270001221e+02 6.1279998779e+02 6.1300000000e+02 6.1309997559e+02 6.1320001221e+02 6.1329998779e+02 6.1340002441e+02 6.1350000000e+02 6.1350000000e+02 6.1359997559e+02 6.1359997559e+02 6.1370001221e+02 6.1370001221e+02
