DGM_1M_UPPER_AUSTRIA/38/18.asc
NCOLS 100
NROWS 100
XLLCORNER 6.3950500000e+04
YLLCORNER 2.9348850000e+05
CELLSIZE 1.0000000000e+00
NODATA_VALUE -9.9990000000e+03
[rows 60 to 79 of 100, columns 0 to 45 of 100]
6.1009997559e+02 6.1009997559e+02 6.1009997559e+02 6.1009997559e+02 6.1020001221e+02 6.1020001221e+02 6.1020001221e+02 6.1020001221e+02 6.1029998779e+02 6.1040002441e+02 6.1050000000e+02 6.1050000000e+02 6.1070001221e+02 6.1079998779e+02 6.1090002441e+02 6.1100000000e+02 6.1109997559e+02 6.1120001221e+02 6.1129998779e+02 6.1129998779e+02 6.1150000000e+02 6.1170001221e+02 6.1179998779e+02 6.1179998779e+02 6.1200000000e+02 6.1209997559e+02 6.1220001221e+02 6.1229998779e+02 6.1240002441e+02 6.1250000000e+02 6.1259997559e+02 6.1270001221e+02 6.1279998779e+02 6.1290002441e+02 6.1300000000e+02 6.1309997559e+02 6.1320001221e+02 6.1340002441e+02 6.1340002441e+02 6.1350000000e+02 6.1359997559e+02 6.1370001221e+02 6.1370001221e+02 6.1379998779e+02 6.1379998779e+02 6.1390002441e+02
6.1040002441e+02 6.1040002441e+02 6.1029998779e+02 6.1029998779e+02 6.1040002441e+02 6.1040002441e+02 6.1040002441e+02 6.1050000000e+02 6.1050000000e+02 6.1059997559e+02 6.1059997559e+02 6.1070001221e+02 6.1079998779e+02 6.1090002441e+02 6.1100000000e+02 6.1109997559e+02 6.1120001221e+02 6.1140002441e+02 6.1140002441e+02 6.1150000000e+02 6.1170001221e+02 6.1179998779e+02 6.1190002441e+02 6.1200000000e+02 6.1209997559e+02 6.1220001221e+02 6.1229998779e+02 6.1250000000e+02 6.1259997559e+02 6.1270001221e+02 6.1270001221e+02 6.1279998779e+02 6.1290002441e+02 6.1300000000e+02 6.1309997559e+02 6.1329998779e+02 6.1340002441e+02 6.1340002441e+02 6.1350000000e+02 6.1370001221e+02 6.1370001221e+02 6.1379998779e+02 6.1390002441e+02 6.1400000000e+02 6.1400000000e+02 6.1400000000e+02
6.1059997559e+02 6.1059997559e+02 6.1059997559e+02 6.1059997559e+02 6.1059997559e+02 6.1059997559e+02 6.1059997559e+02 6.1070001221e+02 6.1070001221e+02 6.1079998779e+02 6.1079998779e+02 6.1090002441e+02 6.1100000000e+02 6.1109997559e+02 6.1120001221e+02 6.1129998779e+02 6.1140002441e+02 6.1150000000e+02 6.1159997559e+02 6.1170001221e+02 6.1179998779e+02 6.1190002441e+02 6.1200000000e+02 6.1209997559e+02 6.1229998779e+02 6.1240002441e+02 6.1250000000e+02 6.1259997559e+02 6.1270001221e+02 6.1279998779e+02 6.1290002441e+02 6.1300000000e+02 6.1309997559e+02 6.1309997559e+02 6.1329998779e+02 6.1340002441e+02 6.1350000000e+02 6.1359997559e+02 6.1370001221e+02 6.1379998779e+02 6.1390002441e+02 6.1400000000e+02 6.1409997559e+02 6.1409997559e+02 6.1420001221e+02 6.1429998779e+02
6.1090002441e+02 6.1079998779e+02 6.1079998779e+02 6.1079998779e+02 6.1079998779e+02 6.1079998779e+02 6.1079998779e+02 6.1090002441e+02 6.1090002441e+02 6.1090002441e+02 6.1100000000e+02 6.1109997559e+02 6.1120001221e+02 6.1129998779e+02 6.1140002441e+02 6.1150000000e+02 6.1159997559e+02 6.1170001221e+02 6.1179998779e+02 6.1190002441e+02 6.1200000000e+02 6.1209997559e+02 6.1220001221e+02 6.1229998779e+02 6.1240002441e+02 6.1250000000e+02 6.1259997559e+02 6.1270001221e+02 6.1279998779e+02 6.1290002441e+02 6.1300000000e+02 6.1309997559e+02 6.1320001221e+02 6.1329998779e+02 6.1340002441e+02 6.1350000000e+02 6.1359997559e+02 6.1370001221e+02 6.1379998779e+02 6.1390002441e+02 6.1400000000e+02 6.1409997559e+02 6.1420001221e+02 6.1429998779e+02 6.1440002441e+02 6.1440002441e+02
6.1109997559e+02 6.1109997559e+02 6.1100000000e+02 6.1100000000e+02 6.1090002441e+02 6.1100000000e+02 6.1100000000e+02 6.1109997559e+02 6.1109997559e+02 6.1109997559e+02 6.1120001221e+02 6.1120001221e+02 6.1129998779e+02 6.1150000000e+02 6.1150000000e+02 6.1159997559e+02 6.1170001221e+02 6.1179998779e+02 6.1190002441e+02 6.1200000000e+02 6.1209997559e+02 6.1220001221e+02 6.1229998779e+02 6.1240002441e+02 6.1250000000e+02 6.1259997559e+02 6.1270001221e+02 6.1279998779e+02 6.1290002441e+02 6.1300000000e+02 6.1309997559e+02 6.1320001221e+02 6.1329998779e+02 6.1350000000e+02 6.1359997559e+02 6.1370001221e+02 6.1379998779e+02 6.1379998779e+02 6.1390002441e+02 6.1400000000e+02 6.1409997559e+02 6.1429998779e+02 6.1440002441e+02 6.1440002441e+02 6.1450000000e+02 6.1459997559e+02
6.1129998779e+02 6.1129998779e+02 6.1129998779e+02 6.1120001221e+02 6.1120001221e+02 6.1120001221e+02 6.1120001221e+02 6.1129998779e+02 6.1129998779e+02 6.1140002441e+02 6.1140002441e+02 6.1150000000e+02 6.1159997559e+02 6.1159997559e+02 6.1170001221e+02 6.1179998779e+02 6.1190002441e+02 6.1200000000e+02 6.1209997559e+02 6.1220001221e+02 6.1229998779e+02 6.1240002441e+02 6.1250000000e+02 6.1259997559e+02 6.1270001221e+02 6.1279998779e+02 6.1290002441e+02 6.1290002441e+02 6.1300000000e+02 6.1309997559e+02 6.1329998779e+02 6.1329998779e+02 6.1350000000e+02 6.1359997559e+02 6.1370001221e+02 6.1379998779e+02 6.1390002441e+02 6.1400000000e+02 6.1409997559e+02 6.1409997559e+02 6.1429998779e+02 6.1440002441e+02 6.1450000000e+02 6.1459997559e+02 6.1459997559e+02 6.1470001221e+02
6.1150000000e+02 6.1150000000e+02 6.1150000000e+02 6.1140002441e+02 6.1140002441e+02 6.1140002441e+02 6.1140002441e+02 6.1150000000e+02 6.1150000000e+02 6.1159997559e+02 6.1159997559e+02 6.1170001221e+02 6.1179998779e+02 6.1179998779e+02 6.1190002441e+02 6.1200000000e+02 6.1209997559e+02 6.1209997559e+02 6.1220001221e+02 6.1229998779e+02 6.1240002441e+02 6.1250000000e+02 6.1259997559e+02 6.1270001221e+02 6.1279998779e+02 6.1290002441e+02 6.1300000000e+02 6.1309997559e+02 6.1320001221e+02 6.1329998779e+02 6.1340002441e+02 6.1350000000e+02 6.1359997559e+02 6.1370001221e+02 6.1379998779e+02 6.1390002441e+02 6.1400000000e+02 6.1409997559e+02 6.1420001221e+02 6.1429998779e+02 6.1440002441e+02 6.1450000000e+02 6.1459997559e+02 6.1470001221e+02 6.1479998779e+02 6.1490002441e+02
6.1170001221e+02 6.1170001221e+02 6.1170001221e+02 6.1170001221e+02 6.1159997559e+02 6.1159997559e+02 6.1159997559e+02 6.1170001221e+02 6.1170001221e+02 6.1179998779e+02 6.1179998779e+02 6.1190002441e+02 6.1200000000e+02 6.1200000000e+02 6.1209997559e+02 6.1220001221e+02 6.1220001221e+02 6.1229998779e+02 6.1240002441e+02 6.1250000000e+02 6.1259997559e+02 6.1270001221e+02 6.1279998779e+02 6.1290002441e+02 6.1300000000e+02 6.1309997559e+02 6.1320001221e+02 6.1329998779e+02 6.1340002441e+02 6.1350000000e+02 6.1359997559e+02 6.1370001221e+02 6.1379998779e+02 6.1379998779e+02 6.1400000000e+02 6.1409997559e+02 6.1420001221e+02 6.1420001221e+02 6.1429998779e+02 6.1450000000e+02 6.1459997559e+02 6.1459997559e+02 6.1479998779e+02 6.1490002441e+02 6.1500000000e+02 6.1509997559e+02
6.1190002441e+02 6.1200000000e+02 6.1200000000e+02 6.1190002441e+02 6.1190002441e+02 6.1179998779e+02 6.1179998779e+02 6.1190002441e+02 6.1200000000e+02 6.1200000000e+02 6.1209997559e+02 6.1209997559e+02 6.1209997559e+02 6.1220001221e+02 6.1229998779e+02 6.1240002441e+02 6.1250000000e+02 6.1250000000e+02 6.1259997559e+02 6.1270001221e+02 6.1279998779e+02 6.1279998779e+02 6.1300000000e+02 6.1309997559e+02 6.1320001221e+02 6.1329998779e+02 6.1329998779e+02 6.1350000000e+02 6.1350000000e+02 6.1359997559e+02 6.1370001221e+02 6.1379998779e+02 6.1390002441e+02 6.1400000000e+02 6.1409997559e+02 6.1420001221e+02 6.1429998779e+02 6.1440002441e+02 6.1450000000e+02 6.1459997559e+02 6.1470001221e+02 6.1479998779e+02 6.1490002441e+02 6.1500000000e+02 6.1509997559e+02 6.1520001221e+02
6.1209997559e+02 6.1220001221e+02 6.1220001221e+02 6.1220001221e+02 6.1209997559e+02 6.1209997559e+02 6.1209997559e+02 6.1209997559e+02 6.1220001221e+02 6.1220001221e+02 6.1229998779e+02 6.1229998779e+02 6.1229998779e+02 6.1240002441e+02 6.1250000000e+02 6.1259997559e+02 6.1259997559e+02 6.1270001221e+02 6.1279998779e+02 6.1290002441e+02 6.1300000000e+02 6.1300000000e+02 6.1309997559e+02 6.1320001221e+02 6.1329998779e+02 6.1340002441e+02 6.1350000000e+02 6.1359997559e+02 6.1370001221e+02 6.1379998779e+02 6.1379998779e+02 6.1400000000e+02 6.1409997559e+02 6.1409997559e+02 6.1420001221e+02 6.1429998779e+02 6.1440002441e+02 6.1450000000e+02 6.1459997559e+02 6.1470001221e+02 6.1479998779e+02 6.1490002441e+02 6.1500000000e+02 6.1509997559e+02 6.1520001221e+02 6.1529998779e+02
6.1240002441e+02 6.1240002441e+02 6.1240002441e+02 6.1240002441e+02 6.1229998779e+02 6.1229998779e+02 6.1229998779e+02 6.1229998779e+02 6.1240002441e+02 6.1240002441e+02 6.1250000000e+02 6.1250000000e+02 6.1250000000e+02 6.1259997559e+02 6.1270001221e+02 6.1279998779e+02 6.1279998779e+02 6.1290002441e+02 6.1300000000e+02 6.1309997559e+02 6.1309997559e+02 6.1320001221e+02 6.1329998779e+02 6.1340002441e+02 6.1350000000e+02 6.1359997559e+02 6.1370001221e+02 6.1370001221e+02 6.1379998779e+02 6.1390002441e+02 6.1400000000e+02 6.1409997559e+02 6.1420001221e+02 6.1420001221e+02 6.1429998779e+02 6.1440002441e+02 6.1450000000e+02 6.1459997559e+02 6.1470001221e+02 6.1479998779e+02 6.1500000000e+02 6.1509997559e+02 6.1520001221e+02 6.1529998779e+02 6.1529998779e+02 6.1550000000e+02
6.1259997559e+02 6.1259997559e+02 6.1259997559e+02 6.1259997559e+02 6.1250000000e+02 6.1250000000e+02 6.1250000000e+02 6.1259997559e+02 6.1259997559e+02 6.1259997559e+02 6.1270001221e+02 6.1270001221e+02 6.1279998779e+02 6.1279998779e+02 6.1290002441e+02 6.1300000000e+02 6.1300000000e+02 6.1309997559e+02 6.1309997559e+02 6.1320001221e+02 6.1329998779e+02 6.1329998779e+02 6.1340002441e+02 6.1350000000e+02 6.1359997559e+02 6.1370001221e+02 6.1379998779e+02 6.1390002441e+02 6.1400000000e+02 6.1409997559e+02 6.1409997559e+02 6.1420001221e+02 6.1429998779e+02 6.1440002441e+02 6.1450000000e+02 6.1459997559e+02 6.1470001221e+02 6.1479998779e+02 6.1490002441e+02 6.1500000000e+02 6.1509997559e+02 6.1520001221e+02 6.1529998779e+02 6.1540002441e+02 6.1550000000e+02 6.1559997559e+02
6.1279998779e+02 6.1279998779e+02 6.1279998779e+02 6.1279998779e+02 6.1279998779e+02 6.1279998779e+02 6.1279998779e+02 6.1279998779e+02 6.1279998779e+02 6.1290002441e+02 6.1290002441e+02 6.1300000000e+02 6.1300000000e+02 6.1309997559e+02 6.1309997559e+02 6.1309997559e+02 6.1320001221e+02 6.1320001221e+02 6.1329998779e+02 6.1329998779e+02 6.1340002441e+02 6.1350000000e+02 6.1359997559e+02 6.1370001221e+02 6.1379998779e+02 6.1390002441e+02 6.1400000000e+02 6.1409997559e+02 6.1409997559e+02 6.1420001221e+02 6.1429998779e+02 6.1440002441e+02 6.1440002441e+02 6.1450000000e+02 6.1459997559e+02 6.1479998779e+02 6.1479998779e+02 6.1490002441e+02 6.1500000000e+02 6.1520001221e+02 6.1529998779e+02 6.1540002441e+02 6.1550000000e+02 6.1559997559e+02 6.1570001221e+02 6.1579998779e+02
6.1300000000e+02 6.1300000000e+02 6.1300000000e+02 6.1309997559e+02 6.1309997559e+02 6.1309997559e+02 6.1300000000e+02 6.1309997559e+02 6.1309997559e+02 6.1320001221e+02 6.1320001221e+02 6.1320001221e+02 6.1329998779e+02 6.1329998779e+02 6.1329998779e+02 6.1329998779e+02 6.1340002441e+02 6.1340002441e+02 6.1350000000e+02 6.1350000000e+02 6.1359997559e+02 6.1370001221e+02 6.1379998779e+02 6.1390002441e+02 6.1400000000e+02 6.1409997559e+02 6.1409997559e+02 6.1420001221e+02 6.1429998779e+02 6.1440002441e+02 6.1450000000e+02 6.1450000000e+02 6.1459997559e+02 6.1470001221e+02 6.1479998779e+02 6.1490002441e+02 6.1500000000e+02 6.1509997559e+02 6.1520001221e+02 6.1529998779e+02 6.1540002441e+02 6.1550000000e+02 6.1559997559e+02 6.1570001221e+02 6.1579998779e+02 6.1600000000e+02
6.1309997559e+02 6.1320001221e+02 6.1329998779e+02 6.1329998779e+02 6.1340002441e+02 6.1340002441e+02 6.1340002441e+02 6.1340002441e+02 6.1340002441e+02 6.1340002441e+02 6.1350000000e+02 6.1350000000e+02 6.1359997559e+02 6.1359997559e+02 6.1359997559e+02 6.1359997559e+02 6.1359997559e+02 6.1359997559e+02 6.1359997559e+02 6.1370001221e+02 6.1379998779e+02 6.1390002441e+02 6.1400000000e+02 6.1409997559e+02 6.1420001221e+02 6.1420001221e+02 6.1429998779e+02 6.1440002441e+02 6.1450000000e+02 6.1459997559e+02 6.1470001221e+02 6.1479998779e+02 6.1479998779e+02 6.1490002441e+02 6.1500000000e+02 6.1509997559e+02 6.1509997559e+02 6.1529998779e+02 6.1529998779e+02 6.1550000000e+02 6.1559997559e+02 6.1570001221e+02 6.1579998779e+02 6.1590002441e+02 6.1600000000e+02 6.1609997559e+02
6.1340002441e+02 6.1350000000e+02 6.1350000000e+02 6.1359997559e+02 6.1359997559e+02 6.1359997559e+02 6.1370001221e+02 6.1370001221e+02 6.1370001221e+02 6.1379998779e+02 6.1379998779e+02 6.1390002441e+02 6.1390002441e+02 6.1390002441e+02 6.1390002441e+02 6.1390002441e+02 6.1390002441e+02 6.1390002441e+02 6.1390002441e+02 6.1400000000e+02 6.1409997559e+02 6.1409997559e+02 6.1420001221e+02 6.1429998779e+02 6.1440002441e+02 6.1440002441e+02 6.1450000000e+02 6.1459997559e+02 6.1459997559e+02 6.1470001221e+02 6.1479998779e+02 6.1490002441e+02 6.1500000000e+02 6.1509997559e+02 6.1509997559e+02 6.1520001221e+02 6.1529998779e+02 6.1540002441e+02 6.1550000000e+02 6.1559997559e+02 6.1579998779e+02 6.1579998779e+02 6.1590002441e+02 6.1600000000e+02 6.1620001221e+02 6.1629998779e+02
6.1359997559e+02 6.1359997559e+02 6.1370001221e+02 6.1379998779e+02 6.1390002441e+02 6.1390002441e+02 6.1390002441e+02 6.1400000000e+02 6.1400000000e+02 6.1409997559e+02 6.1409997559e+02 6.1420001221e+02 6.1420001221e+02 6.1420001221e+02 6.1420001221e+02 6.1420001221e+02 6.1429998779e+02 6.1429998779e+02 6.1429998779e+02 6.1440002441e+02 6.1450000000e+02 6.1450000000e+02 6.1450000000e+02 6.1459997559e+02 6.1459997559e+02 6.1470001221e+02 6.1470001221e+02 6.1479998779e+02 6.1490002441e+02 6.1490002441e+02 6.1500000000e+02 6.1509997559e+02 6.1520001221e+02 6.1529998779e+02 6.1529998779e+02 6.1540002441e+02 6.1550000000e+02 6.1559997559e+02 6.1570001221e+02 6.1579998779e+02 6.1590002441e+02 6.1600000000e+02 6.1609997559e+02 6.1620001221e+02 6.1629998779e+02 6.1640002441e+02
6.1379998779e+02 6.1390002441e+02 6.1390002441e+02 6.1400000000e+02 6.1409997559e+02 6.1420001221e+02 6.1420001221e+02 6.1429998779e+02 6.1440002441e+02 6.1440002441e+02 6.1440002441e+02 6.1440002441e+02 6.1450000000e+02 6.1450000000e+02 6.1450000000e+02 6.1459997559e+02 6.1470001221e+02 6.1479998779e+02 6.1479998779e+02 6.1490002441e+02 6.1490002441e+02 6.1490002441e+02 6.1490002441e+02 6.1490002441e+02 6.1490002441e+02 6.1490002441e+02 6.1490002441e+02 6.1500000000e+02 6.1509997559e+02 6.1509997559e+02 6.1520001221e+02 6.1529998779e+02 6.1540002441e+02 6.1550000000e+02 6.1550000000e+02 6.1559997559e+02 6.1570001221e+02 6.1579998779e+02 6.1579998779e+02 6.1590002441e+02 6.1609997559e+02 6.1620001221e+02 6.1629998779e+02 6.1629998779e+02 6.1650000000e+02 6.1659997559e+02
6.1400000000e+02 6.1409997559e+02 6.1429998779e+02 6.1440002441e+02 6.1440002441e+02 6.1450000000e+02 6.1459997559e+02 6.1459997559e+02 6.1459997559e+02 6.1470001221e+02 6.1470001221e+02 6.1470001221e+02 6.1470001221e+02 6.1470001221e+02 6.1470001221e+02 6.1479998779e+02 6.1500000000e+02 6.1509997559e+02 6.1509997559e+02 6.1520001221e+02 6.1520001221e+02 6.1520001221e+02 6.1520001221e+02 6.1520001221e+02 6.1520001221e+02 6.1520001221e+02 6.1520001221e+02 6.1529998779e+02 6.1529998779e+02 6.1540002441e+02 6.1540002441e+02 6.1550000000e+02 6.1559997559e+02 6.1559997559e+02 6.1570001221e+02 6.1579998779e+02 6.1579998779e+02 6.1600000000e+02 6.1600000000e+02 6.1609997559e+02 6.1620001221e+02 6.1629998779e+02 6.1640002441e+02 6.1650000000e+02 6.1659997559e+02 6.1679998779e+02
6.1420001221e+02 6.1440002441e+02 6.1459997559e+02 6.1470001221e+02 6.1479998779e+02 6.1490002441e+02 6.1490002441e+02 6.1500000000e+02 6.1500000000e+02 6.1509997559e+02 6.1509997559e+02 6.1509997559e+02 6.1509997559e+02 6.1500000000e+02 6.1500000000e+02 6.1509997559e+02 6.1520001221e+02 6.1529998779e+02 6.1540002441e+02 6.1540002441e+02 6.1550000000e+02 6.1550000000e+02 6.1550000000e+02 6.1550000000e+02 6.1550000000e+02 6.1550000000e+02 6.1559997559e+02 6.1559997559e+02 6.1559997559e+02 6.1559997559e+02 6.1570001221e+02 6.1570001221e+02 6.1579998779e+02 6.1579998779e+02 6.1590002441e+02 6.1600000000e+02 6.1600000000e+02 6.1609997559e+02 6.1620001221e+02 6.1629998779e+02 6.1640002441e+02 6.1650000000e+02 6.1659997559e+02 6.1670001221e+02 6.1679998779e+02 6.1690002441e+02
