DGM_1M_UPPER_AUSTRIA/38/28.asc
NCOLS 100
NROWS 100
XLLCORNER 6.3950500000e+04
YLLCORNER 2.9248850000e+05
CELLSIZE 1.0000000000e+00
NODATA_VALUE -9.9990000000e+03
[rows 60 to 79 of 100, columns 46 to 91 of 100]
5.2540002441e+02 5.2540002441e+02 5.2529998779e+02 5.2529998779e+02 5.2529998779e+02 5.2529998779e+02 5.2520001221e+02 5.2520001221e+02 5.2520001221e+02 5.2500000000e+02 5.2500000000e+02 5.2490002441e+02 5.2490002441e+02 5.2500000000e+02 5.2500000000e+02 5.2520001221e+02 5.2540002441e+02 5.2559997559e+02 5.2590002441e+02 5.2609997559e+02 5.2620001221e+02 5.2629998779e+02 5.2629998779e+02 5.2629998779e+02 5.2620001221e+02 5.2620001221e+02 5.2620001221e+02 5.2609997559e+02 5.2609997559e+02 5.2600000000e+02 5.2600000000e+02 5.2590002441e+02 5.2590002441e+02 5.2579998779e+02 5.2570001221e+02 5.2570001221e+02 5.2559997559e+02 5.2550000000e+02 5.2550000000e+02 5.2540002441e+02 5.2540002441e+02 5.2540002441e+02 5.2529998779e+02 5.2520001221e+02 5.2520001221e+02 5.2520001221e+02
5.2540002441e+02 5.2540002441e+02 5.2540002441e+02 5.2529998779e+02 5.2529998779e+02 5.2529998779e+02 5.2529998779e+02 5.2520001221e+02 5.2520001221e+02 5.2520001221e+02 5.2509997559e+02 5.2500000000e+02 5.2500000000e+02 5.2490002441e+02 5.2490002441e+02 5.2500000000e+02 5.2500000000e+02 5.2520001221e+02 5.2540002441e+02 5.2570001221e+02 5.2590002441e+02 5.2620001221e+02 5.2629998779e+02 5.2629998779e+02 5.2620001221e+02 5.2620001221e+02 5.2620001221e+02 5.2620001221e+02 5.2609997559e+02 5.2600000000e+02 5.2600000000e+02 5.2590002441e+02 5.2590002441e+02 5.2579998779e+02 5.2570001221e+02 5.2570001221e+02 5.2559997559e+02 5.2550000000e+02 5.2550000000e+02 5.2550000000e+02 5.2540002441e+02 5.2540002441e+02 5.2529998779e+02 5.2529998779e+02 5.2520001221e+02 5.2520001221e+02
5.2540002441e+02 5.2540002441e+02 5.2540002441e+02 5.2540002441e+02 5.2540002441e+02 5.2529998779e+02 5.2529998779e+02 5.2529998779e+02 5.2529998779e+02 5.2520001221e+02 5.2520001221e+02 5.2520001221e+02 5.2500000000e+02 5.2500000000e+02 5.2490002441e+02 5.2490002441e+02 5.2490002441e+02 5.2500000000e+02 5.2509997559e+02 5.2520001221e+02 5.2550000000e+02 5.2570001221e+02 5.2600000000e+02 5.2620001221e+02 5.2629998779e+02 5.2620001221e+02 5.2620001221e+02 5.2620001221e+02 5.2609997559e+02 5.2609997559e+02 5.2600000000e+02 5.2600000000e+02 5.2590002441e+02 5.2590002441e+02 5.2579998779e+02 5.2570001221e+02 5.2570001221e+02 5.2559997559e+02 5.2550000000e+02 5.2550000000e+02 5.2540002441e+02 5.2540002441e+02 5.2540002441e+02 5.2529998779e+02 5.2520001221e+02 5.2520001221e+02
5.2540002441e+02 5.2540002441e+02 5.2540002441e+02 5.2540002441e+02 5.2540002441e+02 5.2540002441e+02 5.2540002441e+02 5.2529998779e+02 5.2529998779e+02 5.2529998779e+02 5.2529998779e+02 5.2520001221e+02 5.2520001221e+02 5.2509997559e+02 5.2500000000e+02 5.2490002441e+02 5.2490002441e+02 5.2490002441e+02 5.2500000000e+02 5.2500000000e+02 5.2509997559e+02 5.2529998779e+02 5.2559997559e+02 5.2579998779e+02 5.2609997559e+02 5.2620001221e+02 5.2620001221e+02 5.2620001221e+02 5.2620001221e+02 5.2609997559e+02 5.2600000000e+02 5.2600000000e+02 5.2590002441e+02 5.2590002441e+02 5.2579998779e+02 5.2570001221e+02 5.2570001221e+02 5.2559997559e+02 5.2559997559e+02 5.2550000000e+02 5.2550000000e+02 5.2540002441e+02 5.2540002441e+02 5.2540002441e+02 5.2529998779e+02 5.2520001221e+02
5.2540002441e+02 5.2540002441e+02 5.2540002441e+02 5.2540002441e+02 5.2540002441e+02 5.2540002441e+02 5.2540002441e+02 5.2540002441e+02 5.2540002441e+02 5.2540002441e+02 5.2529998779e+02 5.2529998779e+02 5.2529998779e+02 5.2520001221e+02 5.2520001221e+02 5.2509997559e+02 5.2500000000e+02 5.2490002441e+02 5.2490002441e+02 5.2490002441e+02 5.2500000000e+02 5.2500000000e+02 5.2520001221e+02 5.2540002441e+02 5.2570001221e+02 5.2590002441e+02 5.2609997559e+02 5.2620001221e+02 5.2620001221e+02 5.2609997559e+02 5.2609997559e+02 5.2600000000e+02 5.2600000000e+02 5.2590002441e+02 5.2590002441e+02 5.2579998779e+02 5.2570001221e+02 5.2570001221e+02 5.2559997559e+02 5.2550000000e+02 5.2550000000e+02 5.2540002441e+02 5.2540002441e+02 5.2540002441e+02 5.2529998779e+02 5.2529998779e+02
5.2550000000e+02 5.2550000000e+02 5.2540002441e+02 5.2540002441e+02 5.2540002441e+02 5.2540002441e+02 5.2540002441e+02 5.2540002441e+02 5.2540002441e+02 5.2540002441e+02 5.2540002441e+02 5.2540002441e+02 5.2529998779e+02 5.2529998779e+02 5.2520001221e+02 5.2520001221e+02 5.2520001221e+02 5.2509997559e+02 5.2500000000e+02 5.2500000000e+02 5.2500000000e+02 5.2500000000e+02 5.2500000000e+02 5.2509997559e+02 5.2529998779e+02 5.2550000000e+02 5.2579998779e+02 5.2600000000e+02 5.2609997559e+02 5.2609997559e+02 5.2609997559e+02 5.2600000000e+02 5.2600000000e+02 5.2590002441e+02 5.2590002441e+02 5.2579998779e+02 5.2579998779e+02 5.2570001221e+02 5.2570001221e+02 5.2559997559e+02 5.2550000000e+02 5.2550000000e+02 5.2540002441e+02 5.2540002441e+02 5.2540002441e+02 5.2529998779e+02
5.2550000000e+02 5.2550000000e+02 5.2550000000e+02 5.2550000000e+02 5.2540002441e+02 5.2540002441e+02 5.2540002441e+02 5.2540002441e+02 5.2540002441e+02 5.2540002441e+02 5.2540002441e+02 5.2540002441e+02 5.2540002441e+02 5.2540002441e+02 5.2529998779e+02 5.2529998779e+02 5.2520001221e+02 5.2520001221e+02 5.2520001221e+02 5.2500000000e+02 5.2500000000e+02 5.2500000000e+02 5.2500000000e+02 5.2500000000e+02 5.2509997559e+02 5.2520001221e+02 5.2540002441e+02 5.2559997559e+02 5.2590002441e+02 5.2600000000e+02 5.2600000000e+02 5.2600000000e+02 5.2600000000e+02 5.2590002441e+02 5.2590002441e+02 5.2590002441e+02 5.2579998779e+02 5.2570001221e+02 5.2570001221e+02 5.2559997559e+02 5.2559997559e+02 5.2550000000e+02 5.2550000000e+02 5.2540002441e+02 5.2540002441e+02 5.2540002441e+02
5.2550000000e+02 5.2550000000e+02 5.2550000000e+02 5.2550000000e+02 5.2550000000e+02 5.2550000000e+02 5.2550000000e+02 5.2540002441e+02 5.2540002441e+02 5.2540002441e+02 5.2540002441e+02 5.2540002441e+02 5.2540002441e+02 5.2540002441e+02 5.2540002441e+02 5.2529998779e+02 5.2529998779e+02 5.2529998779e+02 5.2520001221e+02 5.2520001221e+02 5.2509997559e+02 5.2500000000e+02 5.2500000000e+02 5.2500000000e+02 5.2500000000e+02 5.2509997559e+02 5.2520001221e+02 5.2529998779e+02 5.2550000000e+02 5.2570001221e+02 5.2579998779e+02 5.2600000000e+02 5.2600000000e+02 5.2600000000e+02 5.2590002441e+02 5.2590002441e+02 5.2579998779e+02 5.2570001221e+02 5.2570001221e+02 5.2570001221e+02 5.2559997559e+02 5.2550000000e+02 5.2550000000e+02 5.2540002441e+02 5.2540002441e+02 5.2540002441e+02
5.2579998779e+02 5.2550000000e+02 5.2550000000e+02 5.2550000000e+02 5.2550000000e+02 5.2550000000e+02 5.2550000000e+02 5.2550000000e+02 5.2550000000e+02 5.2550000000e+02 5.2540002441e+02 5.2540002441e+02 5.2540002441e+02 5.2540002441e+02 5.2540002441e+02 5.2540002441e+02 5.2540002441e+02 5.2529998779e+02 5.2529998779e+02 5.2529998779e+02 5.2520001221e+02 5.2520001221e+02 5.2509997559e+02 5.2500000000e+02 5.2500000000e+02 5.2500000000e+02 5.2509997559e+02 5.2509997559e+02 5.2520001221e+02 5.2540002441e+02 5.2550000000e+02 5.2570001221e+02 5.2590002441e+02 5.2590002441e+02 5.2590002441e+02 5.2590002441e+02 5.2590002441e+02 5.2579998779e+02 5.2570001221e+02 5.2570001221e+02 5.2570001221e+02 5.2559997559e+02 5.2550000000e+02 5.2550000000e+02 5.2540002441e+02 5.2540002441e+02
5.2670001221e+02 5.2609997559e+02 5.2570001221e+02 5.2550000000e+02 5.2550000000e+02 5.2559997559e+02 5.2559997559e+02 5.2550000000e+02 5.2550000000e+02 5.2550000000e+02 5.2550000000e+02 5.2550000000e+02 5.2550000000e+02 5.2540002441e+02 5.2540002441e+02 5.2540002441e+02 5.2540002441e+02 5.2540002441e+02 5.2540002441e+02 5.2540002441e+02 5.2529998779e+02 5.2529998779e+02 5.2520001221e+02 5.2520001221e+02 5.2500000000e+02 5.2500000000e+02 5.2500000000e+02 5.2500000000e+02 5.2509997559e+02 5.2509997559e+02 5.2520001221e+02 5.2540002441e+02 5.2559997559e+02 5.2579998779e+02 5.2590002441e+02 5.2590002441e+02 5.2590002441e+02 5.2590002441e+02 5.2579998779e+02 5.2570001221e+02 5.2570001221e+02 5.2559997559e+02 5.2559997559e+02 5.2550000000e+02 5.2550000000e+02 5.2550000000e+02
5.2790002441e+02 5.2709997559e+02 5.2650000000e+02 5.2590002441e+02 5.2559997559e+02 5.2550000000e+02 5.2550000000e+02 5.2559997559e+02 5.2559997559e+02 5.2550000000e+02 5.2550000000e+02 5.2550000000e+02 5.2550000000e+02 5.2550000000e+02 5.2540002441e+02 5.2540002441e+02 5.2540002441e+02 5.2540002441e+02 5.2540002441e+02 5.2540002441e+02 5.2540002441e+02 5.2540002441e+02 5.2529998779e+02 5.2529998779e+02 5.2520001221e+02 5.2509997559e+02 5.2500000000e+02 5.2500000000e+02 5.2500000000e+02 5.2509997559e+02 5.2509997559e+02 5.2520001221e+02 5.2529998779e+02 5.2550000000e+02 5.2570001221e+02 5.2579998779e+02 5.2590002441e+02 5.2590002441e+02 5.2579998779e+02 5.2579998779e+02 5.2570001221e+02 5.2570001221e+02 5.2559997559e+02 5.2559997559e+02 5.2559997559e+02 5.2550000000e+02
5.2890002441e+02 5.2820001221e+02 5.2750000000e+02 5.2679998779e+02 5.2620001221e+02 5.2570001221e+02 5.2550000000e+02 5.2550000000e+02 5.2559997559e+02 5.2559997559e+02 5.2559997559e+02 5.2550000000e+02 5.2550000000e+02 5.2550000000e+02 5.2550000000e+02 5.2550000000e+02 5.2540002441e+02 5.2540002441e+02 5.2540002441e+02 5.2540002441e+02 5.2540002441e+02 5.2540002441e+02 5.2540002441e+02 5.2529998779e+02 5.2529998779e+02 5.2520001221e+02 5.2520001221e+02 5.2509997559e+02 5.2500000000e+02 5.2500000000e+02 5.2500000000e+02 5.2509997559e+02 5.2520001221e+02 5.2529998779e+02 5.2540002441e+02 5.2559997559e+02 5.2570001221e+02 5.2579998779e+02 5.2579998779e+02 5.2579998779e+02 5.2570001221e+02 5.2570001221e+02 5.2570001221e+02 5.2559997559e+02 5.2559997559e+02 5.2550000000e+02
5.2950000000e+02 5.2909997559e+02 5.2859997559e+02 5.2790002441e+02 5.2720001221e+02 5.2650000000e+02 5.2600000000e+02 5.2570001221e+02 5.2559997559e+02 5.2559997559e+02 5.2559997559e+02 5.2559997559e+02 5.2559997559e+02 5.2550000000e+02 5.2550000000e+02 5.2550000000e+02 5.2550000000e+02 5.2550000000e+02 5.2540002441e+02 5.2540002441e+02 5.2540002441e+02 5.2540002441e+02 5.2540002441e+02 5.2540002441e+02 5.2540002441e+02 5.2529998779e+02 5.2529998779e+02 5.2520001221e+02 5.2520001221e+02 5.2500000000e+02 5.2500000000e+02 5.2500000000e+02 5.2500000000e+02 5.2509997559e+02 5.2520001221e+02 5.2520001221e+02 5.2540002441e+02 5.2559997559e+02 5.2570001221e+02 5.2579998779e+02 5.2579998779e+02 5.2570001221e+02 5.2570001221e+02 5.2570001221e+02 5.2559997559e+02 5.2559997559e+02
5.2959997559e+02 5.2959997559e+02 5.2940002441e+02 5.2900000000e+02 5.2840002441e+02 5.2770001221e+02 5.2709997559e+02 5.2659997559e+02 5.2620001221e+02 5.2570001221e+02 5.2550000000e+02 5.2559997559e+02 5.2559997559e+02 5.2559997559e+02 5.2559997559e+02 5.2550000000e+02 5.2550000000e+02 5.2550000000e+02 5.2550000000e+02 5.2550000000e+02 5.2540002441e+02 5.2540002441e+02 5.2540002441e+02 5.2540002441e+02 5.2540002441e+02 5.2540002441e+02 5.2529998779e+02 5.2529998779e+02 5.2529998779e+02 5.2520001221e+02 5.2509997559e+02 5.2500000000e+02 5.2490002441e+02 5.2490002441e+02 5.2490002441e+02 5.2500000000e+02 5.2509997559e+02 5.2529998779e+02 5.2550000000e+02 5.2559997559e+02 5.2570001221e+02 5.2579998779e+02 5.2570001221e+02 5.2570001221e+02 5.2570001221e+02 5.2559997559e+02
5.2970001221e+02 5.2970001221e+02 5.2970001221e+02 5.2959997559e+02 5.2940002441e+02 5.2890002441e+02 5.2840002441e+02 5.2779998779e+02 5.2700000000e+02 5.2620001221e+02 5.2579998779e+02 5.2559997559e+02 5.2559997559e+02 5.2559997559e+02 5.2559997559e+02 5.2559997559e+02 5.2559997559e+02 5.2559997559e+02 5.2550000000e+02 5.2550000000e+02 5.2550000000e+02 5.2550000000e+02 5.2550000000e+02 5.2540002441e+02 5.2540002441e+02 5.2540002441e+02 5.2540002441e+02 5.2540002441e+02 5.2529998779e+02 5.2529998779e+02 5.2520001221e+02 5.2520001221e+02 5.2500000000e+02 5.2490002441e+02 5.2490002441e+02 5.2479998779e+02 5.2500000000e+02 5.2509997559e+02 5.2520001221e+02 5.2540002441e+02 5.2550000000e+02 5.2570001221e+02 5.2570001221e+02 5.2570001221e+02 5.2570001221e+02 5.2570001221e+02
5.2970001221e+02 5.2970001221e+02 5.2970001221e+02 5.2970001221e+02 5.2970001221e+02 5.2959997559e+02 5.2929998779e+02 5.2870001221e+02 5.2800000000e+02 5.2729998779e+02 5.2670001221e+02 5.2620001221e+02 5.2570001221e+02 5.2550000000e+02 5.2559997559e+02 5.2559997559e+02 5.2559997559e+02 5.2559997559e+02 5.2559997559e+02 5.2559997559e+02 5.2559997559e+02 5.2550000000e+02 5.2550000000e+02 5.2550000000e+02 5.2540002441e+02 5.2540002441e+02 5.2540002441e+02 5.2540002441e+02 5.2540002441e+02 5.2540002441e+02 5.2529998779e+02 5.2520001221e+02 5.2520001221e+02 5.2509997559e+02 5.2500000000e+02 5.2490002441e+02 5.2490002441e+02 5.2500000000e+02 5.2500000000e+02 5.2520001221e+02 5.2529998779e+02 5.2550000000e+02 5.2559997559e+02 5.2570001221e+02 5.2570001221e+02 5.2570001221e+02
5.2970001221e+02 5.2970001221e+02 5.2970001221e+02 5.2970001221e+02 5.2970001221e+02 5.2970001221e+02 5.2970001221e+02 5.2940002441e+02 5.2900000000e+02 5.2840002441e+02 5.2790002441e+02 5.2729998779e+02 5.2659997559e+02 5.2600000000e+02 5.2559997559e+02 5.2559997559e+02 5.2559997559e+02 5.2559997559e+02 5.2559997559e+02 5.2559997559e+02 5.2559997559e+02 5.2559997559e+02 5.2550000000e+02 5.2550000000e+02 5.2550000000e+02 5.2550000000e+02 5.2540002441e+02 5.2540002441e+02 5.2540002441e+02 5.2540002441e+02 5.2540002441e+02 5.2540002441e+02 5.2529998779e+02 5.2520001221e+02 5.2520001221e+02 5.2509997559e+02 5.2500000000e+02 5.2500000000e+02 5.2500000000e+02 5.2500000000e+02 5.2509997559e+02 5.2520001221e+02 5.2540002441e+02 5.2550000000e+02 5.2559997559e+02 5.2570001221e+02
5.2970001221e+02 5.2979998779e+02 5.2979998779e+02 5.2979998779e+02 5.2979998779e+02 5.2979998779e+02 5.2979998779e+02 5.2970001221e+02 5.2959997559e+02 5.2940002441e+02 5.2900000000e+02 5.2840002441e+02 5.2779998779e+02 5.2709997559e+02 5.2609997559e+02 5.2559997559e+02 5.2550000000e+02 5.2550000000e+02 5.2559997559e+02 5.2559997559e+02 5.2559997559e+02 5.2559997559e+02 5.2559997559e+02 5.2559997559e+02 5.2550000000e+02 5.2550000000e+02 5.2550000000e+02 5.2550000000e+02 5.2540002441e+02 5.2540002441e+02 5.2540002441e+02 5.2540002441e+02 5.2540002441e+02 5.2529998779e+02 5.2529998779e+02 5.2529998779e+02 5.2520001221e+02 5.2509997559e+02 5.2500000000e+02 5.2500000000e+02 5.2500000000e+02 5.2500000000e+02 5.2520001221e+02 5.2529998779e+02 5.2550000000e+02 5.2559997559e+02
5.2979998779e+02 5.2979998779e+02 5.2979998779e+02 5.2979998779e+02 5.2979998779e+02 5.2979998779e+02 5.2979998779e+02 5.2979998779e+02 5.2979998779e+02 5.2979998779e+02 5.2959997559e+02 5.2929998779e+02 5.2900000000e+02 5.2840002441e+02 5.2729998779e+02 5.2640002441e+02 5.2600000000e+02 5.2559997559e+02 5.2550000000e+02 5.2559997559e+02 5.2559997559e+02 5.2559997559e+02 5.2559997559e+02 5.2559997559e+02 5.2559997559e+02 5.2550000000e+02 5.2550000000e+02 5.2550000000e+02 5.2550000000e+02 5.2550000000e+02 5.2540002441e+02 5.2540002441e+02 5.2540002441e+02 5.2540002441e+02 5.2540002441e+02 5.2540002441e+02 5.2529998779e+02 5.2520001221e+02 5.2520001221e+02 5.2509997559e+02 5.2500000000e+02 5.2500000000e+02 5.2500000000e+02 5.2509997559e+02 5.2520001221e+02 5.2540002441e+02
5.2979998779e+02 5.2979998779e+02 5.2979998779e+02 5.2979998779e+02 5.2979998779e+02 5.2990002441e+02 5.2979998779e+02 5.2990002441e+02 5.2990002441e+02 5.2990002441e+02 5.2990002441e+02 5.2979998779e+02 5.2970001221e+02 5.2929998779e+02 5.2850000000e+02 5.2770001221e+02 5.2690002441e+02 5.2620001221e+02 5.2570001221e+02 5.2550000000e+02 5.2550000000e+02 5.2559997559e+02 5.2559997559e+02 5.2559997559e+02 5.2559997559e+02 5.2559997559e+02 5.2559997559e+02 5.2559997559e+02 5.2550000000e+02 5.2550000000e+02 5.2550000000e+02 5.2540002441e+02 5.2540002441e+02 5.2540002441e+02 5.2540002441e+02 5.2540002441e+02 5.2540002441e+02 5.2529998779e+02 5.2529998779e+02 5.2520001221e+02 5.2520001221e+02 5.2509997559e+02 5.2500000000e+02 5.2500000000e+02 5.2500000000e+02 5.2509997559e+02
