DGM_1M_UPPER_AUSTRIA/38/6.asc
NCOLS 100
NROWS 100
XLLCORNER 6.3950500000e+04
YLLCORNER 2.9468850000e+05
CELLSIZE 1.0000000000e+00
NODATA_VALUE -9.9990000000e+03
[rows 60 to 79 of 100, columns 0 to 45 of 100]
7.6850000000e+02 7.6870001221e+02 7.6900000000e+02 7.6929998779e+02 7.6950000000e+02 7.6970001221e+02 7.7009997559e+02 7.7040002441e+02 7.7070001221e+02 7.7090002441e+02 7.7100000000e+02 7.7100000000e+02 7.7100000000e+02 7.7120001221e+02 7.7150000000e+02 7.7170001221e+02 7.7200000000e+02 7.7229998779e+02 7.7259997559e+02 7.7290002441e+02 7.7320001221e+02 7.7329998779e+02 7.7340002441e+02 7.7340002441e+02 7.7359997559e+02 7.7379998779e+02 7.7400000000e+02 7.7429998779e+02 7.7459997559e+02 7.7490002441e+02 7.7520001221e+02 7.7559997559e+02 7.7600000000e+02 7.7640002441e+02 7.7670001221e+02 7.7690002441e+02 7.7720001221e+02 7.7750000000e+02 7.7779998779e+02 7.7800000000e+02 7.7820001221e+02 7.7850000000e+02 7.7879998779e+02 7.7900000000e+02 7.7920001221e+02 7.7920001221e+02
7.6809997559e+02 7.6840002441e+02 7.6859997559e+02 7.6890002441e+02 7.6920001221e+02 7.6950000000e+02 7.6979998779e+02 7.7000000000e+02 7.7020001221e+02 7.7040002441e+02 7.7059997559e+02 7.7059997559e+02 7.7070001221e+02 7.7090002441e+02 7.7120001221e+02 7.7150000000e+02 7.7170001221e+02 7.7200000000e+02 7.7220001221e+02 7.7250000000e+02 7.7270001221e+02 7.7290002441e+02 7.7300000000e+02 7.7309997559e+02 7.7329998779e+02 7.7350000000e+02 7.7379998779e+02 7.7409997559e+02 7.7429998779e+02 7.7459997559e+02 7.7490002441e+02 7.7529998779e+02 7.7579998779e+02 7.7620001221e+02 7.7650000000e+02 7.7679998779e+02 7.7720001221e+02 7.7750000000e+02 7.7779998779e+02 7.7809997559e+02 7.7829998779e+02 7.7850000000e+02 7.7879998779e+02 7.7900000000e+02 7.7920001221e+02 7.7929998779e+02
7.6790002441e+02 7.6809997559e+02 7.6840002441e+02 7.6870001221e+02 7.6909997559e+02 7.6929998779e+02 7.6950000000e+02 7.6970001221e+02 7.6990002441e+02 7.7000000000e+02 7.7020001221e+02 7.7029998779e+02 7.7050000000e+02 7.7070001221e+02 7.7100000000e+02 7.7120001221e+02 7.7140002441e+02 7.7159997559e+02 7.7190002441e+02 7.7209997559e+02 7.7240002441e+02 7.7259997559e+02 7.7270001221e+02 7.7290002441e+02 7.7309997559e+02 7.7340002441e+02 7.7359997559e+02 7.7390002441e+02 7.7409997559e+02 7.7429998779e+02 7.7470001221e+02 7.7509997559e+02 7.7550000000e+02 7.7590002441e+02 7.7629998779e+02 7.7659997559e+02 7.7700000000e+02 7.7740002441e+02 7.7770001221e+02 7.7800000000e+02 7.7820001221e+02 7.7850000000e+02 7.7870001221e+02 7.7890002441e+02 7.7900000000e+02 7.7909997559e+02
7.6770001221e+02 7.6800000000e+02 7.6829998779e+02 7.6870001221e+02 7.6900000000e+02 7.6920001221e+02 7.6929998779e+02 7.6940002441e+02 7.6959997559e+02 7.6970001221e+02 7.6990002441e+02 7.7000000000e+02 7.7029998779e+02 7.7050000000e+02 7.7070001221e+02 7.7079998779e+02 7.7100000000e+02 7.7129998779e+02 7.7159997559e+02 7.7179998779e+02 7.7209997559e+02 7.7240002441e+02 7.7259997559e+02 7.7279998779e+02 7.7309997559e+02 7.7329998779e+02 7.7350000000e+02 7.7370001221e+02 7.7390002441e+02 7.7409997559e+02 7.7440002441e+02 7.7490002441e+02 7.7529998779e+02 7.7559997559e+02 7.7600000000e+02 7.7640002441e+02 7.7690002441e+02 7.7729998779e+02 7.7759997559e+02 7.7779998779e+02 7.7809997559e+02 7.7829998779e+02 7.7850000000e+02 7.7859997559e+02 7.7879998779e+02 7.7879998779e+02
7.6750000000e+02 7.6779998779e+02 7.6809997559e+02 7.6840002441e+02 7.6870001221e+02 7.6890002441e+02 7.6909997559e+02 7.6920001221e+02 7.6940002441e+02 7.6959997559e+02 7.6970001221e+02 7.6990002441e+02 7.7009997559e+02 7.7040002441e+02 7.7059997559e+02 7.7059997559e+02 7.7079998779e+02 7.7109997559e+02 7.7140002441e+02 7.7159997559e+02 7.7190002441e+02 7.7220001221e+02 7.7250000000e+02 7.7270001221e+02 7.7300000000e+02 7.7320001221e+02 7.7340002441e+02 7.7359997559e+02 7.7370001221e+02 7.7390002441e+02 7.7429998779e+02 7.7470001221e+02 7.7500000000e+02 7.7529998779e+02 7.7559997559e+02 7.7609997559e+02 7.7659997559e+02 7.7690002441e+02 7.7720001221e+02 7.7750000000e+02 7.7779998779e+02 7.7809997559e+02 7.7820001221e+02 7.7840002441e+02 7.7850000000e+02 7.7859997559e+02
7.6740002441e+02 7.6759997559e+02 7.6779998779e+02 7.6820001221e+02 7.6850000000e+02 7.6870001221e+02 7.6890002441e+02 7.6909997559e+02 7.6929998779e+02 7.6950000000e+02 7.6970001221e+02 7.6990002441e+02 7.7009997559e+02 7.7029998779e+02 7.7050000000e+02 7.7070001221e+02 7.7090002441e+02 7.7109997559e+02 7.7129998779e+02 7.7150000000e+02 7.7170001221e+02 7.7200000000e+02 7.7229998779e+02 7.7270001221e+02 7.7290002441e+02 7.7309997559e+02 7.7329998779e+02 7.7340002441e+02 7.7359997559e+02 7.7379998779e+02 7.7409997559e+02 7.7440002441e+02 7.7479998779e+02 7.7509997559e+02 7.7529998779e+02 7.7570001221e+02 7.7609997559e+02 7.7650000000e+02 7.7679998779e+02 7.7709997559e+02 7.7740002441e+02 7.7770001221e+02 7.7790002441e+02 7.7809997559e+02 7.7820001221e+02 7.7829998779e+02
7.6729998779e+02 7.6740002441e+02 7.6759997559e+02 7.6790002441e+02 7.6829998779e+02 7.6859997559e+02 7.6879998779e+02 7.6890002441e+02 7.6909997559e+02 7.6929998779e+02 7.6950000000e+02 7.6970001221e+02 7.7000000000e+02 7.7020001221e+02 7.7040002441e+02 7.7059997559e+02 7.7090002441e+02 7.7100000000e+02 7.7109997559e+02 7.7129998779e+02 7.7159997559e+02 7.7190002441e+02 7.7220001221e+02 7.7250000000e+02 7.7270001221e+02 7.7290002441e+02 7.7300000000e+02 7.7300000000e+02 7.7320001221e+02 7.7359997559e+02 7.7390002441e+02 7.7429998779e+02 7.7459997559e+02 7.7479998779e+02 7.7509997559e+02 7.7540002441e+02 7.7570001221e+02 7.7609997559e+02 7.7640002441e+02 7.7670001221e+02 7.7700000000e+02 7.7740002441e+02 7.7759997559e+02 7.7779998779e+02 7.7790002441e+02 7.7809997559e+02
7.6709997559e+02 7.6720001221e+02 7.6740002441e+02 7.6759997559e+02 7.6790002441e+02 7.6820001221e+02 7.6850000000e+02 7.6859997559e+02 7.6879998779e+02 7.6900000000e+02 7.6929998779e+02 7.6950000000e+02 7.6970001221e+02 7.6990002441e+02 7.7009997559e+02 7.7029998779e+02 7.7050000000e+02 7.7059997559e+02 7.7079998779e+02 7.7100000000e+02 7.7129998779e+02 7.7159997559e+02 7.7190002441e+02 7.7220001221e+02 7.7250000000e+02 7.7259997559e+02 7.7259997559e+02 7.7250000000e+02 7.7270001221e+02 7.7320001221e+02 7.7370001221e+02 7.7409997559e+02 7.7440002441e+02 7.7459997559e+02 7.7490002441e+02 7.7509997559e+02 7.7540002441e+02 7.7570001221e+02 7.7600000000e+02 7.7629998779e+02 7.7659997559e+02 7.7700000000e+02 7.7729998779e+02 7.7750000000e+02 7.7759997559e+02 7.7779998779e+02
7.6679998779e+02 7.6700000000e+02 7.6729998779e+02 7.6750000000e+02 7.6759997559e+02 7.6779998779e+02 7.6809997559e+02 7.6829998779e+02 7.6850000000e+02 7.6870001221e+02 7.6890002441e+02 7.6920001221e+02 7.6940002441e+02 7.6959997559e+02 7.6970001221e+02 7.6990002441e+02 7.7009997559e+02 7.7020001221e+02 7.7050000000e+02 7.7070001221e+02 7.7090002441e+02 7.7120001221e+02 7.7140002441e+02 7.7179998779e+02 7.7209997559e+02 7.7229998779e+02 7.7229998779e+02 7.7229998779e+02 7.7250000000e+02 7.7300000000e+02 7.7350000000e+02 7.7390002441e+02 7.7420001221e+02 7.7440002441e+02 7.7470001221e+02 7.7500000000e+02 7.7520001221e+02 7.7550000000e+02 7.7570001221e+02 7.7600000000e+02 7.7629998779e+02 7.7659997559e+02 7.7690002441e+02 7.7709997559e+02 7.7729998779e+02 7.7750000000e+02
7.6650000000e+02 7.6679998779e+02 7.6700000000e+02 7.6720001221e+02 7.6729998779e+02 7.6750000000e+02 7.6779998779e+02 7.6800000000e+02 7.6820001221e+02 7.6840002441e+02 7.6850000000e+02 7.6870001221e+02 7.6900000000e+02 7.6920001221e+02 7.6940002441e+02 7.6959997559e+02 7.6970001221e+02 7.6990002441e+02 7.7009997559e+02 7.7029998779e+02 7.7050000000e+02 7.7079998779e+02 7.7100000000e+02 7.7140002441e+02 7.7179998779e+02 7.7209997559e+02 7.7220001221e+02 7.7229998779e+02 7.7250000000e+02 7.7290002441e+02 7.7320001221e+02 7.7359997559e+02 7.7390002441e+02 7.7409997559e+02 7.7440002441e+02 7.7470001221e+02 7.7500000000e+02 7.7520001221e+02 7.7540002441e+02 7.7570001221e+02 7.7590002441e+02 7.7620001221e+02 7.7659997559e+02 7.7679998779e+02 7.7700000000e+02 7.7720001221e+02
7.6620001221e+02 7.6650000000e+02 7.6670001221e+02 7.6690002441e+02 7.6700000000e+02 7.6720001221e+02 7.6750000000e+02 7.6779998779e+02 7.6790002441e+02 7.6800000000e+02 7.6809997559e+02 7.6829998779e+02 7.6870001221e+02 7.6900000000e+02 7.6909997559e+02 7.6929998779e+02 7.6950000000e+02 7.6959997559e+02 7.6979998779e+02 7.7000000000e+02 7.7009997559e+02 7.7040002441e+02 7.7059997559e+02 7.7100000000e+02 7.7150000000e+02 7.7179998779e+02 7.7190002441e+02 7.7209997559e+02 7.7229998779e+02 7.7270001221e+02 7.7300000000e+02 7.7329998779e+02 7.7359997559e+02 7.7379998779e+02 7.7409997559e+02 7.7440002441e+02 7.7459997559e+02 7.7479998779e+02 7.7509997559e+02 7.7540002441e+02 7.7570001221e+02 7.7600000000e+02 7.7629998779e+02 7.7659997559e+02 7.7679998779e+02 7.7700000000e+02
7.6579998779e+02 7.6609997559e+02 7.6629998779e+02 7.6640002441e+02 7.6659997559e+02 7.6679998779e+02 7.6709997559e+02 7.6740002441e+02 7.6759997559e+02 7.6770001221e+02 7.6779998779e+02 7.6809997559e+02 7.6840002441e+02 7.6870001221e+02 7.6879998779e+02 7.6900000000e+02 7.6920001221e+02 7.6929998779e+02 7.6940002441e+02 7.6959997559e+02 7.6990002441e+02 7.7000000000e+02 7.7029998779e+02 7.7059997559e+02 7.7100000000e+02 7.7129998779e+02 7.7159997559e+02 7.7179998779e+02 7.7209997559e+02 7.7240002441e+02 7.7270001221e+02 7.7300000000e+02 7.7329998779e+02 7.7359997559e+02 7.7379998779e+02 7.7409997559e+02 7.7429998779e+02 7.7459997559e+02 7.7490002441e+02 7.7520001221e+02 7.7550000000e+02 7.7579998779e+02 7.7600000000e+02 7.7629998779e+02 7.7650000000e+02 7.7670001221e+02
7.6540002441e+02 7.6559997559e+02 7.6579998779e+02 7.6600000000e+02 7.6620001221e+02 7.6640002441e+02 7.6670001221e+02 7.6700000000e+02 7.6729998779e+02 7.6740002441e+02 7.6759997559e+02 7.6790002441e+02 7.6809997559e+02 7.6829998779e+02 7.6850000000e+02 7.6859997559e+02 7.6879998779e+02 7.6890002441e+02 7.6890002441e+02 7.6920001221e+02 7.6940002441e+02 7.6970001221e+02 7.6990002441e+02 7.7020001221e+02 7.7050000000e+02 7.7090002441e+02 7.7120001221e+02 7.7150000000e+02 7.7179998779e+02 7.7209997559e+02 7.7240002441e+02 7.7270001221e+02 7.7300000000e+02 7.7320001221e+02 7.7350000000e+02 7.7379998779e+02 7.7400000000e+02 7.7429998779e+02 7.7459997559e+02 7.7500000000e+02 7.7520001221e+02 7.7550000000e+02 7.7579998779e+02 7.7600000000e+02 7.7620001221e+02 7.7650000000e+02
7.6500000000e+02 7.6520001221e+02 7.6529998779e+02 7.6550000000e+02 7.6579998779e+02 7.6600000000e+02 7.6629998779e+02 7.6659997559e+02 7.6690002441e+02 7.6709997559e+02 7.6729998779e+02 7.6750000000e+02 7.6770001221e+02 7.6790002441e+02 7.6800000000e+02 7.6820001221e+02 7.6829998779e+02 7.6840002441e+02 7.6850000000e+02 7.6859997559e+02 7.6879998779e+02 7.6920001221e+02 7.6950000000e+02 7.6979998779e+02 7.7020001221e+02 7.7050000000e+02 7.7079998779e+02 7.7109997559e+02 7.7140002441e+02 7.7170001221e+02 7.7200000000e+02 7.7229998779e+02 7.7259997559e+02 7.7290002441e+02 7.7309997559e+02 7.7340002441e+02 7.7370001221e+02 7.7390002441e+02 7.7429998779e+02 7.7459997559e+02 7.7490002441e+02 7.7509997559e+02 7.7540002441e+02 7.7559997559e+02 7.7590002441e+02 7.7620001221e+02
7.6459997559e+02 7.6479998779e+02 7.6500000000e+02 7.6520001221e+02 7.6540002441e+02 7.6570001221e+02 7.6600000000e+02 7.6620001221e+02 7.6650000000e+02 7.6670001221e+02 7.6679998779e+02 7.6700000000e+02 7.6720001221e+02 7.6740002441e+02 7.6750000000e+02 7.6770001221e+02 7.6790002441e+02 7.6800000000e+02 7.6800000000e+02 7.6809997559e+02 7.6840002441e+02 7.6879998779e+02 7.6909997559e+02 7.6950000000e+02 7.6979998779e+02 7.7009997559e+02 7.7040002441e+02 7.7070001221e+02 7.7109997559e+02 7.7140002441e+02 7.7159997559e+02 7.7190002441e+02 7.7220001221e+02 7.7240002441e+02 7.7270001221e+02 7.7300000000e+02 7.7329998779e+02 7.7359997559e+02 7.7390002441e+02 7.7420001221e+02 7.7450000000e+02 7.7470001221e+02 7.7490002441e+02 7.7520001221e+02 7.7550000000e+02 7.7579998779e+02
7.6420001221e+02 7.6440002441e+02 7.6459997559e+02 7.6479998779e+02 7.6500000000e+02 7.6529998779e+02 7.6559997559e+02 7.6579998779e+02 7.6609997559e+02 7.6629998779e+02 7.6650000000e+02 7.6659997559e+02 7.6670001221e+02 7.6690002441e+02 7.6709997559e+02 7.6729998779e+02 7.6740002441e+02 7.6750000000e+02 7.6770001221e+02 7.6790002441e+02 7.6809997559e+02 7.6840002441e+02 7.6870001221e+02 7.6900000000e+02 7.6940002441e+02 7.6970001221e+02 7.6990002441e+02 7.7029998779e+02 7.7059997559e+02 7.7090002441e+02 7.7120001221e+02 7.7150000000e+02 7.7179998779e+02 7.7200000000e+02 7.7229998779e+02 7.7259997559e+02 7.7290002441e+02 7.7320001221e+02 7.7350000000e+02 7.7379998779e+02 7.7409997559e+02 7.7429998779e+02 7.7459997559e+02 7.7490002441e+02 7.7509997559e+02 7.7550000000e+02
7.6379998779e+02 7.6400000000e+02 7.6420001221e+02 7.6440002441e+02 7.6459997559e+02 7.6490002441e+02 7.6509997559e+02 7.6540002441e+02 7.6570001221e+02 7.6600000000e+02 7.6620001221e+02 7.6629998779e+02 7.6640002441e+02 7.6659997559e+02 7.6679998779e+02 7.6690002441e+02 7.6700000000e+02 7.6709997559e+02 7.6729998779e+02 7.6750000000e+02 7.6779998779e+02 7.6800000000e+02 7.6829998779e+02 7.6859997559e+02 7.6900000000e+02 7.6929998779e+02 7.6950000000e+02 7.6990002441e+02 7.7020001221e+02 7.7050000000e+02 7.7079998779e+02 7.7109997559e+02 7.7129998779e+02 7.7159997559e+02 7.7190002441e+02 7.7209997559e+02 7.7250000000e+02 7.7290002441e+02 7.7320001221e+02 7.7350000000e+02 7.7379998779e+02 7.7409997559e+02 7.7429998779e+02 7.7450000000e+02 7.7490002441e+02 7.7520001221e+02
7.6329998779e+02 7.6350000000e+02 7.6379998779e+02 7.6400000000e+02 7.6409997559e+02 7.6440002441e+02 7.6470001221e+02 7.6500000000e+02 7.6529998779e+02 7.6550000000e+02 7.6570001221e+02 7.6590002441e+02 7.6600000000e+02 7.6620001221e+02 7.6629998779e+02 7.6650000000e+02 7.6670001221e+02 7.6679998779e+02 7.6700000000e+02 7.6720001221e+02 7.6740002441e+02 7.6770001221e+02 7.6790002441e+02 7.6820001221e+02 7.6850000000e+02 7.6890002441e+02 7.6920001221e+02 7.6940002441e+02 7.6979998779e+02 7.7009997559e+02 7.7040002441e+02 7.7059997559e+02 7.7090002441e+02 7.7120001221e+02 7.7150000000e+02 7.7170001221e+02 7.7209997559e+02 7.7250000000e+02 7.7270001221e+02 7.7290002441e+02 7.7329998779e+02 7.7370001221e+02 7.7400000000e+02 7.7429998779e+02 7.7450000000e+02 7.7490002441e+02
7.6290002441e+02 7.6309997559e+02 7.6329998779e+02 7.6350000000e+02 7.6370001221e+02 7.6400000000e+02 7.6429998779e+02 7.6459997559e+02 7.6479998779e+02 7.6509997559e+02 7.6529998779e+02 7.6550000000e+02 7.6559997559e+02 7.6570001221e+02 7.6579998779e+02 7.6600000000e+02 7.6620001221e+02 7.6650000000e+02 7.6659997559e+02 7.6679998779e+02 7.6700000000e+02 7.6709997559e+02 7.6729998779e+02 7.6770001221e+02 7.6809997559e+02 7.6850000000e+02 7.6890002441e+02 7.6909997559e+02 7.6940002441e+02 7.6970001221e+02 7.7000000000e+02 7.7020001221e+02 7.7040002441e+02 7.7070001221e+02 7.7100000000e+02 7.7129998779e+02 7.7170001221e+02 7.7200000000e+02 7.7220001221e+02 7.7250000000e+02 7.7290002441e+02 7.7329998779e+02 7.7359997559e+02 7.7390002441e+02 7.7420001221e+02 7.7450000000e+02
7.6250000000e+02 7.6270001221e+02 7.6290002441e+02 7.6300000000e+02 7.6320001221e+02 7.6350000000e+02 7.6379998779e+02 7.6420001221e+02 7.6440002441e+02 7.6470001221e+02 7.6490002441e+02 7.6520001221e+02 7.6529998779e+02 7.6540002441e+02 7.6540002441e+02 7.6550000000e+02 7.6579998779e+02 7.6620001221e+02 7.6640002441e+02 7.6650000000e+02 7.6659997559e+02 7.6670001221e+02 7.6700000000e+02 7.6740002441e+02 7.6779998779e+02 7.6820001221e+02 7.6850000000e+02 7.6879998779e+02 7.6909997559e+02 7.6940002441e+02 7.6959997559e+02 7.6979998779e+02 7.7000000000e+02 7.7029998779e+02 7.7059997559e+02 7.7090002441e+02 7.7120001221e+02 7.7150000000e+02 7.7179998779e+02 7.7209997559e+02 7.7250000000e+02 7.7290002441e+02 7.7320001221e+02 7.7350000000e+02 7.7370001221e+02 7.7400000000e+02
